(1,45)(2,47)(3,43)(4,48)(5,44)(6,46)(7,9)(8,11)(10,12)(13,27)(14,29)(15,25)(16,30)(17,26)(18,28)(19,51)(20,53)(21,49)(22,54)(23,50)(24,52)(31,33)(32,35)(34,36)(37,39)(38,41)(40,42)
(1,2)(3,5)(4,6)(7,8)(9,11)(10,12)(13,14)(15,17)(16,18)(19,38)(20,37)(21,41)(22,42)(23,39)(24,40)(25,44)(26,43)(27,47)(28,48)(29,45)(30,46)(31,50)(32,49)(33,53)(34,54)(35,51)(36,52)
(1,2)(3,5)(4,6)(7,14)(8,13)(9,17)(10,18)(11,15)(12,16)(19,20)(21,23)(22,24)(25,32)(26,31)(27,35)(28,36)(29,33)(30,34)(37,38)(39,41)(40,42)(43,50)(44,49)(45,53)(46,54)(47,51)(48,52)
(1,10)(2,9)(3,8)(4,7)(5,12)(6,11)(13,16)(14,15)(17,18)(19,34)(20,33)(21,32)(22,31)(23,36)(24,35)(25,28)(26,27)(29,30)(37,40)(38,39)(41,42)(43,52)(44,51)(45,50)(46,49)(47,54)(48,53)
(1,4)(2,3)(5,6)(7,10)(8,9)(11,12)(13,16)(14,15)(17,18)(19,52)(20,51)(21,50)(22,49)(23,54)(24,53)(25,40)(26,39)(27,38)(28,37)(29,42)(30,41)(31,46)(32,45)(33,44)(34,43)(35,48)(36,47)
(1,5)(2,4)(3,6)(7,53)(8,52)(9,54)(10,50)(11,49)(12,51)(13,29)(14,28)(15,30)(16,26)(17,25)(18,27)(19,23)(20,22)(21,24)(31,47)(32,46)(33,48)(34,44)(35,43)(36,45)(37,41)(38,40)(39,42)
(1,4)(2,3)(5,6)(7,16)(8,15)(9,14)(10,13)(11,18)(12,17)(19,28)(20,27)(21,26)(22,25)(23,30)(24,29)(31,34)(32,33)(35,36)(37,52)(38,51)(39,50)(40,49)(41,54)(42,53)(43,46)(44,45)(47,48)
(1,17)(2,18)(3,16)(4,15)(5,13)(6,14)(7,11)(8,12)(9,10)(19,29)(20,30)(21,28)(22,27)(23,25)(24,26)(31,35)(32,36)(33,34)(37,41)(38,42)(39,40)(43,53)(44,54)(45,52)(46,51)(47,49)(48,50)
(1,34)(2,33)(3,32)(4,31)(5,36)(6,35)(7,22)(8,21)(9,20)(10,19)(11,24)(12,23)(13,28)(14,27)(15,26)(16,25)(17,30)(18,29)(37,40)(38,39)(41,42)(43,46)(44,45)(47,48)(49,52)(50,51)(53,54)
(1,46)(2,45)(3,44)(4,43)(5,48)(6,47)(7,52)(8,51)(9,50)(10,49)(11,54)(12,53)(13,40)(14,39)(15,38)(16,37)(17,42)(18,41)(19,22)(20,21)(23,24)(25,28)(26,27)(29,30)(31,34)(32,33)(35,36)
(1,14)(2,13)(3,17)(4,18)(5,15)(6,16)(7,8)(9,11)(10,12)(19,32)(20,31)(21,35)(22,36)(23,33)(24,34)(25,26)(27,29)(28,30)(37,50)(38,49)(39,53)(40,54)(41,51)(42,52)(43,44)(45,47)(46,48)
(1,5)(2,4)(3,6)(7,29)(8,28)(9,30)(10,26)(11,25)(12,27)(13,53)(14,52)(15,54)(16,50)(17,49)(18,51)(19,41)(20,40)(21,42)(22,38)(23,37)(24,39)(31,35)(32,34)(33,36)(43,47)(44,46)(45,48)
(1,38)(2,37)(3,41)(4,42)(5,39)(6,40)(7,44)(8,43)(9,47)(10,48)(11,45)(12,46)(13,50)(14,49)(15,53)(16,54)(17,51)(18,52)(19,20)(21,23)(22,24)(25,26)(27,29)(28,30)(31,32)(33,35)(34,36)
(1,20)(2,19)(3,23)(4,24)(5,21)(6,22)(7,26)(8,25)(9,29)(10,30)(11,27)(12,28)(13,32)(14,31)(15,35)(16,36)(17,33)(18,34)(37,38)(39,41)(40,42)(43,44)(45,47)(46,48)(49,50)(51,53)(52,54)
(1,47)(2,46)(3,48)(4,44)(5,43)(6,45)(7,23)(8,22)(9,24)(10,20)(11,19)(12,21)(13,17)(14,16)(15,18)(25,41)(26,40)(27,42)(28,38)(29,37)(30,39)(31,35)(32,34)(33,36)(49,53)(50,52)(51,54)
(1,5)(2,6)(3,4)(7,11)(8,12)(9,10)(13,17)(14,18)(15,16)(19,47)(20,48)(21,46)(22,45)(23,43)(24,44)(25,53)(26,54)(27,52)(28,51)(29,49)(30,50)(31,41)(32,42)(33,40)(34,39)(35,37)(36,38)
(1,3)(2,5)(4,6)(7,39)(8,41)(9,37)(10,42)(11,38)(12,40)(13,21)(14,23)(15,19)(16,24)(17,20)(18,22)(25,51)(26,53)(27,49)(28,54)(29,50)(30,52)(31,33)(32,35)(34,36)(43,45)(44,47)(46,48)
(1,8)(2,7)(3,11)(4,12)(5,9)(6,10)(13,14)(15,17)(16,18)(19,26)(20,25)(21,29)(22,30)(23,27)(24,28)(31,32)(33,35)(34,36)(37,44)(38,43)(39,47)(40,48)(41,45)(42,46)(49,50)(51,53)(52,54)
(1,35)(2,34)(3,36)(4,32)(5,31)(6,33)(7,11)(8,10)(9,12)(13,41)(14,40)(15,42)(16,38)(17,37)(18,39)(19,53)(20,52)(21,54)(22,50)(23,49)(24,51)(25,29)(26,28)(27,30)(43,47)(44,46)(45,48)
(1,29)(2,30)(3,28)(4,27)(5,25)(6,26)(7,35)(8,36)(9,34)(10,33)(11,31)(12,32)(13,23)(14,24)(15,22)(16,21)(17,19)(18,20)(37,41)(38,42)(39,40)(43,47)(44,48)(45,46)(49,53)(50,54)(51,52)
(1,51)(2,53)(3,49)(4,54)(5,50)(6,52)(7,33)(8,35)(9,31)(10,36)(11,32)(12,34)(13,15)(14,17)(16,18)(19,45)(20,47)(21,43)(22,48)(23,44)(24,46)(25,27)(26,29)(28,30)(37,39)(38,41)(40,42)
(1,6)(2,3)(4,5)(7,36)(8,33)(9,32)(10,35)(11,34)(12,31)(13,48)(14,45)(15,44)(16,47)(17,46)(18,43)(19,24)(20,21)(22,23)(25,54)(26,51)(27,50)(28,53)(29,52)(30,49)(37,42)(38,39)(40,41)
(1,54)(2,51)(3,50)(4,53)(5,52)(6,49)(7,12)(8,9)(10,11)(13,24)(14,21)(15,20)(16,23)(17,22)(18,19)(25,30)(26,27)(28,29)(31,42)(32,39)(33,38)(34,41)(35,40)(36,37)(43,48)(44,45)(46,47)
(1,30)(2,27)(3,26)(4,29)(5,28)(6,25)(7,42)(8,39)(9,38)(10,41)(11,40)(12,37)(13,18)(14,15)(16,17)(19,48)(20,45)(21,44)(22,47)(23,46)(24,43)(31,36)(32,33)(34,35)(49,54)(50,51)(52,53)
(1,11)(2,12)(3,10)(4,9)(5,7)(6,8)(13,17)(14,18)(15,16)(19,23)(20,24)(21,22)(25,35)(26,36)(27,34)(28,33)(29,31)(30,32)(37,53)(38,54)(39,52)(40,51)(41,49)(42,50)(43,47)(44,48)(45,46)
(1,33)(2,35)(3,31)(4,36)(5,32)(6,34)(7,51)(8,53)(9,49)(10,54)(11,50)(12,52)(13,15)(14,17)(16,18)(19,21)(20,23)(22,24)(25,39)(26,41)(27,37)(28,42)(29,38)(30,40)(43,45)(44,47)(46,48)
(1,24)(2,21)(3,20)(4,23)(5,22)(6,19)(7,12)(8,9)(10,11)(13,54)(14,51)(15,50)(16,53)(17,52)(18,49)(25,48)(26,45)(27,44)(28,47)(29,46)(30,43)(31,36)(32,33)(34,35)(37,42)(38,39)(40,41)
(1,27)(2,29)(3,25)(4,30)(5,26)(6,28)(7,9)(8,11)(10,12)(13,45)(14,47)(15,43)(16,48)(17,44)(18,46)(19,21)(20,23)(22,24)(31,39)(32,41)(33,37)(34,42)(35,38)(36,40)(49,51)(50,53)(52,54)
(1,53)(2,54)(3,52)(4,51)(5,49)(6,50)(7,41)(8,42)(9,40)(10,39)(11,37)(12,38)(13,47)(14,48)(15,46)(16,45)(17,43)(18,44)(19,23)(20,24)(21,22)(25,29)(26,30)(27,28)(31,35)(32,36)(33,34)
(1,6)(2,3)(4,5)(7,48)(8,45)(9,44)(10,47)(11,46)(12,43)(13,36)(14,33)(15,32)(16,35)(17,34)(18,31)(19,42)(20,39)(21,38)(22,41)(23,40)(24,37)(25,30)(26,27)(28,29)(49,54)(50,51)(52,53)
(1,41)(2,40)(3,42)(4,38)(5,37)(6,39)(7,11)(8,10)(9,12)(13,35)(14,34)(15,36)(16,32)(17,31)(18,33)(19,23)(20,22)(21,24)(25,47)(26,46)(27,48)(28,44)(29,43)(30,45)(49,53)(50,52)(51,54)
(1,16)(2,15)(3,14)(4,13)(5,18)(6,17)(7,10)(8,9)(11,12)(19,22)(20,21)(23,24)(25,34)(26,33)(27,32)(28,31)(29,36)(30,35)(37,46)(38,45)(39,44)(40,43)(41,48)(42,47)(49,52)(50,51)(53,54)
(1,23)(2,22)(3,24)(4,20)(5,19)(6,21)(7,47)(8,46)(9,48)(10,44)(11,43)(12,45)(13,17)(14,16)(15,18)(25,29)(26,28)(27,30)(31,53)(32,52)(33,54)(34,50)(35,49)(36,51)(37,41)(38,40)(39,42)
(1,3)(2,5)(4,6)(7,21)(8,23)(9,19)(10,24)(11,20)(12,22)(13,39)(14,41)(15,37)(16,42)(17,38)(18,40)(25,27)(26,29)(28,30)(31,45)(32,47)(33,43)(34,48)(35,44)(36,46)(49,51)(50,53)(52,54)
(1,42)(2,39)(3,38)(4,41)(5,40)(6,37)(7,30)(8,27)(9,26)(10,29)(11,28)(12,25)(13,18)(14,15)(16,17)(19,24)(20,21)(22,23)(31,54)(32,51)(33,50)(34,53)(35,52)(36,49)(43,48)(44,45)(46,47)
(1,5)(2,6)(3,4)(7,17)(8,18)(9,16)(10,15)(11,13)(12,14)(19,35)(20,36)(21,34)(22,33)(23,31)(24,32)(25,29)(26,30)(27,28)(37,47)(38,48)(39,46)(40,45)(41,43)(42,44)(49,53)(50,54)(51,52)
(1,7)(2,8)(3,9)(4,10)(5,11)(6,12)(19,43)(20,44)(21,45)(22,46)(23,47)(24,48)(25,37)(26,38)(27,39)(28,40)(29,41)(30,42)(31,49)(32,50)(33,51)(34,52)(35,53)(36,54)
(1,13)(2,14)(3,15)(4,16)(5,17)(6,18)(19,49)(20,50)(21,51)(22,52)(23,53)(24,54)(25,43)(26,44)(27,45)(28,46)(29,47)(30,48)(31,37)(32,38)(33,39)(34,40)(35,41)(36,42)
(1,31)(2,32)(3,33)(4,34)(5,35)(6,36)(7,25)(8,26)(9,27)(10,28)(11,29)(12,30)(13,19)(14,20)(15,21)(16,22)(17,23)(18,24)(37,49)(38,50)(39,51)(40,52)(41,53)(42,54)
(1,25)(2,26)(3,27)(4,28)(5,29)(6,30)(7,19)(8,20)(9,21)(10,22)(11,23)(12,24)(13,31)(14,32)(15,33)(16,34)(17,35)(18,36)(37,43)(38,44)(39,45)(40,46)(41,47)(42,48)
(7,13)(8,14)(9,15)(10,16)(11,17)(12,18)(19,37)(20,38)(21,39)(22,40)(23,41)(24,42)(25,49)(26,50)(27,51)(28,52)(29,53)(30,54)(31,43)(32,44)(33,45)(34,46)(35,47)(36,48)
(1,43)(2,44)(3,45)(4,46)(5,47)(6,48)(7,37)(8,38)(9,39)(10,40)(11,41)(12,42)(13,49)(14,50)(15,51)(16,52)(17,53)(18,54)(19,25)(20,26)(21,27)(22,28)(23,29)(24,30)
(1,19)(2,20)(3,21)(4,22)(5,23)(6,24)(7,31)(8,32)(9,33)(10,34)(11,35)(12,36)(13,25)(14,26)(15,27)(16,28)(17,29)(18,30)(43,49)(44,50)(45,51)(46,52)(47,53)(48,54)
(1,37)(2,38)(3,39)(4,40)(5,41)(6,42)(7,49)(8,50)(9,51)(10,52)(11,53)(12,54)(13,43)(14,44)(15,45)(16,46)(17,47)(18,48)(25,31)(26,32)(27,33)(28,34)(29,35)(30,36)
(1,49)(2,50)(3,51)(4,52)(5,53)(6,54)(7,43)(8,44)(9,45)(10,46)(11,47)(12,48)(13,37)(14,38)(15,39)(16,40)(17,41)(18,42)(19,31)(20,32)(21,33)(22,34)(23,35)(24,36)
(1,9,52)(2,12,53)(3,10,49)(4,7,51)(5,8,54)(6,11,50)(13,21,28)(14,24,29)(15,22,25)(16,19,27)(17,20,30)(18,23,26)(31,39,46)(32,42,47)(33,40,43)(34,37,45)(35,38,48)(36,41,44)
(1,25,49)(2,26,50)(3,27,51)(4,28,52)(5,29,53)(6,30,54)(7,31,37)(8,32,38)(9,33,39)(10,34,40)(11,35,41)(12,36,42)(13,19,43)(14,20,44)(15,21,45)(16,22,46)(17,23,47)(18,24,48)
(1,49,25)(2,50,26)(3,51,27)(4,52,28)(5,53,29)(6,54,30)(7,37,31)(8,38,32)(9,39,33)(10,40,34)(11,41,35)(12,42,36)(13,43,19)(14,44,20)(15,45,21)(16,46,22)(17,47,23)(18,48,24)
(1,40,44)(2,37,46)(3,41,48)(4,38,43)(5,42,45)(6,39,47)(7,16,26)(8,13,28)(9,17,30)(10,14,25)(11,18,27)(12,15,29)(19,52,32)(20,49,34)(21,53,36)(22,50,31)(23,54,33)(24,51,35)
(1,44,40)(2,46,37)(3,48,41)(4,43,38)(5,45,42)(6,47,39)(7,26,16)(8,28,13)(9,30,17)(10,25,14)(11,27,18)(12,29,15)(19,32,52)(20,34,49)(21,36,53)(22,31,50)(23,33,54)(24,35,51)
(1,7,13)(2,8,14)(3,9,15)(4,10,16)(5,11,17)(6,12,18)(19,25,31)(20,26,32)(21,27,33)(22,28,34)(23,29,35)(24,30,36)(37,43,49)(38,44,50)(39,45,51)(40,46,52)(41,47,53)(42,48,54)
(1,13,7)(2,14,8)(3,15,9)(4,16,10)(5,17,11)(6,18,12)(19,31,25)(20,32,26)(21,33,27)(22,34,28)(23,35,29)(24,36,30)(37,49,43)(38,50,44)(39,51,45)(40,52,46)(41,53,47)(42,54,48)
(1,48,21)(2,47,22)(3,43,24)(4,44,23)(5,46,20)(6,45,19)(7,54,27)(8,53,28)(9,49,30)(10,50,29)(11,52,26)(12,51,25)(13,42,33)(14,41,34)(15,37,36)(16,38,35)(17,40,32)(18,39,31)
(1,21,48)(2,22,47)(3,24,43)(4,23,44)(5,20,46)(6,19,45)(7,27,54)(8,28,53)(9,30,49)(10,29,50)(11,26,52)(12,25,51)(13,33,42)(14,34,41)(15,36,37)(16,35,38)(17,32,40)(18,31,39)
(1,18,9)(2,17,10)(3,13,12)(4,14,11)(5,16,8)(6,15,7)(19,30,33)(20,29,34)(21,25,36)(22,26,35)(23,28,32)(24,27,31)(37,42,39)(38,41,40)(43,48,45)(44,47,46)(49,54,51)(50,53,52)
(1,22,39)(2,23,42)(3,19,40)(4,21,37)(5,24,38)(6,20,41)(7,46,27)(8,47,30)(9,43,28)(10,45,25)(11,48,26)(12,44,29)(13,16,15)(14,17,18)(31,34,33)(32,35,36)(49,52,51)(50,53,54)
(1,10,33)(2,11,36)(3,7,34)(4,9,31)(5,12,32)(6,8,35)(13,40,45)(14,41,48)(15,37,46)(16,39,43)(17,42,44)(18,38,47)(19,28,51)(20,29,54)(21,25,52)(22,27,49)(23,30,50)(24,26,53)
(1,33,10)(2,36,11)(3,34,7)(4,31,9)(5,32,12)(6,35,8)(13,45,40)(14,48,41)(15,46,37)(16,43,39)(17,44,42)(18,47,38)(19,51,28)(20,54,29)(21,52,25)(22,49,27)(23,50,30)(24,53,26)
(1,54,33)(2,53,34)(3,49,36)(4,50,35)(5,52,32)(6,51,31)(7,42,21)(8,41,22)(9,37,24)(10,38,23)(11,40,20)(12,39,19)(13,48,27)(14,47,28)(15,43,30)(16,44,29)(17,46,26)(18,45,25)
(1,33,54)(2,34,53)(3,36,49)(4,35,50)(5,32,52)(6,31,51)(7,21,42)(8,22,41)(9,24,37)(10,23,38)(11,20,40)(12,19,39)(13,27,48)(14,28,47)(15,30,43)(16,29,44)(17,26,46)(18,25,45)
(1,28,50)(2,25,52)(3,29,54)(4,26,49)(5,30,51)(6,27,53)(7,40,32)(8,37,34)(9,41,36)(10,38,31)(11,42,33)(12,39,35)(13,16,14)(15,17,18)(19,22,20)(21,23,24)(43,46,44)(45,47,48)
(1,50,28)(2,52,25)(3,54,29)(4,49,26)(5,51,30)(6,53,27)(7,32,40)(8,34,37)(9,36,41)(10,31,38)(11,33,42)(12,35,39)(13,14,16)(15,18,17)(19,20,22)(21,24,23)(43,44,46)(45,48,47)
(1,16,45)(2,17,48)(3,13,46)(4,15,43)(5,18,44)(6,14,47)(7,22,33)(8,23,36)(9,19,34)(10,21,31)(11,24,32)(12,20,35)(25,40,51)(26,41,54)(27,37,52)(28,39,49)(29,42,50)(30,38,53)
(1,45,16)(2,48,17)(3,46,13)(4,43,15)(5,44,18)(6,47,14)(7,33,22)(8,36,23)(9,34,19)(10,31,21)(11,32,24)(12,35,20)(25,51,40)(26,54,41)(27,52,37)(28,49,39)(29,50,42)(30,53,38)
(1,39,22)(2,42,23)(3,40,19)(4,37,21)(5,38,24)(6,41,20)(7,27,46)(8,30,47)(9,28,43)(10,25,45)(11,26,48)(12,29,44)(13,15,16)(14,18,17)(31,33,34)(32,36,35)(49,51,52)(50,54,53)
(1,52,9)(2,53,12)(3,49,10)(4,51,7)(5,54,8)(6,50,11)(13,28,21)(14,29,24)(15,25,22)(16,27,19)(17,30,20)(18,26,23)(31,46,39)(32,47,42)(33,43,40)(34,45,37)(35,48,38)(36,44,41)
(1,12,15)(2,11,16)(3,7,18)(4,8,17)(5,10,14)(6,9,13)(19,24,21)(20,23,22)(25,30,27)(26,29,28)(31,36,33)(32,35,34)(37,54,45)(38,53,46)(39,49,48)(40,50,47)(41,52,44)(42,51,43)
(1,15,12)(2,16,11)(3,18,7)(4,17,8)(5,14,10)(6,13,9)(19,21,24)(20,22,23)(25,27,30)(26,28,29)(31,33,36)(32,34,35)(37,45,54)(38,46,53)(39,48,49)(40,47,50)(41,44,52)(42,43,51)
(1,51,24)(2,52,23)(3,54,19)(4,53,20)(5,50,22)(6,49,21)(7,39,30)(8,40,29)(9,42,25)(10,41,26)(11,38,28)(12,37,27)(13,45,36)(14,46,35)(15,48,31)(16,47,32)(17,44,34)(18,43,33)
(1,2,4)(3,6,5)(7,38,34)(8,40,31)(9,42,35)(10,37,32)(11,39,36)(12,41,33)(13,20,46)(14,22,43)(15,24,47)(16,19,44)(17,21,48)(18,23,45)(25,26,28)(27,30,29)(49,50,52)(51,54,53)
(1,4,2)(3,5,6)(7,34,38)(8,31,40)(9,35,42)(10,32,37)(11,36,39)(12,33,41)(13,46,20)(14,43,22)(15,47,24)(16,44,19)(17,48,21)(18,45,23)(25,28,26)(27,29,30)(49,52,50)(51,53,54)
(1,10,20)(2,7,22)(3,11,24)(4,8,19)(5,12,21)(6,9,23)(13,52,38)(14,49,40)(15,53,42)(16,50,37)(17,54,39)(18,51,41)(25,34,44)(26,31,46)(27,35,48)(28,32,43)(29,36,45)(30,33,47)
(1,20,10)(2,22,7)(3,24,11)(4,19,8)(5,21,12)(6,23,9)(13,38,52)(14,40,49)(15,42,53)(16,37,50)(17,39,54)(18,41,51)(25,44,34)(26,46,31)(27,48,35)(28,43,32)(29,45,36)(30,47,33)
(1,24,51)(2,23,52)(3,19,54)(4,20,53)(5,22,50)(6,21,49)(7,30,39)(8,29,40)(9,25,42)(10,26,41)(11,28,38)(12,27,37)(13,36,45)(14,35,46)(15,31,48)(16,32,47)(17,34,44)(18,33,43)
(1,40,21)(2,41,24)(3,37,22)(4,39,19)(5,42,20)(6,38,23)(7,10,9)(8,11,12)(13,34,51)(14,35,54)(15,31,52)(16,33,49)(17,36,50)(18,32,53)(25,28,27)(26,29,30)(43,46,45)(44,47,48)
(1,21,40)(2,24,41)(3,22,37)(4,19,39)(5,20,42)(6,23,38)(7,9,10)(8,12,11)(13,51,34)(14,54,35)(15,52,31)(16,49,33)(17,50,36)(18,53,32)(25,27,28)(26,30,29)(43,45,46)(44,48,47)
(1,51,46)(2,54,47)(3,52,43)(4,49,45)(5,50,48)(6,53,44)(7,21,16)(8,24,17)(9,22,13)(10,19,15)(11,20,18)(12,23,14)(25,39,34)(26,42,35)(27,40,31)(28,37,33)(29,38,36)(30,41,32)
(1,46,51)(2,47,54)(3,43,52)(4,45,49)(5,48,50)(6,44,53)(7,16,21)(8,17,24)(9,13,22)(10,15,19)(11,18,20)(12,14,23)(25,34,39)(26,35,42)(27,31,40)(28,33,37)(29,36,38)(30,32,41)
(1,14,24)(2,18,19)(3,16,23)(4,17,21)(5,15,22)(6,13,20)(7,44,42)(8,48,37)(9,46,41)(10,47,39)(11,45,40)(12,43,38)(25,50,36)(26,54,31)(27,52,35)(28,53,33)(29,51,34)(30,49,32)
(1,24,14)(2,19,18)(3,23,16)(4,21,17)(5,22,15)(6,20,13)(7,42,44)(8,37,48)(9,41,46)(10,39,47)(11,40,45)(12,38,43)(25,36,50)(26,31,54)(27,35,52)(28,33,53)(29,34,51)(30,32,49)
(1,30,45)(2,29,46)(3,25,48)(4,26,47)(5,28,44)(6,27,43)(7,36,51)(8,35,52)(9,31,54)(10,32,53)(11,34,50)(12,33,49)(13,24,39)(14,23,40)(15,19,42)(16,20,41)(17,22,38)(18,21,37)
(1,50,18)(2,54,13)(3,52,17)(4,53,15)(5,51,16)(6,49,14)(7,26,36)(8,30,31)(9,28,35)(10,29,33)(11,27,34)(12,25,32)(19,38,48)(20,42,43)(21,40,47)(22,41,45)(23,39,46)(24,37,44)
(1,18,50)(2,13,54)(3,17,52)(4,15,53)(5,16,51)(6,14,49)(7,36,26)(8,31,30)(9,35,28)(10,33,29)(11,34,27)(12,32,25)(19,48,38)(20,43,42)(21,47,40)(22,45,41)(23,46,39)(24,44,37)
(1,9,18)(2,10,17)(3,12,13)(4,11,14)(5,8,16)(6,7,15)(19,33,30)(20,34,29)(21,36,25)(22,35,26)(23,32,28)(24,31,27)(37,39,42)(38,40,41)(43,45,48)(44,46,47)(49,51,54)(50,52,53)
(1,38,54)(2,42,49)(3,40,53)(4,41,51)(5,39,52)(6,37,50)(7,32,18)(8,36,13)(9,34,17)(10,35,15)(11,33,16)(12,31,14)(19,44,30)(20,48,25)(21,46,29)(22,47,27)(23,45,28)(24,43,26)
(1,6,3)(2,5,4)(7,12,9)(8,11,10)(13,18,15)(14,17,16)(19,36,27)(20,35,28)(21,31,30)(22,32,29)(23,34,26)(24,33,25)(37,48,51)(38,47,52)(39,43,54)(40,44,53)(41,46,50)(42,45,49)
(1,54,38)(2,49,42)(3,53,40)(4,51,41)(5,52,39)(6,50,37)(7,18,32)(8,13,36)(9,17,34)(10,15,35)(11,16,33)(12,14,31)(19,30,44)(20,25,48)(21,29,46)(22,27,47)(23,28,45)(24,26,43)
(1,2,6)(3,4,5)(7,50,24)(8,54,19)(9,52,23)(10,53,21)(11,51,22)(12,49,20)(13,26,42)(14,30,37)(15,28,41)(16,29,39)(17,27,40)(18,25,38)(31,32,36)(33,34,35)(43,44,48)(45,46,47)
(1,20,30)(2,24,25)(3,22,29)(4,23,27)(5,21,28)(6,19,26)(7,14,48)(8,18,43)(9,16,47)(10,17,45)(11,15,46)(12,13,44)(31,50,42)(32,54,37)(33,52,41)(34,53,39)(35,51,40)(36,49,38)
(1,6,2)(3,5,4)(7,24,50)(8,19,54)(9,23,52)(10,21,53)(11,22,51)(12,20,49)(13,42,26)(14,37,30)(15,41,28)(16,39,29)(17,40,27)(18,38,25)(31,36,32)(33,35,34)(43,48,44)(45,47,46)
(1,30,20)(2,25,24)(3,29,22)(4,27,23)(5,28,21)(6,26,19)(7,48,14)(8,43,18)(9,47,16)(10,45,17)(11,46,15)(12,44,13)(31,42,50)(32,37,54)(33,41,52)(34,39,53)(35,40,51)(36,38,49)
(1,3,4)(2,6,5)(7,45,28)(8,48,29)(9,46,25)(10,43,27)(11,44,30)(12,47,26)(13,33,52)(14,36,53)(15,34,49)(16,31,51)(17,32,54)(18,35,50)(19,21,22)(20,24,23)(37,39,40)(38,42,41)
(1,8,42)(2,12,37)(3,10,41)(4,11,39)(5,9,40)(6,7,38)(13,32,24)(14,36,19)(15,34,23)(16,35,21)(17,33,22)(18,31,20)(25,44,54)(26,48,49)(27,46,53)(28,47,51)(29,45,52)(30,43,50)
(1,4,3)(2,5,6)(7,28,45)(8,29,48)(9,25,46)(10,27,43)(11,30,44)(12,26,47)(13,52,33)(14,53,36)(15,49,34)(16,51,31)(17,54,32)(18,50,35)(19,22,21)(20,23,24)(37,40,39)(38,41,42)
(1,42,8)(2,37,12)(3,41,10)(4,39,11)(5,40,9)(6,38,7)(13,24,32)(14,19,36)(15,23,34)(16,21,35)(17,22,33)(18,20,31)(25,54,44)(26,49,48)(27,53,46)(28,51,47)(29,52,45)(30,50,43)
(1,46,8)(2,43,10)(3,47,12)(4,44,7)(5,48,9)(6,45,11)(13,34,26)(14,31,28)(15,35,30)(16,32,25)(17,36,27)(18,33,29)(19,40,50)(20,37,52)(21,41,54)(22,38,49)(23,42,51)(24,39,53)
(1,8,46)(2,10,43)(3,12,47)(4,7,44)(5,9,48)(6,11,45)(13,26,34)(14,28,31)(15,30,35)(16,25,32)(17,27,36)(18,29,33)(19,50,40)(20,52,37)(21,54,41)(22,49,38)(23,51,42)(24,53,39)
(1,16,38)(2,13,40)(3,17,42)(4,14,37)(5,18,39)(6,15,41)(7,28,20)(8,25,22)(9,29,24)(10,26,19)(11,30,21)(12,27,23)(31,52,44)(32,49,46)(33,53,48)(34,50,43)(35,54,45)(36,51,47)
(1,38,16)(2,40,13)(3,42,17)(4,37,14)(5,39,18)(6,41,15)(7,20,28)(8,22,25)(9,24,29)(10,19,26)(11,21,30)(12,23,27)(31,44,52)(32,46,49)(33,48,53)(34,43,50)(35,45,54)(36,47,51)
(1,22,32)(2,19,34)(3,23,36)(4,20,31)(5,24,33)(6,21,35)(7,52,14)(8,49,16)(9,53,18)(10,50,13)(11,54,15)(12,51,17)(25,46,38)(26,43,40)(27,47,42)(28,44,37)(29,48,39)(30,45,41)
(1,32,22)(2,34,19)(3,36,23)(4,31,20)(5,33,24)(6,35,21)(7,14,52)(8,16,49)(9,18,53)(10,13,50)(11,15,54)(12,17,51)(25,38,46)(26,40,43)(27,42,47)(28,37,44)(29,39,48)(30,41,45)
(1,44,36)(2,48,31)(3,46,35)(4,47,33)(5,45,34)(6,43,32)(7,20,54)(8,24,49)(9,22,53)(10,23,51)(11,21,52)(12,19,50)(13,14,18)(15,16,17)(25,26,30)(27,28,29)(37,38,42)(39,40,41)
(1,52,26)(2,49,28)(3,53,30)(4,50,25)(5,54,27)(6,51,29)(7,10,8)(9,11,12)(13,22,44)(14,19,46)(15,23,48)(16,20,43)(17,24,45)(18,21,47)(31,34,32)(33,35,36)(37,40,38)(39,41,42)
(1,19,37)(2,20,38)(3,21,39)(4,22,40)(5,23,41)(6,24,42)(7,25,43)(8,26,44)(9,27,45)(10,28,46)(11,29,47)(12,30,48)(13,31,49)(14,32,50)(15,33,51)(16,34,52)(17,35,53)(18,36,54)
(1,12,26)(2,7,30)(3,11,28)(4,9,29)(5,10,27)(6,8,25)(13,48,50)(14,43,54)(15,47,52)(16,45,53)(17,46,51)(18,44,49)(19,42,32)(20,37,36)(21,41,34)(22,39,35)(23,40,33)(24,38,31)
(1,27,42)(2,28,41)(3,30,37)(4,29,38)(5,26,40)(6,25,39)(7,33,48)(8,34,47)(9,36,43)(10,35,44)(11,32,46)(12,31,45)(13,21,54)(14,22,53)(15,24,49)(16,23,50)(17,20,52)(18,19,51)
(1,32,48)(2,36,43)(3,34,47)(4,35,45)(5,33,46)(6,31,44)(7,8,12)(9,10,11)(13,38,30)(14,42,25)(15,40,29)(16,41,27)(17,39,28)(18,37,26)(19,20,24)(21,22,23)(49,50,54)(51,52,53)
(1,36,39)(2,35,40)(3,31,42)(4,32,41)(5,34,38)(6,33,37)(7,24,45)(8,23,46)(9,19,48)(10,20,47)(11,22,44)(12,21,43)(13,30,51)(14,29,52)(15,25,54)(16,26,53)(17,28,50)(18,27,49)
(1,39,36)(2,40,35)(3,42,31)(4,41,32)(5,38,34)(6,37,33)(7,45,24)(8,46,23)(9,48,19)(10,47,20)(11,44,22)(12,43,21)(13,51,30)(14,52,29)(15,54,25)(16,53,26)(17,50,28)(18,49,27)
(1,28,15)(2,29,18)(3,25,16)(4,27,13)(5,30,14)(6,26,17)(7,52,39)(8,53,42)(9,49,40)(10,51,37)(11,54,38)(12,50,41)(19,46,33)(20,47,36)(21,43,34)(22,45,31)(23,48,32)(24,44,35)
(1,15,28)(2,18,29)(3,16,25)(4,13,27)(5,14,30)(6,17,26)(7,39,52)(8,42,53)(9,40,49)(10,37,51)(11,38,54)(12,41,50)(19,33,46)(20,36,47)(21,34,43)(22,31,45)(23,32,48)(24,35,44)
(1,45,30)(2,46,29)(3,48,25)(4,47,26)(5,44,28)(6,43,27)(7,51,36)(8,52,35)(9,54,31)(10,53,32)(11,50,34)(12,49,33)(13,39,24)(14,40,23)(15,42,19)(16,41,20)(17,38,22)(18,37,21)
(1,43,31)(2,44,32)(3,45,33)(4,46,34)(5,47,35)(6,48,36)(7,49,19)(8,50,20)(9,51,21)(10,52,22)(11,53,23)(12,54,24)(13,37,25)(14,38,26)(15,39,27)(16,40,28)(17,41,29)(18,42,30)
(1,31,43)(2,32,44)(3,33,45)(4,34,46)(5,35,47)(6,36,48)(7,19,49)(8,20,50)(9,21,51)(10,22,52)(11,23,53)(12,24,54)(13,25,37)(14,26,38)(15,27,39)(16,28,40)(17,29,41)(18,30,42)
(1,34,27)(2,35,30)(3,31,28)(4,33,25)(5,36,26)(6,32,29)(7,40,15)(8,41,18)(9,37,16)(10,39,13)(11,42,14)(12,38,17)(19,52,45)(20,53,48)(21,49,46)(22,51,43)(23,54,44)(24,50,47)
(1,27,34)(2,30,35)(3,28,31)(4,25,33)(5,26,36)(6,29,32)(7,15,40)(8,18,41)(9,16,37)(10,13,39)(11,14,42)(12,17,38)(19,45,52)(20,48,53)(21,46,49)(22,43,51)(23,44,54)(24,47,50)
(1,42,27)(2,41,28)(3,37,30)(4,38,29)(5,40,26)(6,39,25)(7,48,33)(8,47,34)(9,43,36)(10,44,35)(11,46,32)(12,45,31)(13,54,21)(14,53,22)(15,49,24)(16,50,23)(17,52,20)(18,51,19)
(1,14,34)(2,16,31)(3,18,35)(4,13,32)(5,15,36)(6,17,33)(7,50,46)(8,52,43)(9,54,47)(10,49,44)(11,51,48)(12,53,45)(19,38,28)(20,40,25)(21,42,29)(22,37,26)(23,39,30)(24,41,27)
(1,48,32)(2,43,36)(3,47,34)(4,45,35)(5,46,33)(6,44,31)(7,12,8)(9,11,10)(13,30,38)(14,25,42)(15,29,40)(16,27,41)(17,28,39)(18,26,37)(19,24,20)(21,23,22)(49,54,50)(51,53,52)
(1,34,14)(2,31,16)(3,35,18)(4,32,13)(5,36,15)(6,33,17)(7,46,50)(8,43,52)(9,47,54)(10,44,49)(11,48,51)(12,45,53)(19,28,38)(20,25,40)(21,29,42)(22,26,37)(23,30,39)(24,27,41)
(1,26,52)(2,28,49)(3,30,53)(4,25,50)(5,27,54)(6,29,51)(7,8,10)(9,12,11)(13,44,22)(14,46,19)(15,48,23)(16,43,20)(17,45,24)(18,47,21)(31,32,34)(33,36,35)(37,38,40)(39,42,41)
(1,36,44)(2,31,48)(3,35,46)(4,33,47)(5,34,45)(6,32,43)(7,54,20)(8,49,24)(9,53,22)(10,51,23)(11,52,21)(12,50,19)(13,18,14)(15,17,16)(25,30,26)(27,29,28)(37,42,38)(39,41,40)
(1,37,19)(2,38,20)(3,39,21)(4,40,22)(5,41,23)(6,42,24)(7,43,25)(8,44,26)(9,45,27)(10,46,28)(11,47,29)(12,48,30)(13,49,31)(14,50,32)(15,51,33)(16,52,34)(17,53,35)(18,54,36)
(1,26,12)(2,30,7)(3,28,11)(4,29,9)(5,27,10)(6,25,8)(13,50,48)(14,54,43)(15,52,47)(16,53,45)(17,51,46)(18,49,44)(19,32,42)(20,36,37)(21,34,41)(22,35,39)(23,33,40)(24,31,38)
(1,3,6)(2,4,5)(7,9,12)(8,10,11)(13,15,18)(14,16,17)(19,27,36)(20,28,35)(21,30,31)(22,29,32)(23,26,34)(24,25,33)(37,51,48)(38,52,47)(39,54,43)(40,53,44)(41,50,46)(42,49,45)
(1,43,7,19)(2,45,8,21)(3,44,9,20)(4,48,10,24)(5,47,11,23)(6,46,12,22)(14,15)(16,18)(25,49,37,31)(26,51,38,33)(27,50,39,32)(28,54,40,36)(29,53,41,35)(30,52,42,34)
(1,43,25,37)(2,45,26,39)(3,44,27,38)(4,48,28,42)(5,47,29,41)(6,46,30,40)(7,13,19,31)(8,15,20,33)(9,14,21,32)(10,18,22,36)(11,17,23,35)(12,16,24,34)(50,51)(52,54)
(2,3)(4,6)(7,49,13,25)(8,51,14,27)(9,50,15,26)(10,54,16,30)(11,53,17,29)(12,52,18,28)(19,31,37,43)(20,33,38,45)(21,32,39,44)(22,36,40,48)(23,35,41,47)(24,34,42,46)
(2,3)(4,6)(7,25,13,49)(8,27,14,51)(9,26,15,50)(10,30,16,54)(11,29,17,53)(12,28,18,52)(19,43,37,31)(20,45,38,33)(21,44,39,32)(22,48,40,36)(23,47,41,35)(24,46,42,34)
(1,5)(2,3)(7,41,13,23)(8,39,14,21)(9,38,15,20)(10,40,16,22)(11,37,17,19)(12,42,18,24)(25,47,49,35)(26,45,50,33)(27,44,51,32)(28,46,52,34)(29,43,53,31)(30,48,54,36)
(1,31,13,37)(2,33,14,39)(3,32,15,38)(4,36,16,42)(5,35,17,41)(6,34,18,40)(8,9)(10,12)(19,43,49,25)(20,45,50,27)(21,44,51,26)(22,48,52,30)(23,47,53,29)(24,46,54,28)
(1,37,13,31)(2,39,14,33)(3,38,15,32)(4,42,16,36)(5,41,17,35)(6,40,18,34)(8,9)(10,12)(19,25,49,43)(20,27,50,45)(21,26,51,44)(22,30,52,48)(23,29,53,47)(24,28,54,46)
(1,19,49,31)(2,21,50,33)(3,20,51,32)(4,24,52,36)(5,23,53,35)(6,22,54,34)(7,13,43,37)(8,15,44,39)(9,14,45,38)(10,18,46,42)(11,17,47,41)(12,16,48,40)(26,27)(28,30)
(1,5)(2,3)(7,23,13,41)(8,21,14,39)(9,20,15,38)(10,22,16,40)(11,19,17,37)(12,24,18,42)(25,35,49,47)(26,33,50,45)(27,32,51,44)(28,34,52,46)(29,31,53,43)(30,36,54,48)
(1,5)(4,6)(7,35,13,47)(8,32,14,44)(9,33,15,45)(10,36,16,48)(11,31,17,43)(12,34,18,46)(19,29,37,53)(20,26,38,50)(21,27,39,51)(22,30,40,54)(23,25,41,49)(24,28,42,52)
(1,31,49,19)(2,33,50,21)(3,32,51,20)(4,36,52,24)(5,35,53,23)(6,34,54,22)(7,37,43,13)(8,39,44,15)(9,38,45,14)(10,42,46,18)(11,41,47,17)(12,40,48,16)(26,27)(28,30)
(1,5)(4,6)(7,47,13,35)(8,44,14,32)(9,45,15,33)(10,48,16,36)(11,43,17,31)(12,46,18,34)(19,53,37,29)(20,50,38,26)(21,51,39,27)(22,54,40,30)(23,49,41,25)(24,52,42,28)
(1,19,7,43)(2,21,8,45)(3,20,9,44)(4,24,10,48)(5,23,11,47)(6,22,12,46)(14,15)(16,18)(25,31,37,49)(26,33,38,51)(27,32,39,50)(28,36,40,54)(29,35,41,53)(30,34,42,52)
(1,37,25,43)(2,39,26,45)(3,38,27,44)(4,42,28,48)(5,41,29,47)(6,40,30,46)(7,31,19,13)(8,33,20,15)(9,32,21,14)(10,36,22,18)(11,35,23,17)(12,34,24,16)(50,51)(52,54)
(1,49,43,13)(2,51,44,15)(3,50,45,14)(4,54,46,18)(5,53,47,17)(6,52,48,16)(7,25,37,19)(8,27,38,21)(9,26,39,20)(10,30,40,24)(11,29,41,23)(12,28,42,22)(32,33)(34,36)
(1,13,43,49)(2,15,44,51)(3,14,45,50)(4,18,46,54)(5,17,47,53)(6,16,48,52)(7,19,37,25)(8,21,38,27)(9,20,39,26)(10,24,40,30)(11,23,41,29)(12,22,42,28)(32,33)(34,36)
(1,25,19,13)(2,27,20,15)(3,26,21,14)(4,30,22,18)(5,29,23,17)(6,28,24,16)(7,49,31,43)(8,51,32,45)(9,50,33,44)(10,54,34,48)(11,53,35,47)(12,52,36,46)(38,39)(40,42)
(1,13,19,25)(2,15,20,27)(3,14,21,26)(4,18,22,30)(5,17,23,29)(6,16,24,28)(7,43,31,49)(8,45,32,51)(9,44,33,50)(10,48,34,54)(11,47,35,53)(12,46,36,52)(38,39)(40,42)
(1,25,31,7)(2,27,32,9)(3,26,33,8)(4,30,34,12)(5,29,35,11)(6,28,36,10)(13,49,19,37)(14,51,20,39)(15,50,21,38)(16,54,22,42)(17,53,23,41)(18,52,24,40)(44,45)(46,48)
(1,35,25,17)(2,32,26,14)(3,33,27,15)(4,36,28,18)(5,31,29,13)(6,34,30,16)(7,47,19,41)(8,44,20,38)(9,45,21,39)(10,48,22,42)(11,43,23,37)(12,46,24,40)(49,53)(52,54)
(1,17,25,35)(2,14,26,32)(3,15,27,33)(4,18,28,36)(5,13,29,31)(6,16,30,34)(7,41,19,47)(8,38,20,44)(9,39,21,45)(10,42,22,48)(11,37,23,43)(12,40,24,46)(49,53)(52,54)
(1,35,7,53)(2,33,8,51)(3,32,9,50)(4,34,10,52)(5,31,11,49)(6,36,12,54)(13,17)(14,15)(19,29,43,41)(20,27,44,39)(21,26,45,38)(22,28,46,40)(23,25,47,37)(24,30,48,42)
(1,53,7,35)(2,51,8,33)(3,50,9,32)(4,52,10,34)(5,49,11,31)(6,54,12,36)(13,17)(14,15)(19,41,43,29)(20,39,44,27)(21,38,45,26)(22,40,46,28)(23,37,47,25)(24,42,48,30)
(1,41,31,53)(2,38,32,50)(3,39,33,51)(4,42,34,54)(5,37,35,49)(6,40,36,52)(7,17,25,23)(8,14,26,20)(9,15,27,21)(10,18,28,24)(11,13,29,19)(12,16,30,22)(43,47)(46,48)
(1,53,31,41)(2,50,32,38)(3,51,33,39)(4,54,34,42)(5,49,35,37)(6,52,36,40)(7,23,25,17)(8,20,26,14)(9,21,27,15)(10,24,28,18)(11,19,29,13)(12,22,30,16)(43,47)(46,48)
(1,41,49,17)(2,39,50,15)(3,38,51,14)(4,40,52,16)(5,37,53,13)(6,42,54,18)(7,23,43,35)(8,21,44,33)(9,20,45,32)(10,22,46,34)(11,19,47,31)(12,24,48,36)(25,29)(26,27)
(1,17,49,41)(2,15,50,39)(3,14,51,38)(4,16,52,40)(5,13,53,37)(6,18,54,42)(7,35,43,23)(8,33,44,21)(9,32,45,20)(10,34,46,22)(11,31,47,19)(12,36,48,24)(25,29)(26,27)
(1,23,13,53)(2,20,14,50)(3,21,15,51)(4,24,16,54)(5,19,17,49)(6,22,18,52)(7,11)(10,12)(25,41,43,35)(26,38,44,32)(27,39,45,33)(28,42,46,36)(29,37,47,31)(30,40,48,34)
(1,53,13,23)(2,50,14,20)(3,51,15,21)(4,54,16,24)(5,49,17,19)(6,52,18,22)(7,11)(10,12)(25,35,43,41)(26,32,44,38)(27,33,45,39)(28,36,46,42)(29,31,47,37)(30,34,48,40)
(1,23,31,17)(2,21,32,15)(3,20,33,14)(4,22,34,16)(5,19,35,13)(6,24,36,18)(7,41,25,53)(8,39,26,51)(9,38,27,50)(10,40,28,52)(11,37,29,49)(12,42,30,54)(43,47)(44,45)
(1,17,31,23)(2,15,32,21)(3,14,33,20)(4,16,34,22)(5,13,35,19)(6,18,36,24)(7,53,25,41)(8,51,26,39)(9,50,27,38)(10,52,28,40)(11,49,29,37)(12,54,30,42)(43,47)(44,45)
(1,47,37,17)(2,44,38,14)(3,45,39,15)(4,48,40,18)(5,43,41,13)(6,46,42,16)(7,35,49,29)(8,32,50,26)(9,33,51,27)(10,36,52,30)(11,31,53,25)(12,34,54,28)(19,23)(22,24)
(1,17,37,47)(2,14,38,44)(3,15,39,45)(4,18,40,48)(5,13,41,43)(6,16,42,46)(7,29,49,35)(8,26,50,32)(9,27,51,33)(10,30,52,36)(11,25,53,31)(12,28,54,34)(19,23)(22,24)
(1,47,19,53)(2,45,20,51)(3,44,21,50)(4,46,22,52)(5,43,23,49)(6,48,24,54)(7,29,31,17)(8,27,32,15)(9,26,33,14)(10,28,34,16)(11,25,35,13)(12,30,36,18)(37,41)(38,39)
(1,7,37,49)(2,9,38,51)(3,8,39,50)(4,12,40,54)(5,11,41,53)(6,10,42,52)(13,31,43,25)(14,33,44,27)(15,32,45,26)(16,36,46,30)(17,35,47,29)(18,34,48,28)(20,21)(22,24)
(1,53,19,47)(2,51,20,45)(3,50,21,44)(4,52,22,46)(5,49,23,43)(6,54,24,48)(7,17,31,29)(8,15,32,27)(9,14,33,26)(10,16,34,28)(11,13,35,25)(12,18,36,30)(37,41)(38,39)
(1,11,49,47)(2,8,50,44)(3,9,51,45)(4,12,52,48)(5,7,53,43)(6,10,54,46)(13,23,37,35)(14,20,38,32)(15,21,39,33)(16,24,40,36)(17,19,41,31)(18,22,42,34)(25,29)(28,30)
(1,47,49,11)(2,44,50,8)(3,45,51,9)(4,48,52,12)(5,43,53,7)(6,46,54,10)(13,35,37,23)(14,32,38,20)(15,33,39,21)(16,36,40,24)(17,31,41,19)(18,34,42,22)(25,29)(28,30)
(1,11,19,35)(2,8,20,32)(3,9,21,33)(4,12,22,36)(5,7,23,31)(6,10,24,34)(13,53,25,47)(14,50,26,44)(15,51,27,45)(16,54,28,48)(17,49,29,43)(18,52,30,46)(37,41)(40,42)
(1,47,13,29)(2,45,14,27)(3,44,15,26)(4,46,16,28)(5,43,17,25)(6,48,18,30)(7,11)(8,9)(19,41,49,35)(20,39,50,33)(21,38,51,32)(22,40,52,34)(23,37,53,31)(24,42,54,36)
(1,11,43,41)(2,9,44,39)(3,8,45,38)(4,10,46,40)(5,7,47,37)(6,12,48,42)(13,29,49,23)(14,27,50,21)(15,26,51,20)(16,28,52,22)(17,25,53,19)(18,30,54,24)(31,35)(32,33)
(1,41,43,11)(2,39,44,9)(3,38,45,8)(4,40,46,10)(5,37,47,7)(6,42,48,12)(13,23,49,29)(14,21,50,27)(15,20,51,26)(16,22,52,28)(17,19,53,25)(18,24,54,30)(31,35)(32,33)
(1,11,25,23)(2,9,26,21)(3,8,27,20)(4,10,28,22)(5,7,29,19)(6,12,30,24)(13,47,31,41)(14,45,32,39)(15,44,33,38)(16,46,34,40)(17,43,35,37)(18,48,36,42)(49,53)(50,51)
(1,23,25,11)(2,21,26,9)(3,20,27,8)(4,22,28,10)(5,19,29,7)(6,24,30,12)(13,41,31,47)(14,39,32,45)(15,38,33,44)(16,40,34,46)(17,37,35,43)(18,42,36,48)(49,53)(50,51)
(1,29,43,23)(2,26,44,20)(3,27,45,21)(4,30,46,24)(5,25,47,19)(6,28,48,22)(7,17,37,53)(8,14,38,50)(9,15,39,51)(10,18,40,54)(11,13,41,49)(12,16,42,52)(31,35)(34,36)
(1,49,37,7)(2,51,38,9)(3,50,39,8)(4,54,40,12)(5,53,41,11)(6,52,42,10)(13,25,43,31)(14,27,44,33)(15,26,45,32)(16,30,46,36)(17,29,47,35)(18,28,48,34)(20,21)(22,24)
(1,23,43,29)(2,20,44,26)(3,21,45,27)(4,24,46,30)(5,19,47,25)(6,22,48,28)(7,53,37,17)(8,50,38,14)(9,51,39,15)(10,54,40,18)(11,49,41,13)(12,52,42,16)(31,35)(34,36)
(1,29,7,41)(2,26,8,38)(3,27,9,39)(4,30,10,42)(5,25,11,37)(6,28,12,40)(13,17)(16,18)(19,53,43,35)(20,50,44,32)(21,51,45,33)(22,54,46,36)(23,49,47,31)(24,52,48,34)
(1,7,31,25)(2,9,32,27)(3,8,33,26)(4,12,34,30)(5,11,35,29)(6,10,36,28)(13,37,19,49)(14,39,20,51)(15,38,21,50)(16,42,22,54)(17,41,23,53)(18,40,24,52)(44,45)(46,48)
(1,41,7,29)(2,38,8,26)(3,39,9,27)(4,42,10,30)(5,37,11,25)(6,40,12,28)(13,17)(16,18)(19,35,43,53)(20,32,44,50)(21,33,45,51)(22,36,46,54)(23,31,47,49)(24,34,48,52)
(1,35,37,29)(2,33,38,27)(3,32,39,26)(4,34,40,28)(5,31,41,25)(6,36,42,30)(7,17,49,47)(8,15,50,45)(9,14,51,44)(10,16,52,46)(11,13,53,43)(12,18,54,48)(19,23)(20,21)
(1,29,37,35)(2,27,38,33)(3,26,39,32)(4,28,40,34)(5,25,41,31)(6,30,42,36)(7,47,49,17)(8,45,50,15)(9,44,51,14)(10,46,52,16)(11,43,53,13)(12,48,54,18)(19,23)(20,21)
(1,35,19,11)(2,32,20,8)(3,33,21,9)(4,36,22,12)(5,31,23,7)(6,34,24,10)(13,47,25,53)(14,44,26,50)(15,45,27,51)(16,48,28,54)(17,43,29,49)(18,46,30,52)(37,41)(40,42)
(1,29,13,47)(2,27,14,45)(3,26,15,44)(4,28,16,46)(5,25,17,43)(6,30,18,48)(7,11)(8,9)(19,35,49,41)(20,33,50,39)(21,32,51,38)(22,34,52,40)(23,31,53,37)(24,36,54,42)
(1,34,43,4,31,46)(2,33,44,3,32,45)(5,36,47,6,35,48)(7,28,49,16,19,40)(8,27,50,15,20,39)(9,26,51,14,21,38)(10,25,52,13,22,37)(11,30,53,18,23,42)(12,29,54,17,24,41)
(1,15,49,45,25,21)(2,17,50,47,26,23)(3,13,51,43,27,19)(4,18,52,48,28,24)(5,14,53,44,29,20)(6,16,54,46,30,22)(7,33,37,9,31,39)(8,35,38,11,32,41)(10,36,40,12,34,42)
(1,23,49,17,25,47)(2,24,50,18,26,48)(3,22,51,16,27,46)(4,21,52,15,28,45)(5,19,53,13,29,43)(6,20,54,14,30,44)(7,35,37,11,31,41)(8,36,38,12,32,42)(9,34,39,10,33,40)
(1,47,25,17,49,23)(2,48,26,18,50,24)(3,46,27,16,51,22)(4,45,28,15,52,21)(5,43,29,13,53,19)(6,44,30,14,54,20)(7,41,31,11,37,35)(8,42,32,12,38,36)(9,40,33,10,39,34)
(1,14,52,19,26,46)(2,16,49,20,28,43)(3,18,53,21,30,47)(4,13,50,22,25,44)(5,15,54,23,27,48)(6,17,51,24,29,45)(7,32,10,31,8,34)(9,36,11,33,12,35)(37,38,40)(39,42,41)
(1,46,26,19,52,14)(2,43,28,20,49,16)(3,47,30,21,53,18)(4,44,25,22,50,13)(5,48,27,23,54,15)(6,45,29,24,51,17)(7,34,8,31,10,32)(9,35,12,33,11,36)(37,40,38)(39,41,42)
(1,32,28,7,50,40)(2,34,25,8,52,37)(3,36,29,9,54,41)(4,31,26,10,49,38)(5,33,30,11,51,42)(6,35,27,12,53,39)(13,14,16)(15,18,17)(19,44,22,43,20,46)(21,48,23,45,24,47)
(1,40,50,7,28,32)(2,37,52,8,25,34)(3,41,54,9,29,36)(4,38,49,10,26,31)(5,42,51,11,30,33)(6,39,53,12,27,35)(13,16,14)(15,17,18)(19,46,20,43,22,44)(21,47,24,45,23,48)
(1,38,28,31,50,10)(2,40,25,32,52,7)(3,42,29,33,54,11)(4,37,26,34,49,8)(5,39,30,35,51,12)(6,41,27,36,53,9)(13,20,16,19,14,22)(15,24,17,21,18,23)(43,44,46)(45,48,47)
(1,10,50,31,28,38)(2,7,52,32,25,40)(3,11,54,33,29,42)(4,8,49,34,26,37)(5,12,51,35,30,39)(6,9,53,36,27,41)(13,22,14,19,16,20)(15,23,18,21,17,24)(43,46,44)(45,47,48)
(1,20,52,43,26,16)(2,22,49,44,28,13)(3,24,53,45,30,17)(4,19,50,46,25,14)(5,21,54,47,27,18)(6,23,51,48,29,15)(7,38,10,37,8,40)(9,42,11,39,12,41)(31,32,34)(33,36,35)
(1,16,26,43,52,20)(2,13,28,44,49,22)(3,17,30,45,53,24)(4,14,25,46,50,19)(5,18,27,47,54,21)(6,15,29,48,51,23)(7,40,8,37,10,38)(9,41,12,39,11,42)(31,34,32)(33,35,36)
(1,8,28,37,50,34)(2,10,25,38,52,31)(3,12,29,39,54,35)(4,7,26,40,49,32)(5,9,30,41,51,36)(6,11,27,42,53,33)(13,44,16,43,14,46)(15,48,17,45,18,47)(19,20,22)(21,24,23)
(1,44,52,13,26,22)(2,46,49,14,28,19)(3,48,53,15,30,23)(4,43,50,16,25,20)(5,45,54,17,27,24)(6,47,51,18,29,21)(7,8,10)(9,12,11)(31,38,34,37,32,40)(33,42,35,39,36,41)
(1,22,26,13,52,44)(2,19,28,14,49,46)(3,23,30,15,53,48)(4,20,25,16,50,43)(5,24,27,17,54,45)(6,21,29,18,51,47)(7,10,8)(9,11,12)(31,40,32,37,34,38)(33,41,36,39,35,42)
(1,42,19,6,37,24)(2,39,20,3,38,21)(4,41,22,5,40,23)(7,18,25,36,43,54)(8,15,26,33,44,51)(9,14,27,32,45,50)(10,17,28,35,46,53)(11,16,29,34,47,52)(12,13,30,31,48,49)
(1,24,37,6,19,42)(2,21,38,3,20,39)(4,23,40,5,22,41)(7,54,43,36,25,18)(8,51,44,33,26,15)(9,50,45,32,27,14)(10,53,46,35,28,17)(11,52,47,34,29,16)(12,49,48,31,30,13)
(1,48,37,30,19,12)(2,45,38,27,20,9)(3,44,39,26,21,8)(4,47,40,29,22,11)(5,46,41,28,23,10)(6,43,42,25,24,7)(13,36,49,18,31,54)(14,33,50,15,32,51)(16,35,52,17,34,53)
(1,12,19,30,37,48)(2,9,20,27,38,45)(3,8,21,26,39,44)(4,11,22,29,40,47)(5,10,23,28,41,46)(6,7,24,25,42,43)(13,54,31,18,49,36)(14,51,32,15,50,33)(16,53,34,17,52,35)
(1,36,19,54,37,18)(2,33,20,51,38,15)(3,32,21,50,39,14)(4,35,22,53,40,17)(5,34,23,52,41,16)(6,31,24,49,42,13)(7,48,25,12,43,30)(8,45,26,9,44,27)(10,47,28,11,46,29)
(1,18,37,54,19,36)(2,15,38,51,20,33)(3,14,39,50,21,32)(4,17,40,53,22,35)(5,16,41,52,23,34)(6,13,42,49,24,31)(7,30,43,12,25,48)(8,27,44,9,26,45)(10,29,46,11,28,47)
(1,21,31,51,43,9)(2,23,32,53,44,11)(3,19,33,49,45,7)(4,24,34,54,46,12)(5,20,35,50,47,8)(6,22,36,52,48,10)(13,39,25,15,37,27)(14,41,26,17,38,29)(16,42,28,18,40,30)
(1,9,43,51,31,21)(2,11,44,53,32,23)(3,7,45,49,33,19)(4,12,46,54,34,24)(5,8,47,50,35,20)(6,10,48,52,36,22)(13,27,37,15,25,39)(14,29,38,17,26,41)(16,30,40,18,28,42)
(1,15,31,27,43,39)(2,17,32,29,44,41)(3,13,33,25,45,37)(4,18,34,30,46,42)(5,14,35,26,47,38)(6,16,36,28,48,40)(7,51,19,9,49,21)(8,53,20,11,50,23)(10,54,22,12,52,24)
(1,39,43,27,31,15)(2,41,44,29,32,17)(3,37,45,25,33,13)(4,42,46,30,34,18)(5,38,47,26,35,14)(6,40,48,28,36,16)(7,21,49,9,19,51)(8,23,50,11,20,53)(10,24,52,12,22,54)
(1,33,43,3,31,45)(2,35,44,5,32,47)(4,36,46,6,34,48)(7,15,49,39,19,27)(8,17,50,41,20,29)(9,13,51,37,21,25)(10,18,52,42,22,30)(11,14,53,38,23,26)(12,16,54,40,24,28)
(1,45,31,3,43,33)(2,47,32,5,44,35)(4,48,34,6,46,36)(7,27,19,39,49,15)(8,29,20,41,50,17)(9,25,21,37,51,13)(10,30,22,42,52,18)(11,26,23,38,53,14)(12,28,24,40,54,16)
(1,17,7,5,13,11)(2,18,8,6,14,12)(3,16,9,4,15,10)(19,41,25,47,31,53)(20,42,26,48,32,54)(21,40,27,46,33,52)(22,39,28,45,34,51)(23,37,29,43,35,49)(24,38,30,44,36,50)
(1,52,13,46,7,40)(2,51,14,45,8,39)(3,50,15,44,9,38)(4,49,16,43,10,37)(5,54,17,48,11,42)(6,53,18,47,12,41)(19,28,31,22,25,34)(20,27,32,21,26,33)(23,30,35,24,29,36)
(1,11,13,5,7,17)(2,12,14,6,8,18)(3,10,15,4,9,16)(19,53,31,47,25,41)(20,54,32,48,26,42)(21,52,33,46,27,40)(22,51,34,45,28,39)(23,49,35,43,29,37)(24,50,36,44,30,38)
(1,40,7,46,13,52)(2,39,8,45,14,51)(3,38,9,44,15,50)(4,37,10,43,16,49)(5,42,11,48,17,54)(6,41,12,47,18,53)(19,34,25,22,31,28)(20,33,26,21,32,27)(23,36,29,24,35,30)
(1,32,37,14,19,50)(2,31,38,13,20,49)(3,35,39,17,21,53)(4,36,40,18,22,54)(5,33,41,15,23,51)(6,34,42,16,24,52)(7,26,43,8,25,44)(9,29,45,11,27,47)(10,30,46,12,28,48)
(1,47,7,53,13,41)(2,48,8,54,14,42)(3,46,9,52,15,40)(4,45,10,51,16,39)(5,43,11,49,17,37)(6,44,12,50,18,38)(19,35,25,23,31,29)(20,36,26,24,32,30)(21,34,27,22,33,28)
(1,50,19,14,37,32)(2,49,20,13,38,31)(3,53,21,17,39,35)(4,54,22,18,40,36)(5,51,23,15,41,33)(6,52,24,16,42,34)(7,44,25,8,43,26)(9,47,27,11,45,29)(10,48,28,12,46,30)
(1,20,37,2,19,38)(3,23,39,5,21,41)(4,24,40,6,22,42)(7,32,43,14,25,50)(8,31,44,13,26,49)(9,35,45,17,27,53)(10,36,46,18,28,54)(11,33,47,15,29,51)(12,34,48,16,30,52)
(1,21,25,45,49,15)(2,23,26,47,50,17)(3,19,27,43,51,13)(4,24,28,48,52,18)(5,20,29,44,53,14)(6,22,30,46,54,16)(7,39,31,9,37,33)(8,41,32,11,38,35)(10,42,34,12,40,36)
(1,38,19,2,37,20)(3,41,21,5,39,23)(4,42,22,6,40,24)(7,50,25,14,43,32)(8,49,26,13,44,31)(9,53,27,17,45,35)(10,54,28,18,46,36)(11,51,29,15,47,33)(12,52,30,16,48,34)
(1,8,13,2,7,14)(3,11,15,5,9,17)(4,12,16,6,10,18)(19,44,31,38,25,50)(20,43,32,37,26,49)(21,47,33,41,27,53)(22,48,34,42,28,54)(23,45,35,39,29,51)(24,46,36,40,30,52)
(1,14,7,2,13,8)(3,17,9,5,15,11)(4,18,10,6,16,12)(19,50,25,38,31,44)(20,49,26,37,32,43)(21,53,27,41,33,47)(22,54,28,42,34,48)(23,51,29,39,35,45)(24,52,30,40,36,46)
(1,44,13,38,7,50)(2,43,14,37,8,49)(3,47,15,41,9,53)(4,48,16,42,10,54)(5,45,17,39,11,51)(6,46,18,40,12,52)(19,26,31,20,25,32)(21,29,33,23,27,35)(22,30,34,24,28,36)
(1,41,13,53,7,47)(2,42,14,54,8,48)(3,40,15,52,9,46)(4,39,16,51,10,45)(5,37,17,49,11,43)(6,38,18,50,12,44)(19,29,31,23,25,35)(20,30,32,24,26,36)(21,28,33,22,27,34)
(1,50,7,38,13,44)(2,49,8,37,14,43)(3,53,9,41,15,47)(4,54,10,42,16,48)(5,51,11,39,17,45)(6,52,12,40,18,46)(19,32,25,20,31,26)(21,35,27,23,33,29)(22,36,28,24,34,30)
(1,26,13,20,7,32)(2,25,14,19,8,31)(3,29,15,23,9,35)(4,30,16,24,10,36)(5,27,17,21,11,33)(6,28,18,22,12,34)(37,44,49,38,43,50)(39,47,51,41,45,53)(40,48,52,42,46,54)
(1,35,13,29,7,23)(2,36,14,30,8,24)(3,34,15,28,9,22)(4,33,16,27,10,21)(5,31,17,25,11,19)(6,32,18,26,12,20)(37,47,49,41,43,53)(38,48,50,42,44,54)(39,46,51,40,45,52)
(1,32,7,20,13,26)(2,31,8,19,14,25)(3,35,9,23,15,29)(4,36,10,24,16,30)(5,33,11,21,17,27)(6,34,12,22,18,28)(37,50,43,38,49,44)(39,53,45,41,51,47)(40,54,46,42,52,48)
(1,26,37,8,19,44)(2,25,38,7,20,43)(3,29,39,11,21,47)(4,30,40,12,22,48)(5,27,41,9,23,45)(6,28,42,10,24,46)(13,32,49,14,31,50)(15,35,51,17,33,53)(16,36,52,18,34,54)
(1,23,7,29,13,35)(2,24,8,30,14,36)(3,22,9,28,15,34)(4,21,10,27,16,33)(5,19,11,25,17,31)(6,20,12,26,18,32)(37,53,43,41,49,47)(38,54,44,42,50,48)(39,52,45,40,51,46)
(1,44,19,8,37,26)(2,43,20,7,38,25)(3,47,21,11,39,29)(4,48,22,12,40,30)(5,45,23,9,41,27)(6,46,24,10,42,28)(13,50,31,14,49,32)(15,53,33,17,51,35)(16,54,34,18,52,36)
(1,15,6,13,3,18)(2,16,5,14,4,17)(7,9,12)(8,10,11)(19,45,36,49,27,42)(20,46,35,50,28,41)(21,48,31,51,30,37)(22,47,32,52,29,38)(23,44,34,53,26,40)(24,43,33,54,25,39)
(1,18,3,13,6,15)(2,17,4,14,5,16)(7,12,9)(8,11,10)(19,42,27,49,36,45)(20,41,28,50,35,46)(21,37,30,51,31,48)(22,38,29,52,32,47)(23,40,26,53,34,44)(24,39,25,54,33,43)
(1,15,40,31,21,52)(2,18,41,32,24,53)(3,16,37,33,22,49)(4,13,39,34,19,51)(5,14,42,35,20,54)(6,17,38,36,23,50)(7,27,10,25,9,28)(8,30,11,26,12,29)(43,45,46)(44,48,47)
(1,52,21,31,40,15)(2,53,24,32,41,18)(3,49,22,33,37,16)(4,51,19,34,39,13)(5,54,20,35,42,14)(6,50,23,36,38,17)(7,28,9,25,10,27)(8,29,12,26,11,30)(43,46,45)(44,47,48)
(1,53,25,5,49,29)(2,54,26,6,50,30)(3,52,27,4,51,28)(7,47,31,17,37,23)(8,48,32,18,38,24)(9,46,33,16,39,22)(10,45,34,15,40,21)(11,43,35,13,41,19)(12,44,36,14,42,20)
(1,29,49,5,25,53)(2,30,50,6,26,54)(3,28,51,4,27,52)(7,23,37,17,31,47)(8,24,38,18,32,48)(9,22,39,16,33,46)(10,21,40,15,34,45)(11,19,41,13,35,43)(12,20,42,14,36,44)
(1,39,12,49,15,48)(2,40,11,50,16,47)(3,42,7,51,18,43)(4,41,8,52,17,44)(5,38,10,53,14,46)(6,37,9,54,13,45)(19,33,24,31,21,36)(20,34,23,32,22,35)(25,27,30)(26,28,29)
(1,48,15,49,12,39)(2,47,16,50,11,40)(3,43,18,51,7,42)(4,44,17,52,8,41)(5,46,14,53,10,38)(6,45,13,54,9,37)(19,36,21,31,24,33)(20,35,22,32,23,34)(25,30,27)(26,29,28)
(1,54,25,6,49,30)(2,51,26,3,50,27)(4,53,28,5,52,29)(7,24,31,48,37,18)(8,21,32,45,38,15)(9,20,33,44,39,14)(10,23,34,47,40,17)(11,22,35,46,41,16)(12,19,36,43,42,13)
(1,30,49,6,25,54)(2,27,50,3,26,51)(4,29,52,5,28,53)(7,18,37,48,31,24)(8,15,38,45,32,21)(9,14,39,44,33,20)(10,17,40,47,34,23)(11,16,41,46,35,22)(12,13,42,43,36,19)
(1,39,4,37,3,40)(2,42,5,38,6,41)(7,15,28,49,45,34)(8,18,29,50,48,35)(9,16,25,51,46,31)(10,13,27,52,43,33)(11,14,30,53,44,36)(12,17,26,54,47,32)(19,21,22)(20,24,23)
(1,40,3,37,4,39)(2,41,6,38,5,42)(7,34,45,49,28,15)(8,35,48,50,29,18)(9,31,46,51,25,16)(10,33,43,52,27,13)(11,36,44,53,30,14)(12,32,47,54,26,17)(19,22,21)(20,23,24)
(1,29,31,41,43,17)(2,28,32,40,44,16)(3,30,33,42,45,18)(4,26,34,38,46,14)(5,25,35,37,47,13)(6,27,36,39,48,15)(7,53,19,11,49,23)(8,52,20,10,50,22)(9,54,21,12,51,24)
(1,17,43,41,31,29)(2,16,44,40,32,28)(3,18,45,42,33,30)(4,14,46,38,34,26)(5,13,47,37,35,25)(6,15,48,39,36,27)(7,23,49,11,19,53)(8,22,50,10,20,52)(9,24,51,12,21,54)
(1,24,9,31,18,27)(2,23,10,32,17,28)(3,19,12,33,13,30)(4,20,11,34,14,29)(5,22,8,35,16,26)(6,21,7,36,15,25)(37,54,39,49,42,51)(38,53,40,50,41,52)(43,48,45)(44,47,46)
(1,26,48,37,32,18)(2,30,43,38,36,13)(3,28,47,39,34,17)(4,29,45,40,35,15)(5,27,46,41,33,16)(6,25,44,42,31,14)(7,50,12,49,8,54)(9,52,11,51,10,53)(19,20,24)(21,22,23)
(1,11,31,23,43,53)(2,10,32,22,44,52)(3,12,33,24,45,54)(4,8,34,20,46,50)(5,7,35,19,47,49)(6,9,36,21,48,51)(13,41,25,17,37,29)(14,40,26,16,38,28)(15,42,27,18,39,30)
(1,53,43,23,31,11)(2,52,44,22,32,10)(3,54,45,24,33,12)(4,50,46,20,34,8)(5,49,47,19,35,7)(6,51,48,21,36,9)(13,29,37,17,25,41)(14,28,38,16,26,40)(15,30,39,18,27,42)
(1,48,2,43,6,44)(3,47,4,45,5,46)(7,30,50,37,24,14)(8,25,54,38,19,18)(9,29,52,39,23,16)(10,27,53,40,21,17)(11,28,51,41,22,15)(12,26,49,42,20,13)(31,36,32)(33,35,34)
(1,44,6,43,2,48)(3,46,5,45,4,47)(7,14,24,37,50,30)(8,18,19,38,54,25)(9,16,23,39,52,29)(10,17,21,40,53,27)(11,15,22,41,51,28)(12,13,20,42,49,26)(31,32,36)(33,34,35)
(1,35,43,5,31,47)(2,34,44,4,32,46)(3,36,45,6,33,48)(7,41,49,29,19,17)(8,40,50,28,20,16)(9,42,51,30,21,18)(10,38,52,26,22,14)(11,37,53,25,23,13)(12,39,54,27,24,15)
(1,47,31,5,43,35)(2,46,32,4,44,34)(3,48,33,6,45,36)(7,17,19,29,49,41)(8,16,20,28,50,40)(9,18,21,30,51,42)(10,14,22,26,52,38)(11,13,23,25,53,37)(12,15,24,27,54,39)
(1,24,44,49,36,8)(2,19,48,50,31,12)(3,23,46,51,35,10)(4,21,47,52,33,11)(5,22,45,53,34,9)(6,20,43,54,32,7)(13,42,14,37,18,38)(15,41,16,39,17,40)(25,30,26)(27,29,28)
(1,8,36,49,44,24)(2,12,31,50,48,19)(3,10,35,51,46,23)(4,11,33,52,47,21)(5,9,34,53,45,22)(6,7,32,54,43,20)(13,38,18,37,14,42)(15,40,17,39,16,41)(25,26,30)(27,28,29)
(1,4,3)(2,5,6)(7,52,45,13,28,33)(8,53,48,14,29,36)(9,49,46,15,25,34)(10,51,43,16,27,31)(11,54,44,17,30,32)(12,50,47,18,26,35)(19,40,21,37,22,39)(20,41,24,38,23,42)
(1,3,4)(2,6,5)(7,33,28,13,45,52)(8,36,29,14,48,53)(9,34,25,15,46,49)(10,31,27,16,43,51)(11,32,30,17,44,54)(12,35,26,18,47,50)(19,39,22,37,21,40)(20,42,23,38,24,41)
(1,54,44,7,36,20)(2,49,48,8,31,24)(3,53,46,9,35,22)(4,51,47,10,33,23)(5,52,45,11,34,21)(6,50,43,12,32,19)(13,18,14)(15,17,16)(25,42,26,37,30,38)(27,41,28,39,29,40)
(1,20,36,7,44,54)(2,24,31,8,48,49)(3,22,35,9,46,53)(4,23,33,10,47,51)(5,21,34,11,45,52)(6,19,32,12,43,50)(13,14,18)(15,16,17)(25,38,30,37,26,42)(27,40,29,39,28,41)
(1,6,2)(3,5,4)(7,42,50,13,24,26)(8,37,54,14,19,30)(9,41,52,15,23,28)(10,39,53,16,21,29)(11,40,51,17,22,27)(12,38,49,18,20,25)(31,48,32,43,36,44)(33,47,34,45,35,46)
(1,2,6)(3,4,5)(7,26,24,13,50,42)(8,30,19,14,54,37)(9,28,23,15,52,41)(10,29,21,16,53,39)(11,27,22,17,51,40)(12,25,20,18,49,38)(31,44,36,43,32,48)(33,46,35,45,34,47)
(1,30,32,13,48,38)(2,25,36,14,43,42)(3,29,34,15,47,40)(4,27,35,16,45,41)(5,28,33,17,46,39)(6,26,31,18,44,37)(7,12,8)(9,11,10)(19,54,20,49,24,50)(21,53,22,51,23,52)
(1,38,48,13,32,30)(2,42,43,14,36,25)(3,40,47,15,34,29)(4,41,45,16,35,27)(5,39,46,17,33,28)(6,37,44,18,31,26)(7,8,12)(9,10,11)(19,50,24,49,20,54)(21,52,23,51,22,53)
(1,6,3)(2,5,4)(7,18,9,13,12,15)(8,17,10,14,11,16)(19,48,27,37,36,51)(20,47,28,38,35,52)(21,43,30,39,31,54)(22,44,29,40,32,53)(23,46,26,41,34,50)(24,45,25,42,33,49)
(1,3,6)(2,4,5)(7,15,12,13,9,18)(8,16,11,14,10,17)(19,51,36,37,27,48)(20,52,35,38,28,47)(21,54,31,39,30,43)(22,53,32,40,29,44)(23,50,34,41,26,46)(24,49,33,42,25,45)
(1,36,2,31,6,32)(3,35,4,33,5,34)(7,18,50,25,24,38)(8,13,54,26,19,42)(9,17,52,27,23,40)(10,15,53,28,21,41)(11,16,51,29,22,39)(12,14,49,30,20,37)(43,48,44)(45,47,46)
(1,32,6,31,2,36)(3,34,5,33,4,35)(7,38,24,25,50,18)(8,42,19,26,54,13)(9,40,23,27,52,17)(10,41,21,28,53,15)(11,39,22,29,51,16)(12,37,20,30,49,14)(43,44,48)(45,46,47)
(1,12,44,19,36,50)(2,7,48,20,31,54)(3,11,46,21,35,52)(4,9,47,22,33,53)(5,10,45,23,34,51)(6,8,43,24,32,49)(13,30,14,25,18,26)(15,29,16,27,17,28)(37,42,38)(39,41,40)
(1,50,36,19,44,12)(2,54,31,20,48,7)(3,52,35,21,46,11)(4,53,33,22,47,9)(5,51,34,23,45,10)(6,49,32,24,43,8)(13,26,18,25,14,30)(15,28,17,27,16,29)(37,38,42)(39,40,41)
(1,18,25,24,49,48)(2,15,26,21,50,45)(3,14,27,20,51,44)(4,17,28,23,52,47)(5,16,29,22,53,46)(6,13,30,19,54,43)(7,42,31,12,37,36)(8,39,32,9,38,33)(10,41,34,11,40,35)
(1,48,49,24,25,18)(2,45,50,21,26,15)(3,44,51,20,27,14)(4,47,52,23,28,17)(5,46,53,22,29,16)(6,43,54,19,30,13)(7,36,37,12,31,42)(8,33,38,9,32,39)(10,35,40,11,34,41)
(1,42,32,25,48,14)(2,37,36,26,43,18)(3,41,34,27,47,16)(4,39,35,28,45,17)(5,40,33,29,46,15)(6,38,31,30,44,13)(7,24,8,19,12,20)(9,23,10,21,11,22)(49,54,50)(51,53,52)
(1,14,48,25,32,42)(2,18,43,26,36,37)(3,16,47,27,34,41)(4,17,45,28,35,39)(5,15,46,29,33,40)(6,13,44,30,31,38)(7,20,12,19,8,24)(9,22,11,21,10,23)(49,50,54)(51,52,53)
(1,27,49,3,25,51)(2,29,50,5,26,53)(4,30,52,6,28,54)(7,45,37,21,31,15)(8,47,38,23,32,17)(9,43,39,19,33,13)(10,48,40,24,34,18)(11,44,41,20,35,14)(12,46,42,22,36,16)
(1,36,25,42,49,12)(2,33,26,39,50,9)(3,32,27,38,51,8)(4,35,28,41,52,11)(5,34,29,40,53,10)(6,31,30,37,54,7)(13,48,19,18,43,24)(14,45,20,15,44,21)(16,47,22,17,46,23)
(1,12,49,42,25,36)(2,9,50,39,26,33)(3,8,51,38,27,32)(4,11,52,41,28,35)(5,10,53,40,29,34)(6,7,54,37,30,31)(13,24,43,18,19,48)(14,21,44,15,20,45)(16,23,46,17,22,47)
(1,9,25,33,49,39)(2,11,26,35,50,41)(3,7,27,31,51,37)(4,12,28,36,52,42)(5,8,29,32,53,38)(6,10,30,34,54,40)(13,45,19,15,43,21)(14,47,20,17,44,23)(16,48,22,18,46,24)
(1,39,49,33,25,9)(2,41,50,35,26,11)(3,37,51,31,27,7)(4,42,52,36,28,12)(5,38,53,32,29,8)(6,40,54,34,30,10)(13,21,43,15,19,45)(14,23,44,17,20,47)(16,24,46,18,22,48)
(1,41,25,11,49,35)(2,42,26,12,50,36)(3,40,27,10,51,34)(4,39,28,9,52,33)(5,37,29,7,53,31)(6,38,30,8,54,32)(13,47,19,17,43,23)(14,48,20,18,44,24)(15,46,21,16,45,22)
(1,34,21,13,40,51)(2,35,24,14,41,54)(3,31,22,15,37,52)(4,33,19,16,39,49)(5,36,20,17,42,50)(6,32,23,18,38,53)(7,10,9)(8,11,12)(25,46,27,43,28,45)(26,47,30,44,29,48)
(1,51,40,13,21,34)(2,54,41,14,24,35)(3,52,37,15,22,31)(4,49,39,16,19,33)(5,50,42,17,20,36)(6,53,38,18,23,32)(7,9,10)(8,12,11)(25,45,28,43,27,46)(26,48,29,44,30,47)
(1,35,49,11,25,41)(2,36,50,12,26,42)(3,34,51,10,27,40)(4,33,52,9,28,39)(5,31,53,7,29,37)(6,32,54,8,30,38)(13,23,43,17,19,47)(14,24,44,18,20,48)(15,22,45,16,21,46)
(1,50,4,49,2,52)(3,54,5,51,6,53)(7,14,34,43,38,22)(8,16,31,44,40,19)(9,18,35,45,42,23)(10,13,32,46,37,20)(11,15,36,47,39,24)(12,17,33,48,41,21)(25,26,28)(27,30,29)
(1,52,2,49,4,50)(3,53,6,51,5,54)(7,22,38,43,34,14)(8,19,40,44,31,16)(9,23,42,45,35,18)(10,20,37,46,32,13)(11,24,39,47,36,15)(12,21,41,48,33,17)(25,28,26)(27,29,30)
(1,26,4,25,2,28)(3,30,5,27,6,29)(7,44,34,19,38,16)(8,46,31,20,40,13)(9,48,35,21,42,17)(10,43,32,22,37,14)(11,45,36,23,39,18)(12,47,33,24,41,15)(49,50,52)(51,54,53)
(1,42,15,43,12,51)(2,41,16,44,11,52)(3,37,18,45,7,54)(4,38,17,46,8,53)(5,40,14,47,10,50)(6,39,13,48,9,49)(19,30,21,25,24,27)(20,29,22,26,23,28)(31,36,33)(32,35,34)
(1,51,12,43,15,42)(2,52,11,44,16,41)(3,54,7,45,18,37)(4,53,8,46,17,38)(5,50,10,47,14,40)(6,49,9,48,13,39)(19,27,24,25,21,30)(20,28,23,26,22,29)(31,33,36)(32,34,35)
(1,28,2,25,4,26)(3,29,6,27,5,30)(7,16,38,19,34,44)(8,13,40,20,31,46)(9,17,42,21,35,48)(10,14,37,22,32,43)(11,18,39,23,36,45)(12,15,41,24,33,47)(49,52,50)(51,53,54)
(1,10,13,4,7,16)(2,9,14,3,8,15)(5,12,17,6,11,18)(19,40,31,52,25,46)(20,39,32,51,26,45)(21,38,33,50,27,44)(22,37,34,49,28,43)(23,42,35,54,29,48)(24,41,36,53,30,47)
(1,29,19,47,37,11)(2,28,20,46,38,10)(3,30,21,48,39,12)(4,26,22,44,40,8)(5,25,23,43,41,7)(6,27,24,45,42,9)(13,53,31,17,49,35)(14,52,32,16,50,34)(15,54,33,18,51,36)
(1,41,19,5,37,23)(2,40,20,4,38,22)(3,42,21,6,39,24)(7,35,25,53,43,17)(8,34,26,52,44,16)(9,36,27,54,45,18)(10,32,28,50,46,14)(11,31,29,49,47,13)(12,33,30,51,48,15)
(1,28,39,43,22,9)(2,29,42,44,23,12)(3,25,40,45,19,10)(4,27,37,46,21,7)(5,30,38,47,24,8)(6,26,41,48,20,11)(13,52,15,49,16,51)(14,53,18,50,17,54)(31,34,33)(32,35,36)
(1,9,22,43,39,28)(2,12,23,44,42,29)(3,10,19,45,40,25)(4,7,21,46,37,27)(5,8,24,47,38,30)(6,11,20,48,41,26)(13,51,16,49,15,52)(14,54,17,50,18,53)(31,33,34)(32,36,35)
(1,23,37,5,19,41)(2,22,38,4,20,40)(3,24,39,6,21,42)(7,17,43,53,25,35)(8,16,44,52,26,34)(9,18,45,54,27,36)(10,14,46,50,28,32)(11,13,47,49,29,31)(12,15,48,51,30,33)
(1,22,43,10,31,52)(2,21,44,9,32,51)(3,20,45,8,33,50)(4,19,46,7,34,49)(5,24,47,12,35,54)(6,23,48,11,36,53)(13,28,37,16,25,40)(14,27,38,15,26,39)(17,30,41,18,29,42)
(1,12,3,7,6,9)(2,11,4,8,5,10)(13,18,15)(14,17,16)(19,54,27,43,36,39)(20,53,28,44,35,40)(21,49,30,45,31,42)(22,50,29,46,32,41)(23,52,26,47,34,38)(24,51,25,48,33,37)
(1,9,6,7,3,12)(2,10,5,8,4,11)(13,15,18)(14,16,17)(19,39,36,43,27,54)(20,40,35,44,28,53)(21,42,31,45,30,49)(22,41,32,46,29,50)(23,38,34,47,26,52)(24,37,33,48,25,51)
(1,22,3,19,4,21)(2,23,6,20,5,24)(7,16,45,31,28,51)(8,17,48,32,29,54)(9,13,46,33,25,52)(10,15,43,34,27,49)(11,18,44,35,30,50)(12,14,47,36,26,53)(37,40,39)(38,41,42)
(1,21,4,19,3,22)(2,24,5,20,6,23)(7,51,28,31,45,16)(8,54,29,32,48,17)(9,52,25,33,46,13)(10,49,27,34,43,15)(11,50,30,35,44,18)(12,53,26,36,47,14)(37,39,40)(38,42,41)
(1,52,31,10,43,22)(2,51,32,9,44,21)(3,50,33,8,45,20)(4,49,34,7,46,19)(5,54,35,12,47,24)(6,53,36,11,48,23)(13,40,25,16,37,28)(14,39,26,15,38,27)(17,42,29,18,41,30)
(1,28,7,34,13,22)(2,27,8,33,14,21)(3,26,9,32,15,20)(4,25,10,31,16,19)(5,30,11,36,17,24)(6,29,12,35,18,23)(37,52,43,40,49,46)(38,51,44,39,50,45)(41,54,47,42,53,48)
(1,36,9,25,18,21)(2,35,10,26,17,22)(3,31,12,27,13,24)(4,32,11,28,14,23)(5,34,8,29,16,20)(6,33,7,30,15,19)(37,48,39,43,42,45)(38,47,40,44,41,46)(49,54,51)(50,53,52)
(1,21,18,25,9,36)(2,22,17,26,10,35)(3,24,13,27,12,31)(4,23,14,28,11,32)(5,20,16,29,8,34)(6,19,15,30,7,33)(37,45,42,43,39,48)(38,46,41,44,40,47)(49,51,54)(50,52,53)
(1,22,13,34,7,28)(2,21,14,33,8,27)(3,20,15,32,9,26)(4,19,16,31,10,25)(5,24,17,36,11,30)(6,23,18,35,12,29)(37,46,49,40,43,52)(38,45,50,39,44,51)(41,48,53,42,47,54)
(1,28,43,16,31,40)(2,27,44,15,32,39)(3,26,45,14,33,38)(4,25,46,13,34,37)(5,30,47,18,35,42)(6,29,48,17,36,41)(7,22,49,10,19,52)(8,21,50,9,20,51)(11,24,53,12,23,54)
(1,16,21,49,40,33)(2,17,24,50,41,36)(3,13,22,51,37,34)(4,15,19,52,39,31)(5,18,20,53,42,32)(6,14,23,54,38,35)(7,46,9,43,10,45)(8,47,12,44,11,48)(25,28,27)(26,29,30)
(1,33,40,49,21,16)(2,36,41,50,24,17)(3,34,37,51,22,13)(4,31,39,52,19,15)(5,32,42,53,20,18)(6,35,38,54,23,14)(7,45,10,43,9,46)(8,48,11,44,12,47)(25,27,28)(26,30,29)
(1,40,31,16,43,28)(2,39,32,15,44,27)(3,38,33,14,45,26)(4,37,34,13,46,25)(5,42,35,18,47,30)(6,41,36,17,48,29)(7,52,19,10,49,22)(8,51,20,9,50,21)(11,54,23,12,53,24)
(1,46,31,4,43,34)(2,45,32,3,44,33)(5,48,35,6,47,36)(7,40,19,16,49,28)(8,39,20,15,50,27)(9,38,21,14,51,26)(10,37,22,13,52,25)(11,42,23,18,53,30)(12,41,24,17,54,29)
(1,30,9,19,18,33)(2,29,10,20,17,34)(3,25,12,21,13,36)(4,26,11,22,14,35)(5,28,8,23,16,32)(6,27,7,24,15,31)(37,42,39)(38,41,40)(43,54,45,49,48,51)(44,53,46,50,47,52)
(1,33,18,19,9,30)(2,34,17,20,10,29)(3,36,13,21,12,25)(4,35,14,22,11,26)(5,32,16,23,8,28)(6,31,15,24,7,27)(37,39,42)(38,40,41)(43,51,48,49,45,54)(44,52,47,50,46,53)
(1,4,2)(3,5,6)(7,46,38,13,34,20)(8,43,40,14,31,22)(9,47,42,15,35,24)(10,44,37,16,32,19)(11,48,39,17,36,21)(12,45,41,18,33,23)(25,52,26,49,28,50)(27,53,30,51,29,54)
(1,2,4)(3,6,5)(7,20,34,13,38,46)(8,22,31,14,40,43)(9,24,35,15,42,47)(10,19,32,16,37,44)(11,21,36,17,39,48)(12,23,33,18,41,45)(25,50,28,49,26,52)(27,54,29,51,30,53)
(1,10,39,25,22,45)(2,11,42,26,23,48)(3,7,40,27,19,46)(4,9,37,28,21,43)(5,12,38,29,24,44)(6,8,41,30,20,47)(13,34,15,31,16,33)(14,35,18,32,17,36)(49,52,51)(50,53,54)
(1,45,22,25,39,10)(2,48,23,26,42,11)(3,46,19,27,40,7)(4,43,21,28,37,9)(5,44,24,29,38,12)(6,47,20,30,41,8)(13,33,16,31,15,34)(14,36,17,32,18,35)(49,51,52)(50,54,53)
(1,53,37,35,19,17)(2,52,38,34,20,16)(3,54,39,36,21,18)(4,50,40,32,22,14)(5,49,41,31,23,13)(6,51,42,33,24,15)(7,29,43,11,25,47)(8,28,44,10,26,46)(9,30,45,12,27,48)
(1,17,19,35,37,53)(2,16,20,34,38,52)(3,18,21,36,39,54)(4,14,22,32,40,50)(5,13,23,31,41,49)(6,15,24,33,42,51)(7,47,25,11,43,29)(8,46,26,10,44,28)(9,48,27,12,45,30)
(1,54,15,37,12,45)(2,53,16,38,11,46)(3,49,18,39,7,48)(4,50,17,40,8,47)(5,52,14,41,10,44)(6,51,13,42,9,43)(19,24,21)(20,23,22)(25,36,27,31,30,33)(26,35,28,32,29,34)
(1,45,12,37,15,54)(2,46,11,38,16,53)(3,48,7,39,18,49)(4,47,8,40,17,50)(5,44,10,41,14,52)(6,43,9,42,13,51)(19,21,24)(20,22,23)(25,33,30,31,27,36)(26,34,29,32,28,35)
(1,51,25,3,49,27)(2,53,26,5,50,29)(4,54,28,6,52,30)(7,15,31,21,37,45)(8,17,32,23,38,47)(9,13,33,19,39,43)(10,18,34,24,40,48)(11,14,35,20,41,44)(12,16,36,22,42,46)
(1,16,7,4,13,10)(2,15,8,3,14,9)(5,18,11,6,17,12)(19,46,25,52,31,40)(20,45,26,51,32,39)(21,44,27,50,33,38)(22,43,28,49,34,37)(23,48,29,54,35,42)(24,47,30,53,36,41)
(1,46,39,7,22,27)(2,47,42,8,23,30)(3,43,40,9,19,28)(4,45,37,10,21,25)(5,48,38,11,24,26)(6,44,41,12,20,29)(13,16,15)(14,17,18)(31,52,33,49,34,51)(32,53,36,50,35,54)
(1,27,22,7,39,46)(2,30,23,8,42,47)(3,28,19,9,40,43)(4,25,21,10,37,45)(5,26,24,11,38,48)(6,29,20,12,41,44)(13,15,16)(14,18,17)(31,51,34,49,33,52)(32,54,35,50,36,53)
(1,11,37,47,19,29)(2,10,38,46,20,28)(3,12,39,48,21,30)(4,8,40,44,22,26)(5,7,41,43,23,25)(6,9,42,45,24,27)(13,35,49,17,31,53)(14,34,50,16,32,52)(15,36,51,18,33,54)
(1,34,50,37,28,8)(2,31,52,38,25,10)(3,35,54,39,29,12)(4,32,49,40,26,7)(5,36,51,41,30,9)(6,33,53,42,27,11)(13,46,14,43,16,44)(15,47,18,45,17,48)(19,22,20)(21,23,24)
(1,18,32,37,48,26)(2,13,36,38,43,30)(3,17,34,39,47,28)(4,15,35,40,45,29)(5,16,33,41,46,27)(6,14,31,42,44,25)(7,54,8,49,12,50)(9,53,10,51,11,52)(19,24,20)(21,23,22)
(1,27,18,31,9,24)(2,28,17,32,10,23)(3,30,13,33,12,19)(4,29,14,34,11,20)(5,26,16,35,8,22)(6,25,15,36,7,21)(37,51,42,49,39,54)(38,52,41,50,40,53)(43,45,48)(44,46,47)
(1,9,35,14,37,51,29,44)(2,7,33,17,38,49,27,47)(3,11,32,13,39,53,26,43)(4,10,34,16,40,52,28,46)(5,8,31,15,41,50,25,45)(6,12,36,18,42,54,30,48)(19,21,23,20)
(1,43,37,19,13,25,31,49)(2,48,39,22,14,30,33,52)(3,46,38,24,15,28,32,54)(4,44,42,21,16,26,36,51)(5,47,41,23,17,29,35,53)(6,45,40,20,18,27,34,50)(8,12,9,10)
(1,49,31,25,13,19,37,43)(2,52,33,30,14,22,39,48)(3,54,32,28,15,24,38,46)(4,51,36,26,16,21,42,44)(5,53,35,29,17,23,41,47)(6,50,34,27,18,20,40,45)(8,10,9,12)
(1,19,31,43,13,49,37,25)(2,22,33,48,14,52,39,30)(3,24,32,46,15,54,38,28)(4,21,36,44,16,51,42,26)(5,23,35,47,17,53,41,29)(6,20,34,45,18,50,40,27)(8,10,9,12)
(1,31,19,37,7,49,43,25)(2,36,21,40,8,54,45,28)(3,34,20,42,9,52,44,30)(4,32,24,39,10,50,48,27)(5,35,23,41,11,53,47,29)(6,33,22,38,12,51,46,26)(14,18,15,16)
(1,49,19,25,7,31,43,37)(2,54,21,28,8,36,45,40)(3,52,20,30,9,34,44,42)(4,50,24,27,10,32,48,39)(5,53,23,29,11,35,47,41)(6,51,22,26,12,33,46,38)(14,18,15,16)
(1,37,43,31,7,25,19,49)(2,40,45,36,8,28,21,54)(3,42,44,34,9,30,20,52)(4,39,48,32,10,27,24,50)(5,41,47,35,11,29,23,53)(6,38,46,33,12,26,22,51)(14,16,15,18)
(1,25,43,49,7,37,19,31)(2,28,45,54,8,40,21,36)(3,30,44,52,9,42,20,34)(4,27,48,50,10,39,24,32)(5,29,47,53,11,41,23,35)(6,26,46,51,12,38,22,33)(14,16,15,18)
(1,7,49,25,43,37,13,19)(2,10,51,30,44,40,15,24)(3,12,50,28,45,42,14,22)(4,9,54,26,46,39,18,20)(5,11,53,29,47,41,17,23)(6,8,52,27,48,38,16,21)(32,34,33,36)
(1,37,49,19,43,7,13,25)(2,40,51,24,44,10,15,30)(3,42,50,22,45,12,14,28)(4,39,54,20,46,9,18,26)(5,41,53,23,47,11,17,29)(6,38,52,21,48,8,16,27)(32,34,33,36)
(1,25,13,7,43,19,49,37)(2,30,15,10,44,24,51,40)(3,28,14,12,45,22,50,42)(4,26,18,9,46,20,54,39)(5,29,17,11,47,23,53,41)(6,27,16,8,48,21,52,38)(32,36,33,34)
(1,19,13,37,43,25,49,7)(2,24,15,40,44,30,51,10)(3,22,14,42,45,28,50,12)(4,20,18,39,46,26,54,9)(5,23,17,41,47,29,53,11)(6,21,16,38,48,27,52,8)(32,36,33,34)
(1,21,53,38,7,45,35,26)(2,19,51,41,8,43,33,29)(3,23,50,37,9,47,32,25)(4,22,52,40,10,46,34,28)(5,20,49,39,11,44,31,27)(6,24,54,42,12,48,36,30)(13,15,17,14)
(1,45,53,26,7,21,35,38)(2,43,51,29,8,19,33,41)(3,47,50,25,9,23,32,37)(4,46,52,28,10,22,34,40)(5,44,49,27,11,20,31,39)(6,48,54,30,12,24,36,42)(13,15,17,14)
(1,38,35,21,7,26,53,45)(2,41,33,19,8,29,51,43)(3,37,32,23,9,25,50,47)(4,40,34,22,10,28,52,46)(5,39,31,20,11,27,49,44)(6,42,36,24,12,30,54,48)(13,14,17,15)
(1,26,35,45,7,38,53,21)(2,29,33,43,8,41,51,19)(3,25,32,47,9,37,50,23)(4,28,34,46,10,40,52,22)(5,27,31,44,11,39,49,20)(6,30,36,48,12,42,54,24)(13,14,17,15)
(1,39,17,8,31,51,23,26)(2,37,15,11,32,49,21,29)(3,41,14,7,33,53,20,25)(4,40,16,10,34,52,22,28)(5,38,13,9,35,50,19,27)(6,42,18,12,36,54,24,30)(43,45,47,44)
(1,51,17,26,31,39,23,8)(2,49,15,29,32,37,21,11)(3,53,14,25,33,41,20,7)(4,52,16,28,34,40,22,10)(5,50,13,27,35,38,19,9)(6,54,18,30,36,42,24,12)(43,45,47,44)
(1,8,23,39,31,26,17,51)(2,11,21,37,32,29,15,49)(3,7,20,41,33,25,14,53)(4,10,22,40,34,28,16,52)(5,9,19,38,35,27,13,50)(6,12,24,42,36,30,18,54)(43,44,47,45)
(1,26,23,51,31,8,17,39)(2,29,21,49,32,11,15,37)(3,25,20,53,33,7,14,41)(4,28,22,52,34,10,16,40)(5,27,19,50,35,9,13,38)(6,30,24,54,36,12,18,42)(43,44,47,45)
(1,7,25,49,19,31,13,43)(2,12,27,52,20,36,15,46)(3,10,26,54,21,34,14,48)(4,8,30,51,22,32,18,45)(5,11,29,53,23,35,17,47)(6,9,28,50,24,33,16,44)(38,42,39,40)
(1,31,25,43,19,7,13,49)(2,36,27,46,20,12,15,52)(3,34,26,48,21,10,14,54)(4,32,30,45,22,8,18,51)(5,35,29,47,23,11,17,53)(6,33,28,44,24,9,16,50)(38,42,39,40)
(1,49,13,7,19,43,25,31)(2,52,15,12,20,46,27,36)(3,54,14,10,21,48,26,34)(4,51,18,8,22,45,30,32)(5,53,17,11,23,47,29,35)(6,50,16,9,24,44,28,33)(38,40,39,42)
(1,43,13,31,19,49,25,7)(2,46,15,36,20,52,27,12)(3,48,14,34,21,54,26,10)(4,45,18,32,22,51,30,8)(5,47,17,35,23,53,29,11)(6,44,16,33,24,50,28,9)(38,40,39,42)
(1,13,25,49,31,19,7,37)(2,16,27,54,32,22,9,42)(3,18,26,52,33,24,8,40)(4,15,30,50,34,21,12,38)(5,17,29,53,35,23,11,41)(6,14,28,51,36,20,10,39)(44,46,45,48)
(1,19,25,37,31,13,7,49)(2,22,27,42,32,16,9,54)(3,24,26,40,33,18,8,52)(4,21,30,38,34,15,12,50)(5,23,29,41,35,17,11,53)(6,20,28,39,36,14,10,51)(44,46,45,48)
(1,25,37,49,13,43,31,19)(2,30,39,52,14,48,33,22)(3,28,38,54,15,46,32,24)(4,26,42,51,16,44,36,21)(5,29,41,53,17,47,35,23)(6,27,40,50,18,45,34,20)(8,12,9,10)
(1,51,35,44,37,9,29,14)(2,49,33,47,38,7,27,17)(3,53,32,43,39,11,26,13)(4,52,34,46,40,10,28,16)(5,50,31,45,41,8,25,15)(6,54,36,48,42,12,30,18)(19,21,23,20)
(1,14,29,9,37,44,35,51)(2,17,27,7,38,47,33,49)(3,13,26,11,39,43,32,53)(4,16,28,10,40,46,34,52)(5,15,25,8,41,45,31,50)(6,18,30,12,42,48,36,54)(19,20,23,21)
(1,44,29,51,37,14,35,9)(2,47,27,49,38,17,33,7)(3,43,26,53,39,13,32,11)(4,46,28,52,40,16,34,10)(5,45,25,50,41,15,31,8)(6,48,30,54,42,18,36,12)(19,20,23,21)
(1,15,23,38,25,33,11,44)(2,13,21,41,26,31,9,47)(3,17,20,37,27,35,8,43)(4,16,22,40,28,34,10,46)(5,14,19,39,29,32,7,45)(6,18,24,42,30,36,12,48)(49,51,53,50)
(1,33,23,44,25,15,11,38)(2,31,21,47,26,13,9,41)(3,35,20,43,27,17,8,37)(4,34,22,46,28,16,10,40)(5,32,19,45,29,14,7,39)(6,36,24,48,30,18,12,42)(49,51,53,50)
(1,38,11,15,25,44,23,33)(2,41,9,13,26,47,21,31)(3,37,8,17,27,43,20,35)(4,40,10,16,28,46,22,34)(5,39,7,14,29,45,19,32)(6,42,12,18,30,48,24,36)(49,50,53,51)
(1,44,11,33,25,38,23,15)(2,47,9,31,26,41,21,13)(3,43,8,35,27,37,20,17)(4,46,10,34,28,40,22,16)(5,45,7,32,29,39,19,14)(6,48,12,36,30,42,24,18)(49,50,53,51)
(1,49,7,13,31,37,25,19)(2,54,9,16,32,42,27,22)(3,52,8,18,33,40,26,24)(4,50,12,15,34,38,30,21)(5,53,11,17,35,41,29,23)(6,51,10,14,36,39,28,20)(44,48,45,46)
(1,37,7,19,31,49,25,13)(2,42,9,22,32,54,27,16)(3,40,8,24,33,52,26,18)(4,38,12,21,34,50,30,15)(5,41,11,23,35,53,29,17)(6,39,10,20,36,51,28,14)(44,48,45,46)
(1,13,37,7,25,31,43,19)(2,16,39,12,26,34,45,24)(3,18,38,10,27,36,44,22)(4,15,42,8,28,33,48,20)(5,17,41,11,29,35,47,23)(6,14,40,9,30,32,46,21)(50,52,51,54)
(1,27,47,32,19,15,53,8)(2,25,45,35,20,13,51,11)(3,29,44,31,21,17,50,7)(4,28,46,34,22,16,52,10)(5,26,43,33,23,14,49,9)(6,30,48,36,24,18,54,12)(37,39,41,38)
(1,15,47,8,19,27,53,32)(2,13,45,11,20,25,51,35)(3,17,44,7,21,29,50,31)(4,16,46,10,22,28,52,34)(5,14,43,9,23,26,49,33)(6,18,48,12,24,30,54,36)(37,39,41,38)
(1,32,53,27,19,8,47,15)(2,35,51,25,20,11,45,13)(3,31,50,29,21,7,44,17)(4,34,52,28,22,10,46,16)(5,33,49,26,23,9,43,14)(6,36,54,30,24,12,48,18)(37,38,41,39)
(1,8,53,15,19,32,47,27)(2,11,51,13,20,35,45,25)(3,7,50,17,21,31,44,29)(4,10,52,16,22,34,46,28)(5,9,49,14,23,33,43,26)(6,12,54,18,24,36,48,30)(37,38,41,39)
(1,31,37,19,25,13,43,7)(2,34,39,24,26,16,45,12)(3,36,38,22,27,18,44,10)(4,33,42,20,28,15,48,8)(5,35,41,23,29,17,47,11)(6,32,40,21,30,14,46,9)(50,52,51,54)
(1,7,43,13,25,19,37,31)(2,12,45,16,26,24,39,34)(3,10,44,18,27,22,38,36)(4,8,48,15,28,20,42,33)(5,11,47,17,29,23,41,35)(6,9,46,14,30,21,40,32)(50,54,51,52)
(1,45,41,32,49,9,17,20)(2,43,39,35,50,7,15,23)(3,47,38,31,51,11,14,19)(4,46,40,34,52,10,16,22)(5,44,37,33,53,8,13,21)(6,48,42,36,54,12,18,24)(25,27,29,26)
(1,9,41,20,49,45,17,32)(2,7,39,23,50,43,15,35)(3,11,38,19,51,47,14,31)(4,10,40,22,52,46,16,34)(5,8,37,21,53,44,13,33)(6,12,42,24,54,48,18,36)(25,27,29,26)
(1,32,17,45,49,20,41,9)(2,35,15,43,50,23,39,7)(3,31,14,47,51,19,38,11)(4,34,16,46,52,22,40,10)(5,33,13,44,53,21,37,8)(6,36,18,48,54,24,42,12)(25,26,29,27)
(1,20,17,9,49,32,41,45)(2,23,15,7,50,35,39,43)(3,19,14,11,51,31,38,47)(4,22,16,10,52,34,40,46)(5,21,13,8,53,33,37,44)(6,24,18,12,54,36,42,48)(25,26,29,27)
(1,33,29,50,13,39,47,20)(2,31,27,53,14,37,45,23)(3,35,26,49,15,41,44,19)(4,34,28,52,16,40,46,22)(5,32,25,51,17,38,43,21)(6,36,30,54,18,42,48,24)(7,9,11,8)
(1,39,29,20,13,33,47,50)(2,37,27,23,14,31,45,53)(3,41,26,19,15,35,44,49)(4,40,28,22,16,34,46,52)(5,38,25,21,17,32,43,51)(6,42,30,24,18,36,48,54)(7,9,11,8)
(1,50,47,33,13,20,29,39)(2,53,45,31,14,23,27,37)(3,49,44,35,15,19,26,41)(4,52,46,34,16,22,28,40)(5,51,43,32,17,21,25,38)(6,54,48,36,18,24,30,42)(7,8,11,9)
(1,20,47,39,13,50,29,33)(2,23,45,37,14,53,27,31)(3,19,44,41,15,49,26,35)(4,22,46,40,16,52,28,34)(5,21,43,38,17,51,25,32)(6,24,48,42,18,54,30,36)(7,8,11,9)
(1,19,43,31,25,7,37,13)(2,24,45,34,26,12,39,16)(3,22,44,36,27,10,38,18)(4,20,48,33,28,8,42,15)(5,23,47,35,29,11,41,17)(6,21,46,32,30,9,40,14)(50,54,51,52)
(1,43,49,31,37,13,7,25)(2,48,51,34,38,18,9,28)(3,46,50,36,39,16,8,30)(4,44,54,33,40,14,12,27)(5,47,53,35,41,17,11,29)(6,45,52,32,42,15,10,26)(20,24,21,22)
(1,25,7,13,37,31,49,43)(2,28,9,18,38,34,51,48)(3,30,8,16,39,36,50,46)(4,27,12,14,40,33,54,44)(5,29,11,17,41,35,53,47)(6,26,10,15,42,32,52,45)(20,22,21,24)
(1,31,7,43,37,25,49,13)(2,34,9,48,38,28,51,18)(3,36,8,46,39,30,50,16)(4,33,12,44,40,27,54,14)(5,35,11,47,41,29,53,17)(6,32,10,45,42,26,52,15)(20,22,21,24)
(1,13,31,7,49,37,19,43)(2,18,33,10,50,42,21,46)(3,16,32,12,51,40,20,48)(4,14,36,9,52,38,24,45)(5,17,35,11,53,41,23,47)(6,15,34,8,54,39,22,44)(26,30,27,28)
(1,21,11,14,43,27,41,50)(2,19,9,17,44,25,39,53)(3,23,8,13,45,29,38,49)(4,22,10,16,46,28,40,52)(5,20,7,15,47,26,37,51)(6,24,12,18,48,30,42,54)(31,33,35,32)
(1,27,11,50,43,21,41,14)(2,25,9,53,44,19,39,17)(3,29,8,49,45,23,38,13)(4,28,10,52,46,22,40,16)(5,26,7,51,47,20,37,15)(6,30,12,54,48,24,42,18)(31,33,35,32)
(1,14,41,21,43,50,11,27)(2,17,39,19,44,53,9,25)(3,13,38,23,45,49,8,29)(4,16,40,22,46,52,10,28)(5,15,37,20,47,51,7,26)(6,18,42,24,48,54,12,30)(31,32,35,33)
(1,50,41,27,43,14,11,21)(2,53,39,25,44,17,9,19)(3,49,38,29,45,13,8,23)(4,52,40,28,46,16,10,22)(5,51,37,26,47,15,7,20)(6,54,42,30,48,18,12,24)(31,32,35,33)
(1,37,31,43,49,13,19,7)(2,42,33,46,50,18,21,10)(3,40,32,48,51,16,20,12)(4,38,36,45,52,14,24,9)(5,41,35,47,53,17,23,11)(6,39,34,44,54,15,22,8)(26,30,27,28)
(1,7,19,13,49,43,31,37)(2,10,21,18,50,46,33,42)(3,12,20,16,51,48,32,40)(4,9,24,14,52,45,36,38)(5,11,23,17,53,47,35,41)(6,8,22,15,54,44,34,39)(26,28,27,30)
(1,43,19,37,49,7,31,13)(2,46,21,42,50,10,33,18)(3,48,20,40,51,12,32,16)(4,45,24,38,52,9,36,14)(5,47,23,41,53,11,35,17)(6,44,22,39,54,8,34,15)(26,28,27,30)
(1,6,5,4)(7,54,35,22,13,30,47,40)(8,50,32,20,14,26,44,38)(9,51,33,21,15,27,45,39)(10,49,36,23,16,25,48,41)(11,52,31,24,17,28,43,42)(12,53,34,19,18,29,46,37)
(1,6,5,4)(7,30,35,40,13,54,47,22)(8,26,32,38,14,50,44,20)(9,27,33,39,15,51,45,21)(10,25,36,41,16,49,48,23)(11,28,31,42,17,52,43,24)(12,29,34,37,18,53,46,19)
(1,4,5,6)(7,22,47,54,13,40,35,30)(8,20,44,50,14,38,32,26)(9,21,45,51,15,39,33,27)(10,23,48,49,16,41,36,25)(11,24,43,52,17,42,31,28)(12,19,46,53,18,37,34,29)
(1,36,17,10,37,30,47,52)(2,32,14,8,38,26,44,50)(3,33,15,9,39,27,45,51)(4,31,18,11,40,25,48,53)(5,34,13,12,41,28,43,54)(6,35,16,7,42,29,46,49)(19,24,23,22)
(1,30,17,52,37,36,47,10)(2,26,14,50,38,32,44,8)(3,27,15,51,39,33,45,9)(4,25,18,53,40,31,48,11)(5,28,13,54,41,34,43,12)(6,29,16,49,42,35,46,7)(19,24,23,22)
(1,10,47,36,37,52,17,30)(2,8,44,32,38,50,14,26)(3,9,45,33,39,51,15,27)(4,11,48,31,40,53,18,25)(5,12,43,34,41,54,13,28)(6,7,46,35,42,49,16,29)(19,22,23,24)
(1,52,47,30,37,10,17,36)(2,50,44,26,38,8,14,32)(3,51,45,27,39,9,15,33)(4,53,48,25,40,11,18,31)(5,54,43,28,41,12,13,34)(6,49,46,29,42,7,16,35)(19,22,23,24)
(1,48,29,34,7,24,41,52)(2,44,26,32,8,20,38,50)(3,45,27,33,9,21,39,51)(4,43,30,35,10,19,42,53)(5,46,25,36,11,22,37,54)(6,47,28,31,12,23,40,49)(13,18,17,16)
(1,24,29,52,7,48,41,34)(2,20,26,50,8,44,38,32)(3,21,27,51,9,45,39,33)(4,19,30,53,10,43,42,35)(5,22,25,54,11,46,37,36)(6,23,28,49,12,47,40,31)(13,18,17,16)
(1,34,41,48,7,52,29,24)(2,32,38,44,8,50,26,20)(3,33,39,45,9,51,27,21)(4,35,42,43,10,53,30,19)(5,36,37,46,11,54,25,22)(6,31,40,47,12,49,28,23)(13,16,17,18)
(1,52,41,24,7,34,29,48)(2,50,38,20,8,32,26,44)(3,51,39,21,9,33,27,45)(4,53,42,19,10,35,30,43)(5,54,37,22,11,36,25,46)(6,49,40,23,12,31,28,47)(13,16,17,18)
(1,4,5,6)(7,40,47,30,13,22,35,54)(8,38,44,26,14,20,32,50)(9,39,45,27,15,21,33,51)(10,41,48,25,16,23,36,49)(11,42,43,28,17,24,31,52)(12,37,46,29,18,19,34,53)
(1,3,5,2)(7,51,41,32,13,27,23,44)(8,49,39,35,14,25,21,47)(9,53,38,31,15,29,20,43)(10,52,40,34,16,28,22,46)(11,50,37,33,17,26,19,45)(12,54,42,36,18,30,24,48)
(1,3,5,2)(7,27,41,44,13,51,23,32)(8,25,39,47,14,49,21,35)(9,29,38,43,15,53,20,31)(10,28,40,46,16,52,22,34)(11,26,37,45,17,50,19,33)(12,30,42,48,18,54,24,36)
(1,18,47,34,49,42,11,22)(2,14,44,32,50,38,8,20)(3,15,45,33,51,39,9,21)(4,13,48,35,52,37,12,23)(5,16,43,36,53,40,7,24)(6,17,46,31,54,41,10,19)(25,30,29,28)
(1,42,47,22,49,18,11,34)(2,38,44,20,50,14,8,32)(3,39,45,21,51,15,9,33)(4,37,48,23,52,13,12,35)(5,40,43,24,53,16,7,36)(6,41,46,19,54,17,10,31)(25,30,29,28)
(1,34,11,18,49,22,47,42)(2,32,8,14,50,20,44,38)(3,33,9,15,51,21,45,39)(4,35,12,13,52,23,48,37)(5,36,7,16,53,24,43,40)(6,31,10,17,54,19,46,41)(25,28,29,30)
(2,4,3,6)(7,43,49,19,13,31,25,37)(8,46,51,24,14,34,27,42)(9,48,50,22,15,36,26,40)(10,45,54,20,16,33,30,38)(11,47,53,23,17,35,29,41)(12,44,52,21,18,32,28,39)
(1,12,41,16,31,30,53,22)(2,8,38,14,32,26,50,20)(3,9,39,15,33,27,51,21)(4,7,42,17,34,25,54,23)(5,10,37,18,35,28,49,24)(6,11,40,13,36,29,52,19)(43,48,47,46)
(1,30,41,22,31,12,53,16)(2,26,38,20,32,8,50,14)(3,27,39,21,33,9,51,15)(4,25,42,23,34,7,54,17)(5,28,37,24,35,10,49,18)(6,29,40,19,36,11,52,13)(43,48,47,46)
(1,16,53,12,31,22,41,30)(2,14,50,8,32,20,38,26)(3,15,51,9,33,21,39,27)(4,17,54,7,34,23,42,25)(5,18,49,10,35,24,37,28)(6,13,52,11,36,19,40,29)(43,46,47,48)
(1,22,53,30,31,16,41,12)(2,20,50,26,32,14,38,8)(3,21,51,27,33,15,39,9)(4,23,54,25,34,17,42,7)(5,24,49,28,35,18,37,10)(6,19,52,29,36,13,40,11)(43,46,47,48)
(1,2,5,3)(7,32,23,51,13,44,41,27)(8,35,21,49,14,47,39,25)(9,31,20,53,15,43,38,29)(10,34,22,52,16,46,40,28)(11,33,19,50,17,45,37,26)(12,36,24,54,18,48,42,30)
(1,2,5,3)(7,44,23,27,13,32,41,51)(8,47,21,25,14,35,39,49)(9,43,20,29,15,31,38,53)(10,46,22,28,16,34,40,52)(11,45,19,26,17,33,37,50)(12,48,24,30,18,36,42,54)
(1,54,23,40,43,18,29,10)(2,50,20,38,44,14,26,8)(3,51,21,39,45,15,27,9)(4,49,24,41,46,13,30,11)(5,52,19,42,47,16,25,12)(6,53,22,37,48,17,28,7)(31,36,35,34)
(1,18,23,10,43,54,29,40)(2,14,20,8,44,50,26,38)(3,15,21,9,45,51,27,39)(4,13,24,11,46,49,30,41)(5,16,19,12,47,52,25,42)(6,17,22,7,48,53,28,37)(31,36,35,34)
(1,40,29,54,43,10,23,18)(2,38,26,50,44,8,20,14)(3,39,27,51,45,9,21,15)(4,41,30,49,46,11,24,13)(5,42,25,52,47,12,19,16)(6,37,28,53,48,7,22,17)(31,34,35,36)
(1,10,29,18,43,40,23,54)(2,8,26,14,44,38,20,50)(3,9,27,15,45,39,21,51)(4,11,30,13,46,41,24,49)(5,12,25,16,47,42,19,52)(6,7,28,17,48,37,22,53)(31,34,35,36)
(2,6,3,4)(7,37,25,31,13,19,49,43)(8,42,27,34,14,24,51,46)(9,40,26,36,15,22,50,48)(10,38,30,33,16,20,54,45)(11,41,29,35,17,23,53,47)(12,39,28,32,18,21,52,44)
(1,54,11,28,19,48,35,16)(2,50,8,26,20,44,32,14)(3,51,9,27,21,45,33,15)(4,49,12,29,22,43,36,17)(5,52,7,30,23,46,31,18)(6,53,10,25,24,47,34,13)(37,42,41,40)
(1,48,11,16,19,54,35,28)(2,44,8,14,20,50,32,26)(3,45,9,15,21,51,33,27)(4,43,12,17,22,49,36,29)(5,46,7,18,23,52,31,30)(6,47,10,13,24,53,34,25)(37,42,41,40)
(1,28,35,54,19,16,11,48)(2,26,32,50,20,14,8,44)(3,27,33,51,21,15,9,45)(4,29,36,49,22,17,12,43)(5,30,31,52,23,18,7,46)(6,25,34,53,24,13,10,47)(37,40,41,42)
(1,16,35,48,19,28,11,54)(2,14,32,44,20,26,8,50)(3,15,33,45,21,27,9,51)(4,17,36,43,22,29,12,49)(5,18,31,46,23,30,7,52)(6,13,34,47,24,25,10,53)(37,40,41,42)
(2,6,3,4)(7,19,25,43,13,37,49,31)(8,24,27,46,14,42,51,34)(9,22,26,48,15,40,50,36)(10,20,30,45,16,38,54,33)(11,23,29,47,17,41,53,35)(12,21,28,44,18,39,52,32)
(2,4,3,6)(7,31,49,37,13,43,25,19)(8,34,51,42,14,46,27,24)(9,36,50,40,15,48,26,22)(10,33,54,38,16,45,30,20)(11,35,53,41,17,47,29,23)(12,32,52,39,18,44,28,21)
(1,12,35,46,25,24,17,40)(2,8,32,44,26,20,14,38)(3,9,33,45,27,21,15,39)(4,7,36,47,28,19,18,41)(5,10,31,48,29,22,13,42)(6,11,34,43,30,23,16,37)(49,54,53,52)
(1,24,35,40,25,12,17,46)(2,20,32,38,26,8,14,44)(3,21,33,39,27,9,15,45)(4,19,36,41,28,7,18,47)(5,22,31,42,29,10,13,48)(6,23,34,37,30,11,16,43)(49,54,53,52)
(1,46,17,12,25,40,35,24)(2,44,14,8,26,38,32,20)(3,45,15,9,27,39,33,21)(4,47,18,7,28,41,36,19)(5,48,13,10,29,42,31,22)(6,43,16,11,30,37,34,23)(49,52,53,54)
(1,40,17,24,25,46,35,12)(2,38,14,20,26,44,32,8)(3,39,15,21,27,45,33,9)(4,41,18,19,28,47,36,7)(5,42,13,22,29,48,31,10)(6,37,16,23,30,43,34,11)(49,52,53,54)
(1,36,53,46,13,42,23,28)(2,32,50,44,14,38,20,26)(3,33,51,45,15,39,21,27)(4,31,54,47,16,37,24,29)(5,34,49,48,17,40,19,30)(6,35,52,43,18,41,22,25)(7,12,11,10)
(1,42,53,28,13,36,23,46)(2,38,50,26,14,32,20,44)(3,39,51,27,15,33,21,45)(4,37,54,29,16,31,24,47)(5,40,49,30,17,34,19,48)(6,41,52,25,18,35,22,43)(7,12,11,10)
(1,46,23,36,13,28,53,42)(2,44,20,32,14,26,50,38)(3,45,21,33,15,27,51,39)(4,47,24,31,16,29,54,37)(5,48,19,34,17,30,49,40)(6,43,22,35,18,25,52,41)(7,10,11,12)
(1,28,23,42,13,46,53,36)(2,26,20,38,14,44,50,32)(3,27,21,39,15,45,51,33)(4,29,24,37,16,47,54,31)(5,30,19,40,17,48,49,34)(6,25,22,41,18,43,52,35)(7,10,11,12)
(1,22,11,42,49,34,47,18)(2,20,8,38,50,32,44,14)(3,21,9,39,51,33,45,15)(4,23,12,37,52,35,48,13)(5,24,7,40,53,36,43,16)(6,19,10,41,54,31,46,17)(25,28,29,30)
(1,13,49,25,37,43,7,31)(2,18,51,28,38,48,9,34)(3,16,50,30,39,46,8,36)(4,14,54,27,40,44,12,33)(5,17,53,29,41,47,11,35)(6,15,52,26,42,45,10,32)(20,24,21,22)