1 8 42
1 8 46
1 14 24
1 14 34
1 24 51
1 27 34
1 27 42
1 46 51
2 7 22
2 7 30
2 13 40
2 13 54
2 22 47
2 30 35
2 35 40
2 47 54
3 10 41
3 10 49
3 16 23
3 16 25
3 23 36
3 25 48
3 36 49
3 41 48
4 9 29
4 9 31
4 15 43
4 15 53
4 20 31
4 20 53
4 29 38
4 38 43
5 12 21
5 12 32
5 18 39
5 18 44
5 21 28
5 28 44
5 32 52
5 39 52
6 11 45
6 11 50
6 17 26
6 17 33
6 19 26
6 19 45
6 33 37
6 37 50
7 14 48
7 14 52
7 22 33
7 30 39
7 33 48
7 39 52
8 13 28
8 13 36
8 23 36
8 23 46
8 28 53
8 42 53
9 16 37
9 16 47
9 24 29
9 24 37
9 31 54
9 47 54
10 15 19
10 15 35
10 19 26
10 26 41
10 35 44
10 44 49
11 18 20
11 18 27
11 20 40
11 27 34
11 34 50
11 40 45
12 17 38
12 17 51
12 21 43
12 25 32
12 25 51
12 38 43
13 21 28
13 21 54
13 36 45
13 40 45
14 24 29
14 29 52
14 34 41
14 41 48
15 19 42
15 30 35
15 30 43
15 42 53
16 23 50
16 25 32
16 32 47
16 37 50
17 22 33
17 22 38
17 26 46
17 46 51
18 20 31
18 27 49
18 31 39
18 44 49
19 32 42
19 32 52
19 45 52
20 25 40
20 25 48
20 48 53
21 34 41
21 34 43
21 41 54
22 27 47
22 27 49
22 38 49
23 30 39
23 30 50
23 39 46
24 35 44
24 35 51
24 37 44
25 40 51
26 31 46
26 31 54
26 41 54
27 42 47
28 33 37
28 33 53
28 37 44
29 36 38
29 36 45
29 45 52
30 43 50
31 39 46
32 42 47
33 48 53
34 43 50
35 40 51
36 38 49