1 10 14
1 10 63
1 14 99
1 54 63
1 54 183
1 95 99
1 95 183
2 4 5
2 4 185
2 5 181
2 108 134
2 108 164
2 134 181
2 164 185
3 15 17
3 15 92
3 17 114
3 63 92
3 63 136
3 111 114
3 111 136
4 5 191
4 55 155
4 55 186
4 155 191
4 185 186
5 91 171
5 91 182
5 171 181
5 182 191
6 8 9
6 8 64
6 9 54
6 54 92
6 61 64
6 61 148
6 92 148
7 11 24
7 11 155
7 24 31
7 31 33
7 33 66
7 64 66
7 64 155
8 9 153
8 64 191
8 70 153
8 70 157
8 157 191
9 54 98
9 75 120
9 75 153
9 98 120
10 14 172
10 34 59
10 34 110
10 59 172
10 63 110
11 24 59
11 27 30
11 27 59
11 30 65
11 65 155
12 18 23
12 18 164
12 23 124
12 106 114
12 106 123
12 114 164
12 123 124
13 21 22
13 21 36
13 22 27
13 27 37
13 36 139
13 37 184
13 139 184
14 99 181
14 117 169
14 117 172
14 169 181
15 17 139
15 42 76
15 42 139
15 58 76
15 58 92
16 19 20
16 19 42
16 20 171
16 36 42
16 36 73
16 73 94
16 94 171
17 26 139
17 26 165
17 114 185
17 165 185
18 23 75
18 75 77
18 77 122
18 107 122
18 107 164
19 20 74
19 31 74
19 31 141
19 42 69
19 69 141
20 74 78
20 78 93
20 93 99
20 99 171
21 22 77
21 36 72
21 72 170
21 77 153
21 153 170
22 27 172
22 77 118
22 118 168
22 168 172
23 74 124
23 74 140
23 75 112
23 112 140
24 28 59
24 28 147
24 31 124
24 124 147
25 26 29
25 26 162
25 29 132
25 121 144
25 121 150
25 132 144
25 150 162
26 29 184
26 139 184
26 162 165
27 30 37
27 59 172
28 34 41
28 34 59
28 41 126
28 125 126
28 125 147
29 53 135
29 53 163
29 132 163
29 135 184
30 37 173
30 65 96
30 96 104
30 104 173
31 33 141
31 74 124
32 44 45
32 44 80
32 45 69
32 69 81
32 80 166
32 81 160
32 160 166
33 66 132
33 89 131
33 89 141
33 131 132
34 41 166
34 62 110
34 62 166
35 38 40
35 38 62
35 40 163
35 57 107
35 57 163
35 62 80
35 80 107
36 42 139
36 72 73
37 102 137
37 102 173
37 137 184
38 40 109
38 60 62
38 60 176
38 73 109
38 73 176
39 43 46
39 43 150
39 46 94
39 91 94
39 91 119
39 119 126
39 126 150
40 61 66
40 61 105
40 66 163
40 105 109
41 67 149
41 67 166
41 126 162
41 149 162
42 69 76
43 46 104
43 85 98
43 85 104
43 98 120
43 120 150
44 45 85
44 80 108
44 85 173
44 108 133
44 133 173
45 69 141
45 85 90
45 90 187
45 141 187
46 87 104
46 87 158
46 94 109
46 109 158
47 56 58
47 56 125
47 58 100
47 84 100
47 84 177
47 119 125
47 119 177
48 55 65
48 55 83
48 65 79
48 79 100
48 82 83
48 82 143
48 100 143
49 50 52
49 50 175
49 52 189
49 123 147
49 123 190
49 147 175
49 189 190
50 52 192
50 72 152
50 72 176
50 152 175
50 176 192
51 53 57
51 53 95
51 57 84
51 79 84
51 79 154
51 93 95
51 93 154
52 90 167
52 90 183
52 167 192
52 183 189
53 57 163
53 95 189
53 135 189
54 63 92
54 98 183
55 65 155
55 83 192
55 186 192
56 58 148
56 103 129
56 103 148
56 125 175
56 129 175
57 84 122
57 107 122
58 76 100
58 92 148
60 62 110
60 71 83
60 71 113
60 83 176
60 110 113
61 64 66
61 105 130
61 130 148
62 80 166
63 110 136
64 155 191
65 79 96
66 132 163
67 68 70
67 68 151
67 70 160
67 149 151
67 160 166
68 70 170
68 97 145
68 97 154
68 145 170
68 151 154
69 76 81
70 153 170
70 157 160
71 82 83
71 82 112
71 112 140
71 113 179
71 140 179
72 73 176
72 152 170
73 94 109
74 78 140
75 77 153
75 112 120
76 81 143
76 100 143
77 118 122
78 93 151
78 101 140
78 101 159
78 151 159
79 84 100
79 96 154
80 107 108
81 115 143
81 115 174
81 160 174
82 112 121
82 121 128
82 128 143
83 176 192
84 122 177
85 90 98
85 104 173
86 88 89
86 88 180
86 89 142
86 113 136
86 113 188
86 136 142
86 180 188
87 96 97
87 96 104
87 97 111
87 106 111
87 106 158
88 89 187
88 118 127
88 118 177
88 127 187
88 177 180
89 131 142
89 141 187
90 98 183
90 167 187
91 94 171
91 119 180
91 180 182
93 95 99
93 151 154
95 183 189
96 97 154
97 111 142
97 142 145
99 171 181
101 102 103
101 102 179
101 103 130
101 130 159
101 140 179
102 103 133
102 133 173
102 137 179
103 129 133
103 130 148
105 109 158
105 116 158
105 116 178
105 130 178
106 111 114
106 123 161
106 158 161
107 108 164
108 133 134
110 113 136
111 136 142
112 120 121
113 179 188
114 164 185
115 116 117
115 116 161
115 117 128
115 128 143
115 161 174
116 117 168
116 158 161
116 168 178
117 128 169
117 168 172
118 122 177
118 127 168
119 125 126
119 177 180
120 121 150
121 128 144
123 124 147
123 161 190
125 147 175
126 150 162
127 156 167
127 156 178
127 167 187
127 168 178
128 144 169
129 133 134
129 134 146
129 146 152
129 152 175
130 159 178
131 132 144
131 142 145
131 144 146
131 145 146
134 146 169
134 169 181
135 137 138
135 137 184
135 138 190
135 189 190
137 138 188
137 179 188
138 157 174
138 157 182
138 174 190
138 182 188
144 146 169
145 146 152
145 152 170
149 151 159
149 156 159
149 156 165
149 162 165
156 159 178
156 165 186
156 167 186
157 160 174
157 182 191
161 174 190
165 185 186
167 186 192
180 182 188