1 9 23
1 9 40
1 12 26
1 12 42
1 14 28
1 14 37
1 23 35
1 26 30
1 28 33
1 30 37
1 33 40
1 35 42
2 9 25
2 9 37
2 10 22
2 10 39
2 13 23
2 13 36
2 22 34
2 23 30
2 25 31
2 30 39
2 31 36
2 34 37
3 8 25
3 8 41
3 9 26
3 9 39
3 11 27
3 11 40
3 25 30
3 26 32
3 27 29
3 29 39
3 30 40
3 32 41
4 8 27
4 8 38
4 13 24
4 13 37
4 14 23
4 14 41
4 23 34
4 24 29
4 27 35
4 29 41
4 34 38
4 35 37
5 11 26
5 11 36
5 12 24
5 12 40
5 13 22
5 13 38
5 22 32
5 24 34
5 26 33
5 32 40
5 33 38
5 34 36
6 8 24
6 8 39
6 10 25
6 10 42
6 12 28
6 12 38
6 24 33
6 25 29
6 28 31
6 29 38
6 31 39
6 33 42
7 10 28
7 10 36
7 11 22
7 11 41
7 14 27
7 14 42
7 22 31
7 27 32
7 28 35
7 31 42
7 32 36
7 35 41
8 17 27
8 17 39
8 18 24
8 18 41
8 20 25
8 20 38
9 15 26
9 15 37
9 16 23
9 16 39
9 17 25
9 17 40
10 16 25
10 16 36
10 20 28
10 20 39
10 21 22
10 21 42
11 17 26
11 17 41
11 19 22
11 19 40
11 21 27
11 21 36
12 15 28
12 15 40
12 19 26
12 19 38
12 20 24
12 20 42
13 16 22
13 16 37
13 18 23
13 18 38
13 19 24
13 19 36
14 15 23
14 15 42
14 18 27
14 18 37
14 21 28
14 21 41
15 23 30
15 26 33
15 28 35
15 30 40
15 33 42
15 35 37
16 22 31
16 23 34
16 25 30
16 30 37
16 31 39
16 34 36
17 25 29
17 26 30
17 27 32
17 29 41
17 30 39
17 32 40
18 23 35
18 24 34
18 27 29
18 29 38
18 34 37
18 35 41
19 22 34
19 24 33
19 26 32
19 32 36
19 33 40
19 34 38
20 24 29
20 25 31
20 28 33
20 29 39
20 31 42
20 33 38
21 22 32
21 27 35
21 28 31
21 31 36
21 32 41
21 35 42