(1,15)(2,20)(3,21)(4,19)(5,18)(6,16)(7,17)(8,22)(9,28)(10,25)(11,27)(12,23)(13,24)(14,26)(29,36)(30,42)(31,39)(32,41)(33,37)(34,38)(35,40)
(1,15)(2,20)(3,21)(4,19)(5,18)(6,16)(7,17)(8,36)(9,42)(10,39)(11,41)(12,37)(13,38)(14,40)(22,29)(23,33)(24,34)(25,31)(26,35)(27,32)(28,30)
(1,27)(2,22)(3,26)(4,28)(5,25)(6,24)(7,23)(8,33)(9,32)(10,34)(11,30)(12,29)(13,31)(14,35)(15,41)(16,36)(17,40)(18,42)(19,39)(20,38)(21,37)
(1,23)(2,28)(3,27)(4,26)(5,24)(6,22)(7,25)(8,32)(9,35)(10,31)(11,29)(12,34)(13,33)(14,30)(15,37)(16,42)(17,41)(18,40)(19,38)(20,36)(21,39)
(1,26)(2,24)(3,28)(4,22)(5,23)(6,25)(7,27)(8,31)(9,33)(10,29)(11,35)(12,30)(13,34)(14,32)(15,40)(16,38)(17,42)(18,36)(19,37)(20,39)(21,41)
(1,24)(2,27)(3,25)(4,23)(5,28)(6,26)(7,22)(8,30)(9,29)(10,32)(11,31)(12,33)(13,35)(14,34)(15,38)(16,41)(17,39)(18,37)(19,42)(20,40)(21,36)
(1,28)(2,25)(3,22)(4,24)(5,27)(6,23)(7,26)(8,34)(9,31)(10,30)(11,32)(12,35)(13,29)(14,33)(15,42)(16,39)(17,36)(18,38)(19,41)(20,37)(21,40)
(1,25)(2,26)(3,23)(4,27)(5,22)(6,28)(7,24)(8,35)(9,30)(10,33)(11,34)(12,31)(13,32)(14,29)(15,39)(16,40)(17,37)(18,41)(19,36)(20,42)(21,38)
(1,21)(2,16)(3,19)(4,20)(5,17)(6,18)(7,15)(8,38)(9,36)(10,37)(11,40)(12,41)(13,39)(14,42)(22,30)(23,31)(24,29)(25,34)(26,32)(27,33)(28,35)
(1,18)(2,21)(3,17)(4,15)(5,20)(6,19)(7,16)(8,40)(9,41)(10,36)(11,39)(12,38)(13,42)(14,37)(22,31)(23,35)(24,33)(25,32)(26,29)(27,30)(28,34)
(1,30)(2,33)(3,35)(4,32)(5,34)(6,31)(7,29)(8,21)(9,15)(10,20)(11,18)(12,16)(13,19)(14,17)(22,38)(23,40)(24,36)(25,42)(26,37)(27,41)(28,39)
(1,40)(2,38)(3,42)(4,36)(5,37)(6,39)(7,41)(8,31)(9,33)(10,29)(11,35)(12,30)(13,34)(14,32)(15,26)(16,24)(17,28)(18,22)(19,23)(20,25)(21,27)
(1,34)(2,35)(3,29)(4,30)(5,33)(6,32)(7,31)(8,17)(9,18)(10,21)(11,20)(12,19)(13,15)(14,16)(22,42)(23,37)(24,40)(25,41)(26,38)(27,39)(28,36)
(1,32)(2,34)(3,33)(4,31)(5,30)(6,29)(7,35)(8,20)(9,19)(10,18)(11,15)(12,17)(13,16)(14,21)(22,37)(23,36)(24,39)(25,38)(26,40)(27,42)(28,41)
(1,31)(2,30)(3,34)(4,29)(5,32)(6,35)(7,33)(8,18)(9,16)(10,15)(11,19)(12,21)(13,17)(14,20)(22,40)(23,39)(24,41)(25,37)(26,36)(27,38)(28,42)
(1,36)(2,37)(3,38)(4,39)(5,40)(6,41)(7,42)(8,29)(9,34)(10,35)(11,33)(12,32)(13,30)(14,31)(15,22)(16,23)(17,24)(18,25)(19,26)(20,27)(21,28)
(1,8)(2,11)(3,9)(4,14)(5,10)(6,12)(7,13)(15,29)(16,32)(17,30)(18,35)(19,31)(20,33)(21,34)(22,36)(23,41)(24,42)(25,40)(26,39)(27,37)(28,38)
(1,35)(2,31)(3,32)(4,33)(5,29)(6,34)(7,30)(8,19)(9,21)(10,16)(11,17)(12,18)(13,20)(14,15)(22,39)(23,42)(24,38)(25,36)(26,41)(27,40)(28,37)
(1,33)(2,29)(3,31)(4,34)(5,35)(6,30)(7,32)(8,16)(9,20)(10,17)(11,21)(12,15)(13,18)(14,19)(22,41)(23,38)(24,37)(25,39)(26,42)(27,36)(28,40)
(1,12)(2,8)(3,10)(4,13)(5,14)(6,9)(7,11)(15,33)(16,29)(17,31)(18,34)(19,35)(20,30)(21,32)(22,41)(23,38)(24,37)(25,39)(26,42)(27,36)(28,40)
(1,11)(2,13)(3,12)(4,10)(5,9)(6,8)(7,14)(15,32)(16,34)(17,33)(18,31)(19,30)(20,29)(21,35)(22,37)(23,36)(24,39)(25,38)(26,40)(27,42)(28,41)
(1,13)(2,14)(3,8)(4,9)(5,12)(6,11)(7,10)(15,34)(16,35)(17,29)(18,30)(19,33)(20,32)(21,31)(22,42)(23,37)(24,40)(25,41)(26,38)(27,39)(28,36)
(1,14)(2,10)(3,11)(4,12)(5,8)(6,13)(7,9)(15,35)(16,31)(17,32)(18,33)(19,29)(20,34)(21,30)(22,39)(23,42)(24,38)(25,36)(26,41)(27,40)(28,37)
(1,10)(2,9)(3,13)(4,8)(5,11)(6,14)(7,12)(15,31)(16,30)(17,34)(18,29)(19,32)(20,35)(21,33)(22,40)(23,39)(24,41)(25,37)(26,36)(27,38)(28,42)
(1,9)(2,12)(3,14)(4,11)(5,13)(6,10)(7,8)(15,30)(16,33)(17,35)(18,32)(19,34)(20,31)(21,29)(22,38)(23,40)(24,36)(25,42)(26,37)(27,41)(28,39)
(1,37)(2,42)(3,41)(4,40)(5,38)(6,36)(7,39)(8,32)(9,35)(10,31)(11,29)(12,34)(13,33)(14,30)(15,23)(16,28)(17,27)(18,26)(19,24)(20,22)(21,25)
(1,42)(2,39)(3,36)(4,38)(5,41)(6,37)(7,40)(8,34)(9,31)(10,30)(11,32)(12,35)(13,29)(14,33)(15,28)(16,25)(17,22)(18,24)(19,27)(20,23)(21,26)
(1,39)(2,40)(3,37)(4,41)(5,36)(6,42)(7,38)(8,35)(9,30)(10,33)(11,34)(12,31)(13,32)(14,29)(15,25)(16,26)(17,23)(18,27)(19,22)(20,28)(21,24)
(1,19)(2,18)(3,20)(4,16)(5,15)(6,17)(7,21)(8,39)(9,38)(10,41)(11,42)(12,40)(13,37)(14,36)(22,35)(23,34)(24,30)(25,29)(26,33)(27,31)(28,32)
(1,20)(2,17)(3,16)(4,18)(5,21)(6,15)(7,19)(8,37)(9,39)(10,40)(11,36)(12,42)(13,41)(14,38)(22,32)(23,29)(24,35)(25,30)(26,31)(27,34)(28,33)
(1,41)(2,36)(3,40)(4,42)(5,39)(6,38)(7,37)(8,33)(9,32)(10,34)(11,30)(12,29)(13,31)(14,35)(15,27)(16,22)(17,26)(18,28)(19,25)(20,24)(21,23)
(1,20)(2,17)(3,16)(4,18)(5,21)(6,15)(7,19)(8,23)(9,25)(10,26)(11,22)(12,28)(13,27)(14,24)(29,37)(30,39)(31,40)(32,36)(33,42)(34,41)(35,38)
(1,17)(2,19)(3,15)(4,21)(5,16)(6,20)(7,18)(8,28)(9,26)(10,24)(11,23)(12,25)(13,22)(14,27)(29,42)(30,40)(31,38)(32,37)(33,39)(34,36)(35,41)
(1,19)(2,18)(3,20)(4,16)(5,15)(6,17)(7,21)(8,25)(9,24)(10,27)(11,28)(12,26)(13,23)(14,22)(29,39)(30,38)(31,41)(32,42)(33,40)(34,37)(35,36)
(1,18)(2,21)(3,17)(4,15)(5,20)(6,19)(7,16)(8,26)(9,27)(10,22)(11,25)(12,24)(13,28)(14,23)(29,40)(30,41)(31,36)(32,39)(33,38)(34,42)(35,37)
(1,21)(2,16)(3,19)(4,20)(5,17)(6,18)(7,15)(8,24)(9,22)(10,23)(11,26)(12,27)(13,25)(14,28)(29,38)(30,36)(31,37)(32,40)(33,41)(34,39)(35,42)
(1,16)(2,15)(3,18)(4,17)(5,19)(6,21)(7,20)(8,27)(9,23)(10,28)(11,24)(12,22)(13,26)(14,25)(29,41)(30,37)(31,42)(32,38)(33,36)(34,40)(35,39)
(1,29)(2,32)(3,30)(4,35)(5,31)(6,33)(7,34)(8,15)(9,17)(10,19)(11,16)(12,20)(13,21)(14,18)(22,36)(23,41)(24,42)(25,40)(26,39)(27,37)(28,38)
(1,22)(2,23)(3,24)(4,25)(5,26)(6,27)(7,28)(8,29)(9,34)(10,35)(11,33)(12,32)(13,30)(14,31)(15,36)(16,37)(17,38)(18,39)(19,40)(20,41)(21,42)
(1,17)(2,19)(3,15)(4,21)(5,16)(6,20)(7,18)(8,42)(9,40)(10,38)(11,37)(12,39)(13,36)(14,41)(22,34)(23,32)(24,31)(25,33)(26,30)(27,35)(28,29)
(1,38)(2,41)(3,39)(4,37)(5,42)(6,40)(7,36)(8,30)(9,29)(10,32)(11,31)(12,33)(13,35)(14,34)(15,24)(16,27)(17,25)(18,23)(19,28)(20,26)(21,22)
(1,16)(2,15)(3,18)(4,17)(5,19)(6,21)(7,20)(8,41)(9,37)(10,42)(11,38)(12,36)(13,40)(14,39)(22,33)(23,30)(24,32)(25,35)(26,34)(27,29)(28,31)
(1,15)(2,16)(3,17)(4,18)(5,19)(6,20)(7,21)(8,29)(9,30)(10,31)(11,32)(12,33)(13,34)(14,35)
(8,29)(9,30)(10,31)(11,32)(12,33)(13,34)(14,35)(22,36)(23,37)(24,38)(25,39)(26,40)(27,41)(28,42)
(1,15)(2,16)(3,17)(4,18)(5,19)(6,20)(7,21)(22,36)(23,37)(24,38)(25,39)(26,40)(27,41)(28,42)
(1,25,32)(2,27,33)(3,26,30)(4,24,34)(5,23,29)(6,22,35)(7,28,31)(8,19,37)(9,17,40)(10,21,42)(11,15,39)(12,16,41)(13,18,38)(14,20,36)
(1,36,8)(2,41,12)(3,42,13)(4,40,10)(5,39,14)(6,37,11)(7,38,9)(15,22,29)(16,27,33)(17,28,34)(18,26,31)(19,25,35)(20,23,32)(21,24,30)
(1,29,36)(2,33,41)(3,34,42)(4,31,40)(5,35,39)(6,32,37)(7,30,38)(8,22,15)(9,24,21)(10,26,18)(11,23,20)(12,27,16)(13,28,17)(14,25,19)
(1,36,29)(2,41,33)(3,42,34)(4,40,31)(5,39,35)(6,37,32)(7,38,30)(8,15,22)(9,21,24)(10,18,26)(11,20,23)(12,16,27)(13,17,28)(14,19,25)
(1,32,39)(2,33,41)(3,30,40)(4,34,38)(5,29,37)(6,35,36)(7,31,42)(8,23,19)(9,26,17)(10,28,21)(11,25,15)(12,27,16)(13,24,18)(14,22,20)
(1,28,14)(2,24,11)(3,25,8)(4,26,10)(5,22,13)(6,27,9)(7,23,12)(15,42,35)(16,38,32)(17,39,29)(18,40,31)(19,36,34)(20,41,30)(21,37,33)
(1,14,28)(2,11,24)(3,8,25)(4,10,26)(5,13,22)(6,9,27)(7,12,23)(15,35,42)(16,32,38)(17,29,39)(18,31,40)(19,34,36)(20,30,41)(21,33,37)
(1,24,10)(2,23,13)(3,27,11)(4,22,9)(5,25,14)(6,28,12)(7,26,8)(15,38,31)(16,37,34)(17,41,32)(18,36,30)(19,39,35)(20,42,33)(21,40,29)
(1,10,24)(2,13,23)(3,11,27)(4,9,22)(5,14,25)(6,12,28)(7,8,26)(15,31,38)(16,34,37)(17,32,41)(18,30,36)(19,35,39)(20,33,42)(21,29,40)
(1,23,9)(2,26,14)(3,28,13)(4,25,12)(5,27,10)(6,24,8)(7,22,11)(15,37,30)(16,40,35)(17,42,34)(18,39,33)(19,41,31)(20,38,29)(21,36,32)
(1,9,23)(2,14,26)(3,13,28)(4,12,25)(5,10,27)(6,8,24)(7,11,22)(15,30,37)(16,35,40)(17,34,42)(18,33,39)(19,31,41)(20,29,38)(21,32,36)
(1,26,12)(2,22,10)(3,24,14)(4,27,8)(5,28,9)(6,23,11)(7,25,13)(15,40,33)(16,36,31)(17,38,35)(18,41,29)(19,42,30)(20,37,32)(21,39,34)
(1,22,8)(2,27,12)(3,28,13)(4,26,10)(5,25,14)(6,23,11)(7,24,9)(15,36,29)(16,41,33)(17,42,34)(18,40,31)(19,39,35)(20,37,32)(21,38,30)
(1,8,22)(2,12,27)(3,13,28)(4,10,26)(5,14,25)(6,11,23)(7,9,24)(15,29,36)(16,33,41)(17,34,42)(18,31,40)(19,35,39)(20,32,37)(21,30,38)
(1,41,13)(2,42,8)(3,36,12)(4,37,14)(5,40,11)(6,39,10)(7,38,9)(15,27,34)(16,28,29)(17,22,33)(18,23,35)(19,26,32)(20,25,31)(21,24,30)
(1,13,41)(2,8,42)(3,12,36)(4,14,37)(5,11,40)(6,10,39)(7,9,38)(15,34,27)(16,29,28)(17,33,22)(18,35,23)(19,32,26)(20,31,25)(21,30,24)
(1,41,34)(2,42,29)(3,36,33)(4,37,35)(5,40,32)(6,39,31)(7,38,30)(8,16,28)(9,21,24)(10,20,25)(11,19,26)(12,17,22)(13,15,27)(14,18,23)
(1,34,41)(2,29,42)(3,33,36)(4,35,37)(5,32,40)(6,31,39)(7,30,38)(8,28,16)(9,24,21)(10,25,20)(11,26,19)(12,22,17)(13,27,15)(14,23,18)
(1,36,8)(2,38,14)(3,40,11)(4,37,13)(5,41,9)(6,42,10)(7,39,12)(15,22,29)(16,24,35)(17,26,32)(18,23,34)(19,27,30)(20,28,31)(21,25,33)
(1,8,36)(2,14,38)(3,11,40)(4,13,37)(5,9,41)(6,10,42)(7,12,39)(15,29,22)(16,35,24)(17,32,26)(18,34,23)(19,30,27)(20,31,28)(21,33,25)
(1,36,8)(2,39,9)(3,37,10)(4,42,11)(5,38,12)(6,40,13)(7,41,14)(15,22,29)(16,25,30)(17,23,31)(18,28,32)(19,24,33)(20,26,34)(21,27,35)
(1,8,36)(2,9,39)(3,10,37)(4,11,42)(5,12,38)(6,13,40)(7,14,41)(15,29,22)(16,30,25)(17,31,23)(18,32,28)(19,33,24)(20,34,26)(21,35,27)
(1,27,13)(2,28,8)(3,22,12)(4,23,14)(5,26,11)(6,25,10)(7,24,9)(15,41,34)(16,42,29)(17,36,33)(18,37,35)(19,40,32)(20,39,31)(21,38,30)
(1,12,26)(2,10,22)(3,14,24)(4,8,27)(5,9,28)(6,11,23)(7,13,25)(15,33,40)(16,31,36)(17,35,38)(18,29,41)(19,30,42)(20,32,37)(21,34,39)
(1,25,11)(2,27,12)(3,26,9)(4,24,13)(5,23,8)(6,22,14)(7,28,10)(15,39,32)(16,41,33)(17,40,30)(18,38,34)(19,37,29)(20,36,35)(21,42,31)
(1,13,27)(2,8,28)(3,12,22)(4,14,23)(5,11,26)(6,10,25)(7,9,24)(15,34,41)(16,29,42)(17,33,36)(18,35,37)(19,32,40)(20,31,39)(21,30,38)
(1,11,25)(2,12,27)(3,9,26)(4,13,24)(5,8,23)(6,14,22)(7,10,28)(15,32,39)(16,33,41)(17,30,40)(18,34,38)(19,29,37)(20,35,36)(21,31,42)
(1,11,39)(2,12,41)(3,9,40)(4,13,38)(5,8,37)(6,14,36)(7,10,42)(15,32,25)(16,33,27)(17,30,26)(18,34,24)(19,29,23)(20,35,22)(21,31,28)
(1,32,25)(2,33,27)(3,30,26)(4,34,24)(5,29,23)(6,35,22)(7,31,28)(8,37,19)(9,40,17)(10,42,21)(11,39,15)(12,41,16)(13,38,18)(14,36,20)
(1,8,36)(2,12,41)(3,13,42)(4,10,40)(5,14,39)(6,11,37)(7,9,38)(15,29,22)(16,33,27)(17,34,28)(18,31,26)(19,35,25)(20,32,23)(21,30,24)
(1,33,26)(2,31,22)(3,35,24)(4,29,27)(5,30,28)(6,32,23)(7,34,25)(8,41,18)(9,42,19)(10,36,16)(11,37,20)(12,40,15)(13,39,21)(14,38,17)
(1,26,33)(2,22,31)(3,24,35)(4,27,29)(5,28,30)(6,23,32)(7,25,34)(8,18,41)(9,19,42)(10,16,36)(11,20,37)(12,15,40)(13,21,39)(14,17,38)
(1,30,23)(2,35,26)(3,34,28)(4,33,25)(5,31,27)(6,29,24)(7,32,22)(8,38,20)(9,37,15)(10,41,19)(11,36,21)(12,39,18)(13,42,17)(14,40,16)
(1,23,30)(2,26,35)(3,28,34)(4,25,33)(5,27,31)(6,24,29)(7,22,32)(8,20,38)(9,15,37)(10,19,41)(11,21,36)(12,18,39)(13,17,42)(14,16,40)
(1,31,24)(2,34,23)(3,32,27)(4,30,22)(5,35,25)(6,33,28)(7,29,26)(8,40,21)(9,36,18)(10,38,15)(11,41,17)(12,42,20)(13,37,16)(14,39,19)
(1,24,31)(2,23,34)(3,27,32)(4,22,30)(5,25,35)(6,28,33)(7,26,29)(8,21,40)(9,18,36)(10,15,38)(11,17,41)(12,20,42)(13,16,37)(14,19,39)
(1,35,28)(2,32,24)(3,29,25)(4,31,26)(5,34,22)(6,30,27)(7,33,23)(8,39,17)(9,41,20)(10,40,18)(11,38,16)(12,37,21)(13,36,19)(14,42,15)
(1,28,35)(2,24,32)(3,25,29)(4,26,31)(5,22,34)(6,27,30)(7,23,33)(8,17,39)(9,20,41)(10,18,40)(11,16,38)(12,21,37)(13,19,36)(14,15,42)
(1,39,11)(2,41,12)(3,40,9)(4,38,13)(5,37,8)(6,36,14)(7,42,10)(15,25,32)(16,27,33)(17,26,30)(18,24,34)(19,23,29)(20,22,35)(21,28,31)
(1,33,40)(2,31,36)(3,35,38)(4,29,41)(5,30,42)(6,32,37)(7,34,39)(8,27,18)(9,28,19)(10,22,16)(11,23,20)(12,26,15)(13,25,21)(14,24,17)
(1,40,33)(2,36,31)(3,38,35)(4,41,29)(5,42,30)(6,37,32)(7,39,34)(8,18,27)(9,19,28)(10,16,22)(11,20,23)(12,15,26)(13,21,25)(14,17,24)
(1,12,40)(2,10,36)(3,14,38)(4,8,41)(5,9,42)(6,11,37)(7,13,39)(15,33,26)(16,31,22)(17,35,24)(18,29,27)(19,30,28)(20,32,23)(21,34,25)
(1,40,12)(2,36,10)(3,38,14)(4,41,8)(5,42,9)(6,37,11)(7,39,13)(15,26,33)(16,22,31)(17,24,35)(18,27,29)(19,28,30)(20,23,32)(21,25,34)
(1,30,37)(2,35,40)(3,34,42)(4,33,39)(5,31,41)(6,29,38)(7,32,36)(8,24,20)(9,23,15)(10,27,19)(11,22,21)(12,25,18)(13,28,17)(14,26,16)
(1,37,30)(2,40,35)(3,42,34)(4,39,33)(5,41,31)(6,38,29)(7,36,32)(8,20,24)(9,15,23)(10,19,27)(11,21,22)(12,18,25)(13,17,28)(14,16,26)
(1,9,37)(2,14,40)(3,13,42)(4,12,39)(5,10,41)(6,8,38)(7,11,36)(15,30,23)(16,35,26)(17,34,28)(18,33,25)(19,31,27)(20,29,24)(21,32,22)
(1,37,9)(2,40,14)(3,42,13)(4,39,12)(5,41,10)(6,38,8)(7,36,11)(15,23,30)(16,26,35)(17,28,34)(18,25,33)(19,27,31)(20,24,29)(21,22,32)
(1,31,38)(2,34,37)(3,32,41)(4,30,36)(5,35,39)(6,33,42)(7,29,40)(8,26,21)(9,22,18)(10,24,15)(11,27,17)(12,28,20)(13,23,16)(14,25,19)
(1,38,31)(2,37,34)(3,41,32)(4,36,30)(5,39,35)(6,42,33)(7,40,29)(8,21,26)(9,18,22)(10,15,24)(11,17,27)(12,20,28)(13,16,23)(14,19,25)
(1,10,38)(2,13,37)(3,11,41)(4,9,36)(5,14,39)(6,12,42)(7,8,40)(15,31,24)(16,34,23)(17,32,27)(18,30,22)(19,35,25)(20,33,28)(21,29,26)
(1,38,10)(2,37,13)(3,41,11)(4,36,9)(5,39,14)(6,42,12)(7,40,8)(15,24,31)(16,23,34)(17,27,32)(18,22,30)(19,25,35)(20,28,33)(21,26,29)
(1,40,30)(2,42,32)(3,37,33)(4,38,29)(5,39,35)(6,41,34)(7,36,31)(8,18,24)(9,15,26)(10,21,22)(11,16,28)(12,17,23)(13,20,27)(14,19,25)
(1,30,40)(2,32,42)(3,33,37)(4,29,38)(5,35,39)(6,34,41)(7,31,36)(8,24,18)(9,26,15)(10,22,21)(11,28,16)(12,23,17)(13,27,20)(14,25,19)
(1,39,34)(2,37,30)(3,36,35)(4,40,31)(5,42,29)(6,38,33)(7,41,32)(8,19,28)(9,16,23)(10,18,26)(11,21,27)(12,20,24)(13,15,25)(14,17,22)
(1,34,39)(2,30,37)(3,35,36)(4,31,40)(5,29,42)(6,33,38)(7,32,41)(8,28,19)(9,23,16)(10,26,18)(11,27,21)(12,24,20)(13,25,15)(14,22,17)
(1,42,33)(2,36,34)(3,41,29)(4,39,32)(5,37,31)(6,40,35)(7,38,30)(8,17,27)(9,21,24)(10,19,23)(11,18,25)(12,15,28)(13,16,22)(14,20,26)
(1,33,42)(2,34,36)(3,29,41)(4,32,39)(5,31,37)(6,35,40)(7,30,38)(8,27,17)(9,24,21)(10,23,19)(11,25,18)(12,28,15)(13,22,16)(14,26,20)
(1,37,35)(2,41,33)(3,38,31)(4,42,30)(5,36,32)(6,39,29)(7,40,34)(8,20,25)(9,18,28)(10,17,24)(11,19,22)(12,16,27)(13,21,26)(14,15,23)
(1,35,37)(2,33,41)(3,31,38)(4,30,42)(5,32,36)(6,29,39)(7,34,40)(8,25,20)(9,28,18)(10,24,17)(11,22,19)(12,27,16)(13,26,21)(14,23,15)
(1,41,31)(2,40,29)(3,39,30)(4,36,33)(5,38,34)(6,37,32)(7,42,35)(8,16,26)(9,17,25)(10,15,27)(11,20,23)(12,18,22)(13,19,24)(14,21,28)
(1,31,41)(2,29,40)(3,30,39)(4,33,36)(5,34,38)(6,32,37)(7,35,42)(8,26,16)(9,25,17)(10,27,15)(11,23,20)(12,22,18)(13,24,19)(14,28,21)
(1,38,32)(2,39,31)(3,42,34)(4,41,35)(5,40,33)(6,36,30)(7,37,29)(8,21,23)(9,20,22)(10,16,25)(11,15,24)(12,19,26)(13,17,28)(14,18,27)
(1,35,42)(2,32,38)(3,29,39)(4,31,40)(5,34,36)(6,30,41)(7,33,37)(8,25,17)(9,27,20)(10,26,18)(11,24,16)(12,23,21)(13,22,19)(14,28,15)
(1,42,35)(2,38,32)(3,39,29)(4,40,31)(5,36,34)(6,41,30)(7,37,33)(8,17,25)(9,20,27)(10,18,26)(11,16,24)(12,21,23)(13,19,22)(14,15,28)
(1,14,42)(2,11,38)(3,8,39)(4,10,40)(5,13,36)(6,9,41)(7,12,37)(15,35,28)(16,32,24)(17,29,25)(18,31,26)(19,34,22)(20,30,27)(21,33,23)
(1,42,14)(2,38,11)(3,39,8)(4,40,10)(5,36,13)(6,41,9)(7,37,12)(15,28,35)(16,24,32)(17,25,29)(18,26,31)(19,22,34)(20,27,30)(21,23,33)
(1,32,38)(2,31,39)(3,34,42)(4,35,41)(5,33,40)(6,30,36)(7,29,37)(8,23,21)(9,22,20)(10,25,16)(11,24,15)(12,26,19)(13,28,17)(14,27,18)
(1,26,9)(2,28,11)(3,23,12)(4,24,8)(5,25,14)(6,27,13)(7,22,10)(15,40,30)(16,42,32)(17,37,33)(18,38,29)(19,39,35)(20,41,34)(21,36,31)
(1,9,26)(2,11,28)(3,12,23)(4,8,24)(5,14,25)(6,13,27)(7,10,22)(15,30,40)(16,32,42)(17,33,37)(18,29,38)(19,35,39)(20,34,41)(21,31,36)
(1,25,13)(2,23,9)(3,22,14)(4,26,10)(5,28,8)(6,24,12)(7,27,11)(15,39,34)(16,37,30)(17,36,35)(18,40,31)(19,42,29)(20,38,33)(21,41,32)
(1,13,25)(2,9,23)(3,14,22)(4,10,26)(5,8,28)(6,12,24)(7,11,27)(15,34,39)(16,30,37)(17,35,36)(18,31,40)(19,29,42)(20,33,38)(21,32,41)
(1,28,12)(2,22,13)(3,27,8)(4,25,11)(5,23,10)(6,26,14)(7,24,9)(15,42,33)(16,36,34)(17,41,29)(18,39,32)(19,37,31)(20,40,35)(21,38,30)
(1,38,11)(2,39,10)(3,42,13)(4,41,14)(5,40,12)(6,36,9)(7,37,8)(15,24,32)(16,25,31)(17,28,34)(18,27,35)(19,26,33)(20,22,30)(21,23,29)
(1,11,38)(2,10,39)(3,13,42)(4,14,41)(5,12,40)(6,9,36)(7,8,37)(15,32,24)(16,31,25)(17,34,28)(18,35,27)(19,33,26)(20,30,22)(21,29,23)
(1,39,13)(2,37,9)(3,36,14)(4,40,10)(5,42,8)(6,38,12)(7,41,11)(15,25,34)(16,23,30)(17,22,35)(18,26,31)(19,28,29)(20,24,33)(21,27,32)
(1,13,39)(2,9,37)(3,14,36)(4,10,40)(5,8,42)(6,12,38)(7,11,41)(15,34,25)(16,30,23)(17,35,22)(18,31,26)(19,29,28)(20,33,24)(21,32,27)
(1,37,14)(2,41,12)(3,38,10)(4,42,9)(5,36,11)(6,39,8)(7,40,13)(15,23,35)(16,27,33)(17,24,31)(18,28,30)(19,22,32)(20,25,29)(21,26,34)
(1,14,37)(2,12,41)(3,10,38)(4,9,42)(5,11,36)(6,8,39)(7,13,40)(15,35,23)(16,33,27)(17,31,24)(18,30,28)(19,32,22)(20,29,25)(21,34,26)
(1,41,10)(2,40,8)(3,39,9)(4,36,12)(5,38,13)(6,37,11)(7,42,14)(15,27,31)(16,26,29)(17,25,30)(18,22,33)(19,24,34)(20,23,32)(21,28,35)
(1,10,41)(2,8,40)(3,9,39)(4,12,36)(5,13,38)(6,11,37)(7,14,42)(15,31,27)(16,29,26)(17,30,25)(18,33,22)(19,34,24)(20,32,23)(21,35,28)
(1,40,9)(2,42,11)(3,37,12)(4,38,8)(5,39,14)(6,41,13)(7,36,10)(15,26,30)(16,28,32)(17,23,33)(18,24,29)(19,25,35)(20,27,34)(21,22,31)
(1,9,40)(2,11,42)(3,12,37)(4,8,38)(5,14,39)(6,13,41)(7,10,36)(15,30,26)(16,32,28)(17,33,23)(18,29,24)(19,35,25)(20,34,27)(21,31,22)
(1,42,12)(2,36,13)(3,41,8)(4,39,11)(5,37,10)(6,40,14)(7,38,9)(15,28,33)(16,22,34)(17,27,29)(18,25,32)(19,23,31)(20,26,35)(21,24,30)
(1,12,42)(2,13,36)(3,8,41)(4,11,39)(5,10,37)(6,14,40)(7,9,38)(15,33,28)(16,34,22)(17,29,27)(18,32,25)(19,31,23)(20,35,26)(21,30,24)
(1,29,22)(2,33,27)(3,34,28)(4,31,26)(5,35,25)(6,32,23)(7,30,24)(8,36,15)(9,38,21)(10,40,18)(11,37,20)(12,41,16)(13,42,17)(14,39,19)
(1,22,29)(2,27,33)(3,28,34)(4,26,31)(5,25,35)(6,23,32)(7,24,30)(8,15,36)(9,21,38)(10,18,40)(11,20,37)(12,16,41)(13,17,42)(14,19,39)
(1,34,27)(2,29,28)(3,33,22)(4,35,23)(5,32,26)(6,31,25)(7,30,24)(8,42,16)(9,38,21)(10,39,20)(11,40,19)(12,36,17)(13,41,15)(14,37,18)
(1,27,34)(2,28,29)(3,22,33)(4,23,35)(5,26,32)(6,25,31)(7,24,30)(8,16,42)(9,21,38)(10,20,39)(11,19,40)(12,17,36)(13,15,41)(14,18,37)
(1,26,30)(2,28,32)(3,23,33)(4,24,29)(5,25,35)(6,27,34)(7,22,31)(8,18,38)(9,15,40)(10,21,36)(11,16,42)(12,17,37)(13,20,41)(14,19,39)
(1,39,32)(2,41,33)(3,40,30)(4,38,34)(5,37,29)(6,36,35)(7,42,31)(8,19,23)(9,17,26)(10,21,28)(11,15,25)(12,16,27)(13,18,24)(14,20,22)
(1,12,28)(2,13,22)(3,8,27)(4,11,25)(5,10,23)(6,14,26)(7,9,24)(15,33,42)(16,34,36)(17,29,41)(18,32,39)(19,31,37)(20,35,40)(21,30,38)
(1,23,14)(2,27,12)(3,24,10)(4,28,9)(5,22,11)(6,25,8)(7,26,13)(15,37,35)(16,41,33)(17,38,31)(18,42,30)(19,36,32)(20,39,29)(21,40,34)
(1,14,23)(2,12,27)(3,10,24)(4,9,28)(5,11,22)(6,8,25)(7,13,26)(15,35,37)(16,33,41)(17,31,38)(18,30,42)(19,32,36)(20,29,39)(21,34,40)
(1,27,10)(2,26,8)(3,25,9)(4,22,12)(5,24,13)(6,23,11)(7,28,14)(15,41,31)(16,40,29)(17,39,30)(18,36,33)(19,38,34)(20,37,32)(21,42,35)
(1,10,27)(2,8,26)(3,9,25)(4,12,22)(5,13,24)(6,11,23)(7,14,28)(15,31,41)(16,29,40)(17,30,39)(18,33,36)(19,34,38)(20,32,37)(21,35,42)
(1,24,11)(2,25,10)(3,28,13)(4,27,14)(5,26,12)(6,22,9)(7,23,8)(15,38,32)(16,39,31)(17,42,34)(18,41,35)(19,40,33)(20,36,30)(21,37,29)
(1,8,22)(2,9,25)(3,10,23)(4,11,28)(5,12,24)(6,13,26)(7,14,27)(15,29,36)(16,30,39)(17,31,37)(18,32,42)(19,33,38)(20,34,40)(21,35,41)
(1,22,8)(2,25,9)(3,23,10)(4,28,11)(5,24,12)(6,26,13)(7,27,14)(15,36,29)(16,39,30)(17,37,31)(18,42,32)(19,38,33)(20,40,34)(21,41,35)
(1,8,22)(2,14,24)(3,11,26)(4,13,23)(5,9,27)(6,10,28)(7,12,25)(15,29,36)(16,35,38)(17,32,40)(18,34,37)(19,30,41)(20,31,42)(21,33,39)
(1,22,8)(2,24,14)(3,26,11)(4,23,13)(5,27,9)(6,28,10)(7,25,12)(15,36,29)(16,38,35)(17,40,32)(18,37,34)(19,41,30)(20,42,31)(21,39,33)
(1,29,36)(2,30,39)(3,31,37)(4,32,42)(5,33,38)(6,34,40)(7,35,41)(8,22,15)(9,25,16)(10,23,17)(11,28,18)(12,24,19)(13,26,20)(14,27,21)
(1,36,29)(2,39,30)(3,37,31)(4,42,32)(5,38,33)(6,40,34)(7,41,35)(8,15,22)(9,16,25)(10,17,23)(11,18,28)(12,19,24)(13,20,26)(14,21,27)
(1,29,36)(2,35,38)(3,32,40)(4,34,37)(5,30,41)(6,31,42)(7,33,39)(8,22,15)(9,27,19)(10,28,20)(11,26,17)(12,25,21)(13,23,18)(14,24,16)
(1,36,29)(2,38,35)(3,40,32)(4,37,34)(5,41,30)(6,42,31)(7,39,33)(8,15,22)(9,19,27)(10,20,28)(11,17,26)(12,21,25)(13,18,23)(14,16,24)
(1,25,34)(2,23,30)(3,22,35)(4,26,31)(5,28,29)(6,24,33)(7,27,32)(8,19,42)(9,16,37)(10,18,40)(11,21,41)(12,20,38)(13,15,39)(14,17,36)
(1,34,25)(2,30,23)(3,35,22)(4,31,26)(5,29,28)(6,33,24)(7,32,27)(8,42,19)(9,37,16)(10,40,18)(11,41,21)(12,38,20)(13,39,15)(14,36,17)
(1,22,29)(2,24,35)(3,26,32)(4,23,34)(5,27,30)(6,28,31)(7,25,33)(8,15,36)(9,19,41)(10,20,42)(11,17,40)(12,21,39)(13,18,37)(14,16,38)
(1,29,22)(2,35,24)(3,32,26)(4,34,23)(5,30,27)(6,31,28)(7,33,25)(8,36,15)(9,41,19)(10,42,20)(11,40,17)(12,39,21)(13,37,18)(14,38,16)
(1,22,29)(2,25,30)(3,23,31)(4,28,32)(5,24,33)(6,26,34)(7,27,35)(8,15,36)(9,16,39)(10,17,37)(11,18,42)(12,19,38)(13,20,40)(14,21,41)
(1,29,22)(2,30,25)(3,31,23)(4,32,28)(5,33,24)(6,34,26)(7,35,27)(8,36,15)(9,39,16)(10,37,17)(11,42,18)(12,38,19)(13,40,20)(14,41,21)
(1,28,33)(2,22,34)(3,27,29)(4,25,32)(5,23,31)(6,26,35)(7,24,30)(8,17,41)(9,21,38)(10,19,37)(11,18,39)(12,15,42)(13,16,36)(14,20,40)
(1,33,28)(2,34,22)(3,29,27)(4,32,25)(5,31,23)(6,35,26)(7,30,24)(8,41,17)(9,38,21)(10,37,19)(11,39,18)(12,42,15)(13,36,16)(14,40,20)
(1,23,35)(2,27,33)(3,24,31)(4,28,30)(5,22,32)(6,25,29)(7,26,34)(8,20,39)(9,18,42)(10,17,38)(11,19,36)(12,16,41)(13,21,40)(14,15,37)
(1,35,23)(2,33,27)(3,31,24)(4,30,28)(5,32,22)(6,29,25)(7,34,26)(8,39,20)(9,42,18)(10,38,17)(11,36,19)(12,41,16)(13,40,21)(14,37,15)
(1,27,31)(2,26,29)(3,25,30)(4,22,33)(5,24,34)(6,23,32)(7,28,35)(8,16,40)(9,17,39)(10,15,41)(11,20,37)(12,18,36)(13,19,38)(14,21,42)
(1,31,27)(2,29,26)(3,30,25)(4,33,22)(5,34,24)(6,32,23)(7,35,28)(8,40,16)(9,39,17)(10,41,15)(11,37,20)(12,36,18)(13,38,19)(14,42,21)
(1,24,32)(2,25,31)(3,28,34)(4,27,35)(5,26,33)(6,22,30)(7,23,29)(8,21,37)(9,20,36)(10,16,39)(11,15,38)(12,19,40)(13,17,42)(14,18,41)
(1,32,24)(2,31,25)(3,34,28)(4,35,27)(5,33,26)(6,30,22)(7,29,23)(8,37,21)(9,36,20)(10,39,16)(11,38,15)(12,40,19)(13,42,17)(14,41,18)
(1,30,26)(2,32,28)(3,33,23)(4,29,24)(5,35,25)(6,34,27)(7,31,22)(8,38,18)(9,40,15)(10,36,21)(11,42,16)(12,37,17)(13,41,20)(14,39,19)
(1,11,24)(2,10,25)(3,13,28)(4,14,27)(5,12,26)(6,9,22)(7,8,23)(15,32,38)(16,31,39)(17,34,42)(18,35,41)(19,33,40)(20,30,36)(21,29,37)
(1,5,6)(3,4,7)(8,14,11)(9,13,10)(15,19,20)(17,18,21)(22,25,23)(24,28,26)(29,35,32)(30,34,31)(36,39,37)(38,42,40)
(1,6,5)(3,7,4)(8,11,14)(9,10,13)(15,20,19)(17,21,18)(22,23,25)(24,26,28)(29,32,35)(30,31,34)(36,37,39)(38,40,42)
(1,5,3)(2,6,7)(8,14,13)(9,12,11)(15,19,17)(16,20,21)(22,25,28)(23,24,27)(29,35,34)(30,33,32)(36,39,42)(37,38,41)
(1,3,5)(2,7,6)(8,13,14)(9,11,12)(15,17,19)(16,21,20)(22,28,25)(23,27,24)(29,34,35)(30,32,33)(36,42,39)(37,41,38)
(1,7,6)(2,5,4)(8,9,11)(10,12,14)(15,21,20)(16,19,18)(22,24,23)(25,26,27)(29,30,32)(31,33,35)(36,38,37)(39,40,41)
(1,4,7)(2,3,6)(8,10,9)(11,12,13)(15,18,21)(16,17,20)(22,26,24)(23,27,28)(29,31,30)(32,33,34)(36,40,38)(37,41,42)
(1,6,7)(2,4,5)(8,11,9)(10,14,12)(15,20,21)(16,18,19)(22,23,24)(25,27,26)(29,32,30)(31,35,33)(36,37,38)(39,41,40)
(1,4,2)(3,7,5)(8,10,12)(9,14,13)(15,18,16)(17,21,19)(22,26,27)(24,25,28)(29,31,33)(30,35,34)(36,40,41)(38,39,42)
(1,7,4)(2,6,3)(8,9,10)(11,13,12)(15,21,18)(16,20,17)(22,24,26)(23,28,27)(29,30,31)(32,34,33)(36,38,40)(37,42,41)
(1,3,2)(4,5,6)(8,13,12)(10,14,11)(15,17,16)(18,19,20)(22,28,27)(23,26,25)(29,34,33)(31,35,32)(36,42,41)(37,40,39)
(1,2,4)(3,5,7)(8,12,10)(9,13,14)(15,16,18)(17,19,21)(22,27,26)(24,28,25)(29,33,31)(30,34,35)(36,41,40)(38,42,39)
(2,5,7)(3,6,4)(9,12,14)(10,13,11)(16,19,21)(17,20,18)(23,26,28)(24,27,25)(30,33,35)(31,34,32)(37,40,42)(38,41,39)
(1,2,3)(4,6,5)(8,12,13)(10,11,14)(15,16,17)(18,20,19)(22,27,28)(23,25,26)(29,33,34)(31,32,35)(36,41,42)(37,39,40)
(2,7,5)(3,4,6)(9,14,12)(10,11,13)(16,21,19)(17,18,20)(23,28,26)(24,25,27)(30,35,33)(31,32,34)(37,42,40)(38,39,41)
(1,24,15,38)(2,27,16,41)(3,25,17,39)(4,23,18,37)(5,28,19,42)(6,26,20,40)(7,22,21,36)(8,9)(10,11)(13,14)(29,30)(31,32)(34,35)
(1,41,15,27)(2,36,16,22)(3,40,17,26)(4,42,18,28)(5,39,19,25)(6,38,20,24)(7,37,21,23)(8,12)(9,11)(10,13)(29,33)(30,32)(31,34)
(1,40,15,26)(2,38,16,24)(3,42,17,28)(4,36,18,22)(5,37,19,23)(6,39,20,25)(7,41,21,27)(8,10)(9,12)(11,14)(29,31)(30,33)(32,35)
(1,25,15,39)(2,26,16,40)(3,23,17,37)(4,27,18,41)(5,22,19,36)(6,28,20,42)(7,24,21,38)(8,14)(10,12)(11,13)(29,35)(31,33)(32,34)
(1,27,15,41)(2,22,16,36)(3,26,17,40)(4,28,18,42)(5,25,19,39)(6,24,20,38)(7,23,21,37)(8,12)(9,11)(10,13)(29,33)(30,32)(31,34)
(1,26,15,40)(2,24,16,38)(3,28,17,42)(4,22,18,36)(5,23,19,37)(6,25,20,39)(7,27,21,41)(8,10)(9,12)(11,14)(29,31)(30,33)(32,35)
(1,38,15,24)(2,41,16,27)(3,39,17,25)(4,37,18,23)(5,42,19,28)(6,40,20,26)(7,36,21,22)(8,9)(10,11)(13,14)(29,30)(31,32)(34,35)
(1,23,15,37)(2,28,16,42)(3,27,17,41)(4,26,18,40)(5,24,19,38)(6,22,20,36)(7,25,21,39)(8,11)(9,14)(12,13)(29,32)(30,35)(33,34)
(1,39,15,25)(2,40,16,26)(3,37,17,23)(4,41,18,27)(5,36,19,22)(6,42,20,28)(7,38,21,24)(8,14)(10,12)(11,13)(29,35)(31,33)(32,34)
(1,28,15,42)(2,25,16,39)(3,22,17,36)(4,24,18,38)(5,27,19,41)(6,23,20,37)(7,26,21,40)(8,13)(9,10)(12,14)(29,34)(30,31)(33,35)
(1,8,15,29)(2,11,16,32)(3,9,17,30)(4,14,18,35)(5,10,19,31)(6,12,20,33)(7,13,21,34)(23,27)(24,28)(25,26)(37,41)(38,42)(39,40)
(1,22,15,36)(2,23,16,37)(3,24,17,38)(4,25,18,39)(5,26,19,40)(6,27,20,41)(7,28,21,42)(9,13)(10,14)(11,12)(30,34)(31,35)(32,33)
(1,37,15,23)(2,42,16,28)(3,41,17,27)(4,40,18,26)(5,38,19,24)(6,36,20,22)(7,39,21,25)(8,11)(9,14)(12,13)(29,32)(30,35)(33,34)
(1,29,15,8)(2,32,16,11)(3,30,17,9)(4,35,18,14)(5,31,19,10)(6,33,20,12)(7,34,21,13)(23,27)(24,28)(25,26)(37,41)(38,42)(39,40)
(1,6)(2,3)(5,7)(8,23,29,37)(9,25,30,39)(10,26,31,40)(11,22,32,36)(12,28,33,42)(13,27,34,41)(14,24,35,38)(15,20)(16,17)(19,21)
(1,3)(2,5)(4,7)(8,42,29,28)(9,40,30,26)(10,38,31,24)(11,37,32,23)(12,39,33,25)(13,36,34,22)(14,41,35,27)(15,17)(16,19)(18,21)
(1,3)(2,5)(4,7)(8,28,29,42)(9,26,30,40)(10,24,31,38)(11,23,32,37)(12,25,33,39)(13,22,34,36)(14,27,35,41)(15,17)(16,19)(18,21)
(1,5)(2,4)(3,6)(8,39,29,25)(9,38,30,24)(10,41,31,27)(11,42,32,28)(12,40,33,26)(13,37,34,23)(14,36,35,22)(15,19)(16,18)(17,20)
(1,42,15,28)(2,39,16,25)(3,36,17,22)(4,38,18,24)(5,41,19,27)(6,37,20,23)(7,40,21,26)(8,13)(9,10)(12,14)(29,34)(30,31)(33,35)
(1,12,15,33)(2,8,16,29)(3,10,17,31)(4,13,18,34)(5,14,19,35)(6,9,20,30)(7,11,21,32)(22,27)(23,24)(26,28)(36,41)(37,38)(40,42)
(1,33,15,12)(2,29,16,8)(3,31,17,10)(4,34,18,13)(5,35,19,14)(6,30,20,9)(7,32,21,11)(22,27)(23,24)(26,28)(36,41)(37,38)(40,42)
(1,11,15,32)(2,13,16,34)(3,12,17,33)(4,10,18,31)(5,9,19,30)(6,8,20,29)(7,14,21,35)(22,23)(24,25)(27,28)(36,37)(38,39)(41,42)
(1,32,15,11)(2,34,16,13)(3,33,17,12)(4,31,18,10)(5,30,19,9)(6,29,20,8)(7,35,21,14)(22,23)(24,25)(27,28)(36,37)(38,39)(41,42)
(1,7)(3,5)(4,6)(8,24,29,38)(9,22,30,36)(10,23,31,37)(11,26,32,40)(12,27,33,41)(13,25,34,39)(14,28,35,42)(15,21)(17,19)(18,20)
(1,2)(3,4)(6,7)(8,41,29,27)(9,37,30,23)(10,42,31,28)(11,38,32,24)(12,36,33,22)(13,40,34,26)(14,39,35,25)(15,16)(17,18)(20,21)
(1,36,15,22)(2,37,16,23)(3,38,17,24)(4,39,18,25)(5,40,19,26)(6,41,20,27)(7,42,21,28)(9,13)(10,14)(11,12)(30,34)(31,35)(32,33)
(1,6)(2,3)(5,7)(8,37,29,23)(9,39,30,25)(10,40,31,26)(11,36,32,22)(12,42,33,28)(13,41,34,27)(14,38,35,24)(15,20)(16,17)(19,21)
(2,6)(3,7)(4,5)(8,36,29,22)(9,42,30,28)(10,39,31,25)(11,41,32,27)(12,37,33,23)(13,38,34,24)(14,40,35,26)(16,20)(17,21)(18,19)
(1,31,15,10)(2,30,16,9)(3,34,17,13)(4,29,18,8)(5,32,19,11)(6,35,20,14)(7,33,21,12)(22,26)(23,25)(24,27)(36,40)(37,39)(38,41)
(1,14,15,35)(2,10,16,31)(3,11,17,32)(4,12,18,33)(5,8,19,29)(6,13,20,34)(7,9,21,30)(22,25)(23,28)(26,27)(36,39)(37,42)(40,41)
(1,35,15,14)(2,31,16,10)(3,32,17,11)(4,33,18,12)(5,29,19,8)(6,34,20,13)(7,30,21,9)(22,25)(23,28)(26,27)(36,39)(37,42)(40,41)
(1,13,15,34)(2,14,16,35)(3,8,17,29)(4,9,18,30)(5,12,19,33)(6,11,20,32)(7,10,21,31)(22,28)(24,26)(25,27)(36,42)(38,40)(39,41)
(1,34,15,13)(2,35,16,14)(3,29,17,8)(4,30,18,9)(5,33,19,12)(6,32,20,11)(7,31,21,10)(22,28)(24,26)(25,27)(36,42)(38,40)(39,41)
(1,9,15,30)(2,12,16,33)(3,14,17,35)(4,11,18,32)(5,13,19,34)(6,10,20,31)(7,8,21,29)(22,24)(23,26)(25,28)(36,38)(37,40)(39,42)
(1,5)(2,4)(3,6)(8,25,29,39)(9,24,30,38)(10,27,31,41)(11,28,32,42)(12,26,33,40)(13,23,34,37)(14,22,35,36)(15,19)(16,18)(17,20)
(1,4)(2,7)(5,6)(8,40,29,26)(9,41,30,27)(10,36,31,22)(11,39,32,25)(12,38,33,24)(13,42,34,28)(14,37,35,23)(15,18)(16,21)(19,20)
(1,2)(3,4)(6,7)(8,27,29,41)(9,23,30,37)(10,28,31,42)(11,24,32,38)(12,22,33,36)(13,26,34,40)(14,25,35,39)(15,16)(17,18)(20,21)
(1,4)(2,7)(5,6)(8,26,29,40)(9,27,30,41)(10,22,31,36)(11,25,32,39)(12,24,33,38)(13,28,34,42)(14,23,35,37)(15,18)(16,21)(19,20)
(1,7)(3,5)(4,6)(8,38,29,24)(9,36,30,22)(10,37,31,23)(11,40,32,26)(12,41,33,27)(13,39,34,25)(14,42,35,28)(15,21)(17,19)(18,20)
(1,30,15,9)(2,33,16,12)(3,35,17,14)(4,32,18,11)(5,34,19,13)(6,31,20,10)(7,29,21,8)(22,24)(23,26)(25,28)(36,38)(37,40)(39,42)
(1,10,15,31)(2,9,16,30)(3,13,17,34)(4,8,18,29)(5,11,19,32)(6,14,20,35)(7,12,21,33)(22,26)(23,25)(24,27)(36,40)(37,39)(38,41)
(2,6)(3,7)(4,5)(8,22,29,36)(9,28,30,42)(10,25,31,39)(11,27,32,41)(12,23,33,37)(13,24,34,38)(14,26,35,40)(16,20)(17,21)(18,19)
(1,35,7,31,6,33)(2,29,5,30,4,32)(3,34)(8,19,9,18,11,16)(10,20,12,15,14,21)(13,17)(22,39,24,40,23,41)(25,38,26,37,27,36)(28,42)
(1,13,7,12,4,11)(2,10,6,8,3,9)(5,14)(15,34,21,33,18,32)(16,31,20,29,17,30)(19,35)(22,42,24,41,26,37)(23,36,28,38,27,40)(25,39)
(1,32,2,35,3,31)(4,29,6,33,5,34)(7,30)(8,20,12,19,13,18)(9,21)(10,15,11,16,14,17)(22,37,27,39,28,40)(23,41,25,42,26,36)(24,38)
(1,15)(2,18,7,20,5,17)(3,16,4,21,6,19)(8,36)(9,37,14,42,12,40)(10,38,11,39,13,41)(22,29)(23,35,28,33,26,30)(24,32,25,34,27,31)
(1,30,3,32,5,33)(2,29,7,34,6,35)(4,31)(8,21,13,20,14,16)(9,17,11,19,12,15)(10,18)(22,38,28,37,25,41)(23,39,27,36,24,42)(26,40)
(1,15)(2,17,5,20,7,18)(3,19,6,21,4,16)(8,36)(9,40,12,42,14,37)(10,41,13,39,11,38)(22,29)(23,30,26,33,28,35)(24,31,27,34,25,32)
(1,33,5,32,3,30)(2,35,6,34,7,29)(4,31)(8,16,14,20,13,21)(9,15,12,19,11,17)(10,18)(22,41,25,37,28,38)(23,42,24,36,27,39)(26,40)
(1,30,2,34,4,35)(3,31,5,29,7,33)(6,32)(8,21,12,17,10,19)(9,16,13,18,14,15)(11,20)(22,38,27,42,26,39)(23,37)(24,41,28,40,25,36)
(1,34,6,30,5,31)(2,33)(3,32,7,35,4,29)(8,17,11,21,14,18)(9,19,10,15,13,20)(12,16)(22,42,23,38,25,40)(24,39,26,36,28,37)(27,41)
(1,35,4,34,2,30)(3,33,7,29,5,31)(6,32)(8,19,10,17,12,21)(9,15,14,18,13,16)(11,20)(22,39,26,42,27,38)(23,37)(24,36,25,40,28,41)
(1,31,5,30,6,34)(2,33)(3,29,4,35,7,32)(8,18,14,21,11,17)(9,20,13,15,10,19)(12,16)(22,40,25,38,23,42)(24,37,28,36,26,39)(27,41)
(1,28,7,27,4,23)(2,26,6,22,3,24)(5,25)(8,34,9,33,10,32)(11,29,13,30,12,31)(14,35)(15,42,21,41,18,37)(16,40,20,36,17,38)(19,39)
(1,23,4,27,7,28)(2,24,3,22,6,26)(5,25)(8,32,10,33,9,34)(11,31,12,30,13,29)(14,35)(15,37,18,41,21,42)(16,38,17,36,20,40)(19,39)
(1,19,4,17,2,21)(3,16,7,15,5,18)(6,20)(8,39,10,42,12,38)(9,36,14,40,13,41)(11,37)(22,35,26,34,27,30)(23,32)(24,29,25,31,28,33)
(1,28,6,24,5,26)(2,27)(3,23,7,25,4,22)(8,34,11,30,14,31)(9,35,10,29,13,32)(12,33)(15,42,20,38,19,40)(16,41)(17,37,21,39,18,36)
(1,26,3,25,2,23)(4,28,5,27,6,22)(7,24)(8,31,13,35,12,32)(9,30)(10,34,14,33,11,29)(15,40,17,39,16,37)(18,42,19,41,20,36)(21,38)
(1,33,6,31,7,35)(2,32,4,30,5,29)(3,34)(8,16,11,18,9,19)(10,21,14,15,12,20)(13,17)(22,41,23,40,24,39)(25,36,27,37,26,38)(28,42)
(1,23,2,25,3,26)(4,22,6,27,5,28)(7,24)(8,32,12,35,13,31)(9,30)(10,29,11,33,14,34)(15,37,16,39,17,40)(18,36,20,41,19,42)(21,38)
(1,24,2,28,4,25)(3,26,5,22,7,27)(6,23)(8,30,12,34,10,35)(9,33,13,31,14,29)(11,32)(15,38,16,42,18,39)(17,40,19,36,21,41)(20,37)
(1,31,3,35,2,32)(4,34,5,33,6,29)(7,30)(8,18,13,19,12,20)(9,21)(10,17,14,16,11,15)(22,40,28,39,27,37)(23,36,26,42,25,41)(24,38)
(1,25,4,28,2,24)(3,27,7,22,5,26)(6,23)(8,35,10,34,12,30)(9,29,14,31,13,33)(11,32)(15,39,18,42,16,38)(17,41,21,36,19,40)(20,37)
(1,12,6,10,7,14)(2,11,4,9,5,8)(3,13)(15,33,20,31,21,35)(16,32,18,30,19,29)(17,34)(22,41,23,40,24,39)(25,36,27,37,26,38)(28,42)
(1,27,6,26,7,25)(2,23,4,24,5,22)(3,28)(8,33,11,31,9,35)(10,30,14,29,12,32)(13,34)(15,41,20,40,21,39)(16,37,18,38,19,36)(17,42)
(1,42,6,38,5,40)(2,41)(3,37,7,39,4,36)(8,34,11,30,14,31)(9,35,10,29,13,32)(12,33)(15,28,20,24,19,26)(16,27)(17,23,21,25,18,22)
(1,25,7,26,6,27)(2,22,5,24,4,23)(3,28)(8,35,9,31,11,33)(10,32,12,29,14,30)(13,34)(15,39,21,40,20,41)(16,36,19,38,18,37)(17,42)
(1,27,5,23,3,24)(2,25,6,28,7,22)(4,26)(8,33,14,32,13,30)(9,29,12,35,11,34)(10,31)(15,41,19,37,17,38)(16,39,20,42,21,36)(18,40)
(1,40,5,38,6,42)(2,41)(3,36,4,39,7,37)(8,31,14,30,11,34)(9,32,13,29,10,35)(12,33)(15,26,19,24,20,28)(16,27)(17,22,18,25,21,23)
(1,24,3,23,5,27)(2,22,7,28,6,25)(4,26)(8,30,13,32,14,33)(9,34,11,35,12,29)(10,31)(15,38,17,37,19,41)(16,36,21,42,20,39)(18,40)
(1,37,2,39,3,40)(4,36,6,41,5,42)(7,38)(8,32,12,35,13,31)(9,30)(10,29,11,33,14,34)(15,23,16,25,17,26)(18,22,20,27,19,28)(21,24)
(1,11,4,12,7,13)(2,9,3,8,6,10)(5,14)(15,32,18,33,21,34)(16,30,17,29,20,31)(19,35)(22,37,26,41,24,42)(23,40,27,38,28,36)(25,39)
(1,32,4,33,7,34)(2,30,3,29,6,31)(5,35)(8,20,10,16,9,17)(11,18,12,21,13,15)(14,19)(22,37,26,41,24,42)(23,40,27,38,28,36)(25,39)
(1,9,3,11,5,12)(2,8,7,13,6,14)(4,10)(15,30,17,32,19,33)(16,29,21,34,20,35)(18,31)(22,38,28,37,25,41)(23,39,27,36,24,42)(26,40)
(1,34,7,33,4,32)(2,31,6,29,3,30)(5,35)(8,17,9,16,10,20)(11,15,13,21,12,18)(14,19)(22,42,24,41,26,37)(23,36,28,38,27,40)(25,39)
(1,36)(2,40,7,37,5,42)(3,41,4,38,6,39)(8,29)(9,32,14,34,12,31)(10,30,11,35,13,33)(15,22)(16,26,21,23,19,28)(17,27,18,24,20,25)
(1,36)(2,42,5,37,7,40)(3,39,6,38,4,41)(8,29)(9,31,12,34,14,32)(10,33,13,35,11,30)(15,22)(16,28,19,23,21,26)(17,25,20,24,18,27)
(1,8)(2,10,7,11,5,13)(3,12,4,9,6,14)(15,29)(16,31,21,32,19,34)(17,33,18,30,20,35)(22,36)(23,39,28,41,26,38)(24,37,25,42,27,40)
(1,8)(2,13,5,11,7,10)(3,14,6,9,4,12)(15,29)(16,34,19,32,21,31)(17,35,20,30,18,33)(22,36)(23,38,26,41,28,39)(24,40,27,42,25,37)
(1,15)(2,18,7,20,5,17)(3,16,4,21,6,19)(8,22)(9,23,14,28,12,26)(10,24,11,25,13,27)(29,36)(30,37,35,42,33,40)(31,38,32,39,34,41)
(1,15)(2,17,5,20,7,18)(3,19,6,21,4,16)(8,22)(9,26,12,28,14,23)(10,27,13,25,11,24)(29,36)(30,40,33,42,35,37)(31,41,34,39,32,38)
(1,14,7,10,6,12)(2,8,5,9,4,11)(3,13)(15,35,21,31,20,33)(16,29,19,30,18,32)(17,34)(22,39,24,40,23,41)(25,38,26,37,27,36)(28,42)
(1,9,2,13,4,14)(3,10,5,8,7,12)(6,11)(15,30,16,34,18,35)(17,31,19,29,21,33)(20,32)(22,38,27,42,26,39)(23,37)(24,41,28,40,25,36)
(1,14,4,13,2,9)(3,12,7,8,5,10)(6,11)(15,35,18,34,16,30)(17,33,21,29,19,31)(20,32)(22,39,26,42,27,38)(23,37)(24,36,25,40,28,41)
(1,17,7,16,4,20)(2,18,6,15,3,21)(5,19)(8,28,9,27,10,23)(11,22,13,24,12,26)(14,25)(29,42,30,41,31,37)(32,36,34,38,33,40)(35,39)
(1,20,4,16,7,17)(2,21,3,15,6,18)(5,19)(8,23,10,27,9,28)(11,26,12,24,13,22)(14,25)(29,37,31,41,30,42)(32,40,33,38,34,36)(35,39)
(1,38,3,37,5,41)(2,36,7,42,6,39)(4,40)(8,30,13,32,14,33)(9,34,11,35,12,29)(10,31)(15,24,17,23,19,27)(16,22,21,28,20,25)(18,26)
(1,39,7,40,6,41)(2,36,5,38,4,37)(3,42)(8,35,9,31,11,33)(10,32,12,29,14,30)(13,34)(15,25,21,26,20,27)(16,22,19,24,18,23)(17,28)
(1,42,7,41,4,37)(2,40,6,36,3,38)(5,39)(8,34,9,33,10,32)(11,29,13,30,12,31)(14,35)(15,28,21,27,18,23)(16,26,20,22,17,24)(19,25)
(1,37,4,41,7,42)(2,38,3,36,6,40)(5,39)(8,32,10,33,9,34)(11,31,12,30,13,29)(14,35)(15,23,18,27,21,28)(16,24,17,22,20,26)(19,25)
(1,40,3,39,2,37)(4,42,5,41,6,36)(7,38)(8,31,13,35,12,32)(9,30)(10,34,14,33,11,29)(15,26,17,25,16,23)(18,28,19,27,20,22)(21,24)
(1,19,4,17,2,21)(3,16,7,15,5,18)(6,20)(8,25,10,28,12,24)(9,22,14,26,13,27)(11,23)(29,39,31,42,33,38)(30,36,35,40,34,41)(32,37)
(1,16,6,18,7,19)(2,20,4,21,5,15)(3,17)(8,27,11,26,9,25)(10,24,14,22,12,23)(13,28)(29,41,32,40,30,39)(31,38,35,36,33,37)(34,42)
(1,19,7,18,6,16)(2,15,5,21,4,20)(3,17)(8,25,9,26,11,27)(10,23,12,22,14,24)(13,28)(29,39,30,40,32,41)(31,37,33,36,35,38)(34,42)
(1,16,5,20,3,21)(2,19,6,17,7,15)(4,18)(8,27,14,23,13,24)(9,22,12,25,11,28)(10,26)(29,41,35,37,34,38)(30,36,33,39,32,42)(31,40)
(1,21,3,20,5,16)(2,15,7,17,6,19)(4,18)(8,24,13,23,14,27)(9,28,11,25,12,22)(10,26)(29,38,34,37,35,41)(30,42,32,39,33,36)(31,40)
(1,11,2,14,3,10)(4,8,6,12,5,13)(7,9)(15,32,16,35,17,31)(18,29,20,33,19,34)(21,30)(22,37,27,39,28,40)(23,41,25,42,26,36)(24,38)
(1,10,3,14,2,11)(4,13,5,12,6,8)(7,9)(15,31,17,35,16,32)(18,34,19,33,20,29)(21,30)(22,40,28,39,27,37)(23,36,26,42,25,41)(24,38)
(1,13,6,9,5,10)(2,12)(3,11,7,14,4,8)(15,34,20,30,19,31)(16,33)(17,32,21,35,18,29)(22,42,23,38,25,40)(24,39,26,36,28,37)(27,41)
(1,41,5,37,3,38)(2,39,6,42,7,36)(4,40)(8,33,14,32,13,30)(9,29,12,35,11,34)(10,31)(15,27,19,23,17,24)(16,25,20,28,21,22)(18,26)
(1,39,4,42,2,38)(3,41,7,36,5,40)(6,37)(8,35,10,34,12,30)(9,29,14,31,13,33)(11,32)(15,25,18,28,16,24)(17,27,21,22,19,26)(20,23)
(1,12,5,11,3,9)(2,14,6,13,7,8)(4,10)(15,33,19,32,17,30)(16,35,20,34,21,29)(18,31)(22,41,25,37,28,38)(23,42,24,36,27,39)(26,40)
(1,21,3,20,5,16)(2,15,7,17,6,19)(4,18)(8,38,13,37,14,41)(9,42,11,39,12,36)(10,40)(22,30,28,32,25,33)(23,35,27,29,24,34)(26,31)
(1,16,5,20,3,21)(2,19,6,17,7,15)(4,18)(8,41,14,37,13,38)(9,36,12,39,11,42)(10,40)(22,33,25,32,28,30)(23,34,24,29,27,35)(26,31)
(1,19,7,18,6,16)(2,15,5,21,4,20)(3,17)(8,39,9,40,11,41)(10,37,12,36,14,38)(13,42)(22,35,24,31,23,33)(25,30,26,32,27,29)(28,34)
(1,16,6,18,7,19)(2,20,4,21,5,15)(3,17)(8,41,11,40,9,39)(10,38,14,36,12,37)(13,42)(22,33,23,31,24,35)(25,29,27,32,26,30)(28,34)
(1,17,7,16,4,20)(2,18,6,15,3,21)(5,19)(8,42,9,41,10,37)(11,36,13,38,12,40)(14,39)(22,34,24,33,26,32)(23,29,28,30,27,31)(25,35)
(1,20,4,16,7,17)(2,21,3,15,6,18)(5,19)(8,37,10,41,9,42)(11,40,12,38,13,36)(14,39)(22,32,26,33,24,34)(23,31,27,30,28,29)(25,35)
(1,18,5,21,6,17)(2,16)(3,15,4,19,7,20)(8,40,14,38,11,42)(9,37,13,36,10,39)(12,41)(22,31,25,30,23,34)(24,32,28,29,26,35)(27,33)
(1,17,6,21,5,18)(2,16)(3,20,7,19,4,15)(8,42,11,38,14,40)(9,39,10,36,13,37)(12,41)(22,34,23,30,25,31)(24,35,26,29,28,32)(27,33)
(1,18,3,19,2,20)(4,17,5,16,6,15)(7,21)(8,40,13,39,12,37)(9,38)(10,42,14,41,11,36)(22,31,28,35,27,32)(23,29,26,34,25,33)(24,30)
(1,20,2,19,3,18)(4,15,6,16,5,17)(7,21)(8,37,12,39,13,40)(9,38)(10,36,11,41,14,42)(22,32,27,35,28,31)(23,33,25,34,26,29)(24,30)
(1,21,2,17,4,19)(3,18,5,15,7,16)(6,20)(8,38,12,42,10,39)(9,41,13,40,14,36)(11,37)(22,30,27,34,26,35)(23,32)(24,33,28,31,25,29)
(1,29)(2,31,7,32,5,34)(3,33,4,30,6,35)(8,15)(9,20,14,17,12,18)(10,21,11,19,13,16)(22,36)(23,39,28,41,26,38)(24,37,25,42,27,40)
(1,29)(2,34,5,32,7,31)(3,35,6,30,4,33)(8,15)(9,18,12,17,14,20)(10,16,13,19,11,21)(22,36)(23,38,26,41,28,39)(24,40,27,42,25,37)
(1,22)(2,26,7,23,5,28)(3,27,4,24,6,25)(8,29)(9,32,14,34,12,31)(10,30,11,35,13,33)(15,36)(16,40,21,37,19,42)(17,41,18,38,20,39)
(1,22)(2,28,5,23,7,26)(3,25,6,24,4,27)(8,29)(9,31,12,34,14,32)(10,33,13,35,11,30)(15,36)(16,42,19,37,21,40)(17,39,20,38,18,41)
(1,38,2,42,4,39)(3,40,5,36,7,41)(6,37)(8,30,12,34,10,35)(9,33,13,31,14,29)(11,32)(15,24,16,28,18,25)(17,26,19,22,21,27)(20,23)
(1,10,5,9,6,13)(2,12)(3,8,4,14,7,11)(15,31,19,30,20,34)(16,33)(17,29,18,35,21,32)(22,40,25,38,23,42)(24,37,28,36,26,39)(27,41)
(1,18,5,21,6,17)(2,16)(3,15,4,19,7,20)(8,26,14,24,11,28)(9,23,13,22,10,25)(12,27)(29,40,35,38,32,42)(30,37,34,36,31,39)(33,41)
(1,41,6,40,7,39)(2,37,4,38,5,36)(3,42)(8,33,11,31,9,35)(10,30,14,29,12,32)(13,34)(15,27,20,26,21,25)(16,23,18,24,19,22)(17,28)
(1,17,6,21,5,18)(2,16)(3,20,7,19,4,15)(8,28,11,24,14,26)(9,25,10,22,13,23)(12,27)(29,42,32,38,35,40)(30,39,31,36,34,37)(33,41)
(1,18,3,19,2,20)(4,17,5,16,6,15)(7,21)(8,26,13,25,12,23)(9,24)(10,28,14,27,11,22)(29,40,34,39,33,37)(30,38)(31,42,35,41,32,36)
(1,20,2,19,3,18)(4,15,6,16,5,17)(7,21)(8,23,12,25,13,26)(9,24)(10,22,11,27,14,28)(29,37,33,39,34,40)(30,38)(31,36,32,41,35,42)
(1,21,2,17,4,19)(3,18,5,15,7,16)(6,20)(8,24,12,28,10,25)(9,27,13,26,14,22)(11,23)(29,38,33,42,31,39)(30,41,34,40,35,36)(32,37)
(1,26,5,24,6,28)(2,27)(3,22,4,25,7,23)(8,31,14,30,11,34)(9,32,13,29,10,35)(12,33)(15,40,19,38,20,42)(16,41)(17,36,18,39,21,37)
(1,16,4,15,2,18)(3,19,7,17,5,21)(6,20)(8,33,10,29,12,31)(9,34,14,30,13,35)(11,32)(22,27,26)(24,28,25)(36,41,40)(38,42,39)
(1,15)(2,19,7,16,5,21)(3,20,4,17,6,18)(9,12,14)(10,13,11)(22,36)(23,40,28,37,26,42)(24,41,25,38,27,39)(30,33,35)(31,34,32)
(1,15)(2,21,5,16,7,19)(3,18,6,17,4,20)(9,14,12)(10,11,13)(22,36)(23,42,26,37,28,40)(24,39,27,38,25,41)(30,35,33)(31,32,34)
(1,21,6,15,7,20)(2,19,4,16,5,18)(3,17)(8,30,11,29,9,32)(10,33,14,31,12,35)(13,34)(22,24,23)(25,26,27)(36,38,37)(39,40,41)
(1,20,7,15,6,21)(2,18,5,16,4,19)(3,17)(8,32,9,29,11,30)(10,35,12,31,14,33)(13,34)(22,23,24)(25,27,26)(36,37,38)(39,41,40)
(1,19,6,15,5,20)(2,16)(3,18,7,17,4,21)(8,35,11,29,14,32)(9,34,10,30,13,31)(12,33)(22,25,23)(24,28,26)(36,39,37)(38,42,40)
(1,20,5,15,6,19)(2,16)(3,21,4,17,7,18)(8,32,14,29,11,35)(9,31,13,30,10,34)(12,33)(22,23,25)(24,26,28)(36,37,39)(38,40,42)
(1,17,5,15,3,19)(2,21,6,16,7,20)(4,18)(8,34,14,29,13,35)(9,32,12,30,11,33)(10,31)(22,28,25)(23,27,24)(36,42,39)(37,41,38)
(1,16,3,15,2,17)(4,20,5,18,6,19)(7,21)(8,33,13,29,12,34)(9,30)(10,32,14,31,11,35)(22,27,28)(23,25,26)(36,41,42)(37,39,40)
(1,17,2,15,3,16)(4,19,6,18,5,20)(7,21)(8,34,12,29,13,33)(9,30)(10,35,11,31,14,32)(22,28,27)(23,26,25)(36,42,41)(37,40,39)
(1,19,3,15,5,17)(2,20,7,16,6,21)(4,18)(8,35,13,29,14,34)(9,33,11,30,12,32)(10,31)(22,25,28)(23,24,27)(36,39,42)(37,38,41)
(1,18,2,15,4,16)(3,21,5,17,7,19)(6,20)(8,31,12,29,10,33)(9,35,13,30,14,34)(11,32)(22,26,27)(24,25,28)(36,40,41)(38,39,42)
(1,21,4,15,7,18)(2,20,3,16,6,17)(5,19)(8,30,10,29,9,31)(11,34,12,32,13,33)(14,35)(22,24,26)(23,28,27)(36,38,40)(37,42,41)
(1,18,7,15,4,21)(2,17,6,16,3,20)(5,19)(8,31,9,29,10,30)(11,33,13,32,12,34)(14,35)(22,26,24)(23,27,28)(36,40,38)(37,41,42)
(1,6,7)(2,4,5)(8,32,9,29,11,30)(10,35,12,31,14,33)(13,34)(15,20,21)(16,18,19)(22,37,24,36,23,38)(25,41,26,39,27,40)(28,42)
(1,7,6)(2,5,4)(8,30,11,29,9,32)(10,33,14,31,12,35)(13,34)(15,21,20)(16,19,18)(22,38,23,36,24,37)(25,40,27,39,26,41)(28,42)
(1,6,5)(3,7,4)(8,32,14,29,11,35)(9,31,13,30,10,34)(12,33)(15,20,19)(17,21,18)(22,37,25,36,23,39)(24,40,28,38,26,42)(27,41)
(1,5,6)(3,4,7)(8,35,11,29,14,32)(9,34,10,30,13,31)(12,33)(15,19,20)(17,18,21)(22,39,23,36,25,37)(24,42,26,38,28,40)(27,41)
(1,3,5)(2,7,6)(8,34,14,29,13,35)(9,32,12,30,11,33)(10,31)(15,17,19)(16,21,20)(22,42,25,36,28,39)(23,41,24,37,27,38)(26,40)
(1,5,3)(2,6,7)(8,35,13,29,14,34)(9,33,11,30,12,32)(10,31)(15,19,17)(16,20,21)(22,39,28,36,25,42)(23,38,27,37,24,41)(26,40)
(1,3,2)(4,5,6)(8,34,12,29,13,33)(9,30)(10,35,11,31,14,32)(15,17,16)(18,19,20)(22,42,27,36,28,41)(23,40,25,37,26,39)(24,38)
(1,2,3)(4,6,5)(8,33,13,29,12,34)(9,30)(10,32,14,31,11,35)(15,16,17)(18,20,19)(22,41,28,36,27,42)(23,39,26,37,25,40)(24,38)
(1,4,2)(3,7,5)(8,31,12,29,10,33)(9,35,13,30,14,34)(11,32)(15,18,16)(17,21,19)(22,40,27,36,26,41)(23,37)(24,39,28,38,25,42)
(1,2,4)(3,5,7)(8,33,10,29,12,31)(9,34,14,30,13,35)(11,32)(15,16,18)(17,19,21)(22,41,26,36,27,40)(23,37)(24,42,25,38,28,39)
(1,15)(2,21,5,16,7,19)(3,18,6,17,4,20)(8,29)(9,35,12,30,14,33)(10,32,13,31,11,34)(23,28,26)(24,25,27)(37,42,40)(38,39,41)
(1,15)(2,19,7,16,5,21)(3,20,4,17,6,18)(8,29)(9,33,14,30,12,35)(10,34,11,31,13,32)(23,26,28)(24,27,25)(37,40,42)(38,41,39)
(1,4,7)(2,3,6)(8,31,9,29,10,30)(11,33,13,32,12,34)(14,35)(15,18,21)(16,17,20)(22,40,24,36,26,38)(23,41,28,37,27,42)(25,39)
(1,7,4)(2,6,3)(8,30,10,29,9,31)(11,34,12,32,13,33)(14,35)(15,21,18)(16,20,17)(22,38,26,36,24,40)(23,42,27,37,28,41)(25,39)
(1,21,6,15,7,20)(2,19,4,16,5,18)(3,17)(8,9,11)(10,12,14)(22,38,23,36,24,37)(25,40,27,39,26,41)(28,42)(29,30,32)(31,33,35)
(1,20,7,15,6,21)(2,18,5,16,4,19)(3,17)(8,11,9)(10,14,12)(22,37,24,36,23,38)(25,41,26,39,27,40)(28,42)(29,32,30)(31,35,33)
(1,21,4,15,7,18)(2,20,3,16,6,17)(5,19)(8,9,10)(11,13,12)(22,38,26,36,24,40)(23,42,27,37,28,41)(25,39)(29,30,31)(32,34,33)
(1,20,5,15,6,19)(2,16)(3,21,4,17,7,18)(8,11,14)(9,10,13)(22,37,25,36,23,39)(24,40,28,38,26,42)(27,41)(29,32,35)(30,31,34)
(2,5,7)(3,6,4)(8,29)(9,33,14,30,12,35)(10,34,11,31,13,32)(16,19,21)(17,20,18)(22,36)(23,40,28,37,26,42)(24,41,25,38,27,39)
(2,7,5)(3,4,6)(8,29)(9,35,12,30,14,33)(10,32,13,31,11,34)(16,21,19)(17,18,20)(22,36)(23,42,26,37,28,40)(24,39,27,38,25,41)
(1,19,3,15,5,17)(2,20,7,16,6,21)(4,18)(8,14,13)(9,12,11)(22,39,28,36,25,42)(23,38,27,37,24,41)(26,40)(29,35,34)(30,33,32)
(1,17,5,15,3,19)(2,21,6,16,7,20)(4,18)(8,13,14)(9,11,12)(22,42,25,36,28,39)(23,41,24,37,27,38)(26,40)(29,34,35)(30,32,33)
(1,16,3,15,2,17)(4,20,5,18,6,19)(7,21)(8,12,13)(10,11,14)(22,41,28,36,27,42)(23,39,26,37,25,40)(24,38)(29,33,34)(31,32,35)
(1,17,2,15,3,16)(4,19,6,18,5,20)(7,21)(8,13,12)(10,14,11)(22,42,27,36,28,41)(23,40,25,37,26,39)(24,38)(29,34,33)(31,35,32)
(1,16,4,15,2,18)(3,19,7,17,5,21)(6,20)(8,12,10)(9,13,14)(22,41,26,36,27,40)(23,37)(24,42,25,38,28,39)(29,33,31)(30,34,35)
(1,18,2,15,4,16)(3,21,5,17,7,19)(6,20)(8,10,12)(9,14,13)(22,40,27,36,26,41)(23,37)(24,39,28,38,25,42)(29,31,33)(30,35,34)
(1,19,6,15,5,20)(2,16)(3,18,7,17,4,21)(8,14,11)(9,13,10)(22,39,23,36,25,37)(24,42,26,38,28,40)(27,41)(29,35,32)(30,34,31)
(1,18,7,15,4,21)(2,17,6,16,3,20)(5,19)(8,10,9)(11,12,13)(22,40,24,36,26,38)(23,41,28,37,27,42)(25,39)(29,31,30)(32,33,34)
(1,2,7,4,5,3,6)(8,12,9,10,14,13,11)(15,16,21,18,19,17,20)(22,27,24,26,25,28,23)(29,33,30,31,35,34,32)(36,41,38,40,39,42,37)
(1,5,2,3,7,6,4)(8,14,12,13,9,11,10)(15,19,16,17,21,20,18)(22,25,27,28,24,23,26)(29,35,33,34,30,32,31)(36,39,41,42,38,37,40)
(1,4,6,7,3,2,5)(8,10,11,9,13,12,14)(15,18,20,21,17,16,19)(22,26,23,24,28,27,25)(29,31,32,30,34,33,35)(36,40,37,38,42,41,39)
(1,7,5,6,2,4,3)(8,9,14,11,12,10,13)(15,21,19,20,16,18,17)(22,24,25,23,27,26,28)(29,30,35,32,33,31,34)(36,38,39,37,41,40,42)
(1,6,3,5,4,7,2)(8,11,13,14,10,9,12)(15,20,17,19,18,21,16)(22,23,28,25,26,24,27)(29,32,34,35,31,30,33)(36,37,42,39,40,38,41)
(1,3,4,2,6,5,7)(8,13,10,12,11,14,9)(15,17,18,16,20,19,21)(22,28,26,27,23,25,24)(29,34,31,33,32,35,30)(36,42,40,41,37,39,38)
(1,35,21,10,6,33,15,14,7,31,20,12)(2,29,19,9,4,32,16,8,5,30,18,11)(3,34,17,13)(22,25,24,26,23,27)(36,39,38,40,37,41)
(1,31,19,9,6,34,15,10,5,30,20,13)(2,33,16,12)(3,29,18,14,7,32,17,8,4,35,21,11)(22,26,25,24,23,28)(36,40,39,38,37,42)
(1,10,19,30,6,13,15,31,5,9,20,34)(2,12,16,33)(3,8,18,35,7,11,17,29,4,14,21,32)(22,26,25,24,23,28)(36,40,39,38,37,42)
(1,13,20,30,5,10,15,34,6,9,19,31)(2,12,16,33)(3,11,21,35,4,8,17,32,7,14,18,29)(22,28,23,24,25,26)(36,42,37,38,39,40)
(1,31,17,14,2,32,15,10,3,35,16,11)(4,34,19,12,6,29,18,13,5,33,20,8)(7,30,21,9)(22,26,28,25,27,23)(36,40,42,39,41,37)
(1,32,16,14,3,31,15,11,2,35,17,10)(4,29,20,12,5,34,18,8,6,33,19,13)(7,30,21,9)(22,23,27,25,28,26)(36,37,41,39,42,40)
(1,10,17,35,2,11,15,31,3,14,16,32)(4,13,19,33,6,8,18,34,5,12,20,29)(7,9,21,30)(22,26,28,25,27,23)(36,40,42,39,41,37)
(1,11,16,35,3,10,15,32,2,14,17,31)(4,8,20,33,5,13,18,29,6,12,19,34)(7,9,21,30)(22,23,27,25,28,26)(36,37,41,39,42,40)
(1,12,20,31,7,14,15,33,6,10,21,35)(2,11,18,30,5,8,16,32,4,9,19,29)(3,13,17,34)(22,27,23,26,24,25)(36,41,37,40,38,39)
(1,30,17,11,5,33,15,9,3,32,19,12)(2,29,21,13,6,35,16,8,7,34,20,14)(4,31,18,10)(22,24,28,23,25,27)(36,38,42,37,39,41)
(1,33,19,11,3,30,15,12,5,32,17,9)(2,35,20,13,7,29,16,14,6,34,21,8)(4,31,18,10)(22,27,25,23,28,24)(36,41,39,37,42,38)
(1,11,18,33,7,13,15,32,4,12,21,34)(2,9,17,29,6,10,16,30,3,8,20,31)(5,14,19,35)(22,23,26,27,24,28)(36,37,40,41,38,42)
(1,14,21,31,6,12,15,35,7,10,20,33)(2,8,19,30,4,11,16,29,5,9,18,32)(3,13,17,34)(22,25,24,26,23,27)(36,39,38,40,37,41)
(1,33,20,10,7,35,15,12,6,31,21,14)(2,32,18,9,5,29,16,11,4,30,19,8)(3,34,17,13)(22,27,23,26,24,25)(36,41,37,40,38,39)
(1,34,20,9,5,31,15,13,6,30,19,10)(2,33,16,12)(3,32,21,14,4,29,17,11,7,35,18,8)(22,28,23,24,25,26)(36,42,37,38,39,40)
(1,9,17,32,5,12,15,30,3,11,19,33)(2,8,21,34,6,14,16,29,7,13,20,35)(4,10,18,31)(22,24,28,23,25,27)(36,38,42,37,39,41)
(1,13,21,33,4,11,15,34,7,12,18,32)(2,10,20,29,3,9,16,31,6,8,17,30)(5,14,19,35)(22,28,24,27,26,23)(36,42,38,41,40,37)
(1,34,21,12,4,32,15,13,7,33,18,11)(2,31,20,8,3,30,16,10,6,29,17,9)(5,35,19,14)(22,28,24,27,26,23)(36,42,38,41,40,37)
(1,12,19,32,3,9,15,33,5,11,17,30)(2,14,20,34,7,8,16,35,6,13,21,29)(4,10,18,31)(22,27,25,23,28,24)(36,41,39,37,42,38)
(1,32,18,12,7,34,15,11,4,33,21,13)(2,30,17,8,6,31,16,9,3,29,20,10)(5,35,19,14)(22,23,26,27,24,28)(36,37,40,41,38,42)
(2,3,5,6,7,4)(8,36,29,22)(9,40,33,28,14,37,30,26,12,42,35,23)(10,41,34,25,11,38,31,27,13,39,32,24)(16,17,19,20,21,18)
(1,35,18,13,2,30,15,14,4,34,16,9)(3,33,21,8,5,31,17,12,7,29,19,10)(6,32,20,11)(22,25,26,28,27,24)(36,39,40,42,41,38)
(1,30,16,13,4,35,15,9,2,34,18,14)(3,31,19,8,7,33,17,10,5,29,21,12)(6,32,20,11)(22,24,27,28,26,25)(36,38,41,42,40,39)
(1,14,18,34,2,9,15,35,4,13,16,30)(3,12,21,29,5,10,17,33,7,8,19,31)(6,11,20,32)(22,25,26,28,27,24)(36,39,40,42,41,38)
(1,9,16,34,4,14,15,30,2,13,18,35)(3,10,19,29,7,12,17,31,5,8,21,33)(6,11,20,32)(22,24,27,28,26,25)(36,38,41,42,40,39)
(1,3,7,2,4,6)(8,42,30,27,10,37,29,28,9,41,31,23)(11,36,34,24,12,40,32,22,13,38,33,26)(14,39,35,25)(15,17,21,16,18,20)
(1,3,7,2,4,6)(8,28,30,41,10,23,29,42,9,27,31,37)(11,22,34,38,12,26,32,36,13,24,33,40)(14,25,35,39)(15,17,21,16,18,20)
(1,6,4,2,7,3)(8,37,31,27,9,42,29,23,10,41,30,28)(11,40,33,24,13,36,32,26,12,38,34,22)(14,39,35,25)(15,20,18,16,21,17)
(1,6,4,2,7,3)(8,23,31,41,9,28,29,37,10,27,30,42)(11,26,33,38,13,22,32,40,12,24,34,36)(14,25,35,39)(15,20,18,16,21,17)
(1,4,3,5,2,6)(8,40,34,25,12,37,29,26,13,39,33,23)(9,38,30,24)(10,42,35,27,11,36,31,28,14,41,32,22)(15,18,17,19,16,20)
(1,4,3,5,2,6)(8,26,34,39,12,23,29,40,13,25,33,37)(9,24,30,38)(10,28,35,41,11,22,31,42,14,27,32,36)(15,18,17,19,16,20)
(1,6,2,5,3,4)(8,37,33,25,13,40,29,23,12,39,34,26)(9,38,30,24)(10,36,32,27,14,42,31,22,11,41,35,28)(15,20,16,19,17,18)
(1,6,2,5,3,4)(8,23,33,39,13,26,29,37,12,25,34,40)(9,24,30,38)(10,22,32,41,14,28,31,36,11,27,35,42)(15,20,16,19,17,18)
(1,4,5,7,6,3)(8,40,35,24,11,42,29,26,14,38,32,28)(9,37,34,22,10,39,30,23,13,36,31,25)(12,41,33,27)(15,18,19,21,20,17)
(1,4,5,7,6,3)(8,26,35,38,11,28,29,40,14,24,32,42)(9,23,34,36,10,25,30,37,13,22,31,39)(12,27,33,41)(15,18,19,21,20,17)
(1,36,15,22)(2,40,21,23,5,42,16,26,7,37,19,28)(3,41,18,24,6,39,17,27,4,38,20,25)(9,11,14,13,12,10)(30,32,35,34,33,31)
(1,36,15,22)(2,42,19,23,7,40,16,28,5,37,21,26)(3,39,20,24,4,41,17,25,6,38,18,27)(9,10,12,13,14,11)(30,31,33,34,35,32)
(1,22,15,36)(2,26,21,37,5,28,16,40,7,23,19,42)(3,27,18,38,6,25,17,41,4,24,20,39)(9,11,14,13,12,10)(30,32,35,34,33,31)
(1,22,15,36)(2,28,19,37,7,26,16,42,5,23,21,40)(3,25,20,38,4,27,17,39,6,24,18,41)(9,10,12,13,14,11)(30,31,33,34,35,32)
(1,8,15,29)(2,10,21,32,5,13,16,31,7,11,19,34)(3,12,18,30,6,14,17,33,4,9,20,35)(23,25,28,27,26,24)(37,39,42,41,40,38)
(1,8,15,29)(2,13,19,32,7,10,16,34,5,11,21,31)(3,14,20,30,4,12,17,35,6,9,18,33)(23,24,26,27,28,25)(37,38,40,41,42,39)
(1,29,15,8)(2,31,21,11,5,34,16,10,7,32,19,13)(3,33,18,9,6,35,17,12,4,30,20,14)(23,25,28,27,26,24)(37,39,42,41,40,38)
(1,29,15,8)(2,34,19,11,7,31,16,13,5,32,21,10)(3,35,20,9,4,33,17,14,6,30,18,12)(23,24,26,27,28,25)(37,38,40,41,42,39)
(1,3,6,7,5,4)(8,42,32,24,14,40,29,28,11,38,35,26)(9,39,31,22,13,37,30,25,10,36,34,23)(12,41,33,27)(15,17,20,21,19,18)
(1,3,6,7,5,4)(8,28,32,38,14,26,29,42,11,24,35,40)(9,25,31,36,13,23,30,39,10,22,34,37)(12,27,33,41)(15,17,20,21,19,18)
(1,2,6,4,7,5)(8,41,32,26,9,39,29,27,11,40,30,25)(10,38,35,22,12,37,31,24,14,36,33,23)(13,42,34,28)(15,16,20,18,21,19)
(1,2,6,4,7,5)(8,27,32,40,9,25,29,41,11,26,30,39)(10,24,35,36,12,23,31,38,14,22,33,37)(13,28,34,42)(15,16,20,18,21,19)
(1,5,7,4,6,2)(8,39,30,26,11,41,29,25,9,40,32,27)(10,37,33,22,14,38,31,23,12,36,35,24)(13,42,34,28)(15,19,21,18,20,16)
(1,5,7,4,6,2)(8,25,30,40,11,27,29,39,9,26,32,41)(10,23,33,36,14,24,31,37,12,22,35,38)(13,28,34,42)(15,19,21,18,20,16)
(1,7,2,3,4,5)(8,38,33,28,10,39,29,24,12,42,31,25)(9,41,34,26,14,36,30,27,13,40,35,22)(11,37,32,23)(15,21,16,17,18,19)
(1,23,18,41,7,28,15,37,4,27,21,42)(2,24,17,36,6,26,16,38,3,22,20,40)(5,25,19,39)(8,11,10,12,9,13)(29,32,31,33,30,34)
(1,37,18,27,7,42,15,23,4,41,21,28)(2,38,17,22,6,40,16,24,3,36,20,26)(5,39,19,25)(8,11,10,12,9,13)(29,32,31,33,30,34)
(1,42,21,27,4,37,15,28,7,41,18,23)(2,40,20,22,3,38,16,26,6,36,17,24)(5,39,19,25)(8,13,9,12,10,11)(29,34,30,33,31,32)
(1,27,20,40,7,25,15,41,6,26,21,39)(2,23,18,38,5,22,16,37,4,24,19,36)(3,28,17,42)(8,12,11,10,9,14)(29,33,32,31,30,35)
(1,41,20,26,7,39,15,27,6,40,21,25)(2,37,18,24,5,36,16,23,4,38,19,22)(3,42,17,28)(8,12,11,10,9,14)(29,33,32,31,30,35)
(1,39,21,26,6,41,15,25,7,40,20,27)(2,36,19,24,4,37,16,22,5,38,18,23)(3,42,17,28)(8,14,9,10,11,12)(29,35,30,31,32,33)
(1,24,17,37,5,27,15,38,3,23,19,41)(2,22,21,42,6,25,16,36,7,28,20,39)(4,26,18,40)(8,9,13,11,14,12)(29,30,34,32,35,33)
(1,39,18,28,2,38,15,25,4,42,16,24)(3,41,21,22,5,40,17,27,7,36,19,26)(6,37,20,23)(8,14,10,13,12,9)(29,35,31,34,33,30)
(1,38,16,28,4,39,15,24,2,42,18,25)(3,40,19,22,7,41,17,26,5,36,21,27)(6,37,20,23)(8,9,12,13,10,14)(29,30,33,34,31,35)
(1,25,18,42,2,24,15,39,4,28,16,38)(3,27,21,36,5,26,17,41,7,22,19,40)(6,23,20,37)(8,14,10,13,12,9)(29,35,31,34,33,30)
(1,41,19,23,3,38,15,27,5,37,17,24)(2,39,20,28,7,36,16,25,6,42,21,22)(4,40,18,26)(8,12,14,11,13,9)(29,33,35,32,34,30)
(1,26,19,38,6,28,15,40,5,24,20,42)(2,27,16,41)(3,22,18,39,7,23,17,36,4,25,21,37)(8,10,14,9,11,13)(29,31,35,30,32,34)
(1,42,20,24,5,40,15,28,6,38,19,26)(2,41,16,27)(3,37,21,25,4,36,17,23,7,39,18,22)(8,13,11,9,14,10)(29,34,32,30,35,31)
(1,40,19,24,6,42,15,26,5,38,20,28)(2,41,16,27)(3,36,18,25,7,37,17,22,4,39,21,23)(8,10,14,9,11,13)(29,31,35,30,32,34)
(1,23,16,39,3,26,15,37,2,25,17,40)(4,22,20,41,5,28,18,36,6,27,19,42)(7,24,21,38)(8,11,12,14,13,10)(29,32,33,35,34,31)
(1,26,17,39,2,23,15,40,3,25,16,37)(4,28,19,41,6,22,18,42,5,27,20,36)(7,24,21,38)(8,10,13,14,12,11)(29,31,34,35,33,32)
(1,37,16,25,3,40,15,23,2,39,17,26)(4,36,20,27,5,42,18,22,6,41,19,28)(7,38,21,24)(8,11,12,14,13,10)(29,32,33,35,34,31)
(1,40,17,25,2,37,15,26,3,39,16,23)(4,42,19,27,6,36,18,28,5,41,20,22)(7,38,21,24)(8,10,13,14,12,11)(29,31,34,35,33,32)
(1,28,21,41,4,23,15,42,7,27,18,37)(2,26,20,36,3,24,16,40,6,22,17,38)(5,25,19,39)(8,13,9,12,10,11)(29,34,30,33,31,32)
(1,7,3,6,5,2)(8,24,34,37,14,27,29,38,13,23,35,41)(9,28,32,39,12,22,30,42,11,25,33,36)(10,26,31,40)(15,21,17,20,19,16)
(1,7,2,3,4,5)(8,24,33,42,10,25,29,38,12,28,31,39)(9,27,34,40,14,22,30,41,13,26,35,36)(11,23,32,37)(15,21,16,17,18,19)
(1,5,4,3,2,7)(8,39,31,28,12,38,29,25,10,42,33,24)(9,36,35,26,13,41,30,22,14,40,34,27)(11,37,32,23)(15,19,18,17,16,21)
(1,25,21,40,6,27,15,39,7,26,20,41)(2,22,19,38,4,23,16,36,5,24,18,37)(3,28,17,42)(8,14,9,10,11,12)(29,35,30,31,32,33)
(1,5,4,3,2,7)(8,25,31,42,12,24,29,39,10,28,33,38)(9,22,35,40,13,27,30,36,14,26,34,41)(11,23,32,37)(15,19,18,17,16,21)
(1,2,5,6,3,7)(8,41,35,23,13,38,29,27,14,37,34,24)(9,36,33,25,11,42,30,22,12,39,32,28)(10,40,31,26)(15,16,19,20,17,21)
(2,3,5,6,7,4)(8,22,29,36)(9,26,33,42,14,23,30,40,12,28,35,37)(10,27,34,39,11,24,31,41,13,25,32,38)(16,17,19,20,21,18)
(1,27,19,37,3,24,15,41,5,23,17,38)(2,25,20,42,7,22,16,39,6,28,21,36)(4,26,18,40)(8,12,14,11,13,9)(29,33,35,32,34,30)
(2,4,7,6,5,3)(8,36,29,22)(9,37,35,28,12,40,30,23,14,42,33,26)(10,38,32,25,13,41,31,24,11,39,34,27)(16,18,21,20,19,17)
(2,4,7,6,5,3)(8,22,29,36)(9,23,35,42,12,26,30,37,14,28,33,40)(10,24,32,39,13,27,31,38,11,25,34,41)(16,18,21,20,19,17)
(1,2,5,6,3,7)(8,27,35,37,13,24,29,41,14,23,34,38)(9,22,33,39,11,28,30,36,12,25,32,42)(10,26,31,40)(15,16,19,20,17,21)
(1,24,16,42,4,25,15,38,2,28,18,39)(3,26,19,36,7,27,17,40,5,22,21,41)(6,23,20,37)(8,9,12,13,10,14)(29,30,33,34,31,35)
(1,7,3,6,5,2)(8,38,34,23,14,41,29,24,13,37,35,27)(9,42,32,25,12,36,30,28,11,39,33,22)(10,40,31,26)(15,21,17,20,19,16)
(1,28,20,38,5,26,15,42,6,24,19,40)(2,27,16,41)(3,23,21,39,4,22,17,37,7,25,18,36)(8,13,11,9,14,10)(29,34,32,30,35,31)
(1,38,17,23,5,41,15,24,3,37,19,27)(2,36,21,28,6,39,16,22,7,42,20,25)(4,40,18,26)(8,9,13,11,14,12)(29,30,34,32,35,33)
(1,7,5,6,2,4,3)(8,30,14,32,12,31,13,29,9,35,11,33,10,34)(15,21,19,20,16,18,17)(22,38,25,37,27,40,28,36,24,39,23,41,26,42)
(1,5,2,3,7,6,4)(8,35,12,34,9,32,10,29,14,33,13,30,11,31)(15,19,16,17,21,20,18)(22,39,27,42,24,37,26,36,25,41,28,38,23,40)
(1,6,3,5,4,7,2)(8,32,13,35,10,30,12,29,11,34,14,31,9,33)(15,20,17,19,18,21,16)(22,37,28,39,26,38,27,36,23,42,25,40,24,41)
(1,20,3,19,4,21,2,15,6,17,5,18,7,16)(8,11,13,14,10,9,12)(22,37,28,39,26,38,27,36,23,42,25,40,24,41)(29,32,34,35,31,30,33)
(1,19,2,17,7,20,4,15,5,16,3,21,6,18)(8,14,12,13,9,11,10)(22,39,27,42,24,37,26,36,25,41,28,38,23,40)(29,35,33,34,30,32,31)
(1,2,7,4,5,3,6)(8,33,9,31,14,34,11,29,12,30,10,35,13,32)(15,16,21,18,19,17,20)(22,41,24,40,25,42,23,36,27,38,26,39,28,37)
(1,21,5,20,2,18,3,15,7,19,6,16,4,17)(8,9,14,11,12,10,13)(22,38,25,37,27,40,28,36,24,39,23,41,26,42)(29,30,35,32,33,31,34)
(1,17,4,16,6,19,7,15,3,18,2,20,5,21)(8,13,10,12,11,14,9)(22,42,26,41,23,39,24,36,28,40,27,37,25,38)(29,34,31,33,32,35,30)
(1,18,6,21,3,16,5,15,4,20,7,17,2,19)(8,10,11,9,13,12,14)(22,40,23,38,28,41,25,36,26,37,24,42,27,39)(29,31,32,30,34,33,35)
(1,16,7,18,5,17,6,15,2,21,4,19,3,20)(8,33,9,31,14,34,11,29,12,30,10,35,13,32)(22,27,24,26,25,28,23)(36,41,38,40,39,42,37)
(1,18,6,21,3,16,5,15,4,20,7,17,2,19)(8,31,11,30,13,33,14,29,10,32,9,34,12,35)(22,26,23,24,28,27,25)(36,40,37,38,42,41,39)
(1,17,4,16,6,19,7,15,3,18,2,20,5,21)(8,34,10,33,11,35,9,29,13,31,12,32,14,30)(22,28,26,27,23,25,24)(36,42,40,41,37,39,38)
(1,21,5,20,2,18,3,15,7,19,6,16,4,17)(8,30,14,32,12,31,13,29,9,35,11,33,10,34)(22,24,25,23,27,26,28)(36,38,39,37,41,40,42)
(1,19,2,17,7,20,4,15,5,16,3,21,6,18)(8,35,12,34,9,32,10,29,14,33,13,30,11,31)(22,25,27,28,24,23,26)(36,39,41,42,38,37,40)
(1,20,3,19,4,21,2,15,6,17,5,18,7,16)(8,32,13,35,10,30,12,29,11,34,14,31,9,33)(22,23,28,25,26,24,27)(36,37,42,39,40,38,41)
(1,4,6,7,3,2,5)(8,31,11,30,13,33,14,29,10,32,9,34,12,35)(15,18,20,21,17,16,19)(22,40,23,38,28,41,25,36,26,37,24,42,27,39)
(1,3,4,2,6,5,7)(8,34,10,33,11,35,9,29,13,31,12,32,14,30)(15,17,18,16,20,19,21)(22,42,26,41,23,39,24,36,28,40,27,37,25,38)
(1,16,7,18,5,17,6,15,2,21,4,19,3,20)(8,12,9,10,14,13,11)(22,41,24,40,25,42,23,36,27,38,26,39,28,37)(29,33,30,31,35,34,32)
(1,33,24,4,35,28,6,29,27,7,31,25,3,32,22,2,30,26,5,34,23)(8,41,21,10,39,17,11,36,16,9,40,19,13,37,15,12,38,18,14,42,20)
(1,24,35,6,27,31,3,22,30,5,23,33,4,28,29,7,25,32,2,26,34)(8,21,39,11,16,40,13,15,38,14,20,41,10,17,36,9,19,37,12,18,42)
(1,27,30,4,25,34,6,22,33,7,26,35,3,23,29,2,24,31,5,28,32)(8,16,38,10,19,42,11,15,41,9,18,39,13,20,36,12,21,40,14,17,37)
(1,23,34,5,26,30,2,22,32,3,25,31,7,27,29,6,28,35,4,24,33)(8,20,42,14,18,38,12,15,37,13,19,40,9,16,36,11,17,39,10,21,41)
(1,28,31,2,23,35,7,22,34,4,27,32,5,24,29,3,26,33,6,25,30)(8,17,40,12,20,39,9,15,42,10,16,37,14,21,36,13,18,41,11,19,38)
(1,25,33,3,24,32,4,22,35,2,28,30,6,26,29,5,27,34,7,23,31)(8,19,41,13,21,37,10,15,39,12,17,38,11,18,36,14,16,42,9,20,40)
(1,26,32,7,28,33,5,22,31,6,24,34,2,25,29,4,23,30,3,27,35)(8,18,37,9,17,41,14,15,40,11,21,42,12,19,36,10,20,38,13,16,39)
(1,35,27,3,30,23,4,29,25,2,34,24,6,31,22,5,33,28,7,32,26)(8,39,16,13,38,20,10,36,19,12,42,21,11,40,15,14,41,17,9,37,18)
(1,31,23,7,34,27,5,29,26,6,30,28,2,35,22,4,32,24,3,33,25)(8,40,20,9,42,16,14,36,18,11,38,17,12,39,15,10,37,21,13,41,19)
(1,30,25,6,33,26,3,29,24,5,32,27,4,34,22,7,35,23,2,31,28)(8,38,19,11,41,18,13,36,21,14,37,16,10,42,15,9,39,20,12,40,17)
(1,34,26,2,32,25,7,29,28,4,33,23,5,30,22,3,31,27,6,35,24)(8,42,18,12,37,19,9,36,17,10,41,20,14,38,15,13,40,16,11,39,21)
(1,32,28,5,31,24,2,29,23,3,35,26,7,33,22,6,34,25,4,30,27)(8,37,17,14,40,21,12,36,20,13,39,18,9,41,15,11,42,19,10,38,16)
(1,13,26,2,11,25,7,8,28,4,12,23,5,9,22,3,10,27,6,14,24)(15,34,40,16,32,39,21,29,42,18,33,37,19,30,36,17,31,41,20,35,38)
(1,11,28,5,10,24,2,8,23,3,14,26,7,12,22,6,13,25,4,9,27)(15,32,42,19,31,38,16,29,37,17,35,40,21,33,36,20,34,39,18,30,41)
(1,12,24,4,14,28,6,8,27,7,10,25,3,11,22,2,9,26,5,13,23)(15,33,38,18,35,42,20,29,41,21,31,39,17,32,36,16,30,40,19,34,37)
(1,9,25,6,12,26,3,8,24,5,11,27,4,13,22,7,14,23,2,10,28)(15,30,39,20,33,40,17,29,38,19,32,41,18,34,36,21,35,37,16,31,42)
(1,10,23,7,13,27,5,8,26,6,9,28,2,14,22,4,11,24,3,12,25)(15,31,37,21,34,41,19,29,40,20,30,42,16,35,36,18,32,38,17,33,39)
(1,14,27,3,9,23,4,8,25,2,13,24,6,10,22,5,12,28,7,11,26)(15,35,41,17,30,37,18,29,39,16,34,38,20,31,36,19,33,42,21,32,40)
(1,26,11,7,28,12,5,22,10,6,24,13,2,25,8,4,23,9,3,27,14)(15,40,32,21,42,33,19,36,31,20,38,34,16,39,29,18,37,30,17,41,35)
(1,25,12,3,24,11,4,22,14,2,28,9,6,26,8,5,27,13,7,23,10)(15,39,33,17,38,32,18,36,35,16,42,30,20,40,29,19,41,34,21,37,31)
(1,28,10,2,23,14,7,22,13,4,27,11,5,24,8,3,26,12,6,25,9)(15,42,31,16,37,35,21,36,34,18,41,32,19,38,29,17,40,33,20,39,30)
(1,23,13,5,26,9,2,22,11,3,25,10,7,27,8,6,28,14,4,24,12)(15,37,34,19,40,30,16,36,32,17,39,31,21,41,29,20,42,35,18,38,33)
(1,27,9,4,25,13,6,22,12,7,26,14,3,23,8,2,24,10,5,28,11)(15,41,30,18,39,34,20,36,33,21,40,35,17,37,29,16,38,31,19,42,32)
(1,24,14,6,27,10,3,22,9,5,23,12,4,28,8,7,25,11,2,26,13)(15,38,35,20,41,31,17,36,30,19,37,33,18,42,29,21,39,32,16,40,34)
(1,34,40,2,32,39,7,29,42,4,33,37,5,30,36,3,31,41,6,35,38)(8,28,18,12,23,19,9,22,17,10,27,20,14,24,15,13,26,16,11,25,21)
(1,32,42,5,31,38,2,29,37,3,35,40,7,33,36,6,34,39,4,30,41)(8,23,17,14,26,21,12,22,20,13,25,18,9,27,15,11,28,19,10,24,16)
(1,40,11,7,42,12,5,36,10,6,38,13,2,39,8,4,37,9,3,41,14)(15,26,32,21,28,33,19,22,31,20,24,34,16,25,29,18,23,30,17,27,35)
(1,39,12,3,38,11,4,36,14,2,42,9,6,40,8,5,41,13,7,37,10)(15,25,33,17,24,32,18,22,35,16,28,30,20,26,29,19,27,34,21,23,31)
(1,42,10,2,37,14,7,36,13,4,41,11,5,38,8,3,40,12,6,39,9)(15,28,31,16,23,35,21,22,34,18,27,32,19,24,29,17,26,33,20,25,30)
(1,37,13,5,40,9,2,36,11,3,39,10,7,41,8,6,42,14,4,38,12)(15,23,34,19,26,30,16,22,32,17,25,31,21,27,29,20,28,35,18,24,33)
(1,14,41,3,9,37,4,8,39,2,13,38,6,10,36,5,12,42,7,11,40)(15,35,27,17,30,23,18,29,25,16,34,24,20,31,22,19,33,28,21,32,26)
(1,42,31,2,37,35,7,36,34,4,41,32,5,38,29,3,40,33,6,39,30)(8,17,26,12,20,25,9,15,28,10,16,23,14,21,22,13,18,27,11,19,24)
(1,37,34,5,40,30,2,36,32,3,39,31,7,41,29,6,42,35,4,38,33)(8,20,28,14,18,24,12,15,23,13,19,26,9,16,22,11,17,25,10,21,27)
(1,41,30,4,39,34,6,36,33,7,40,35,3,37,29,2,38,31,5,42,32)(8,16,24,10,19,28,11,15,27,9,18,25,13,20,22,12,21,26,14,17,23)
(1,38,35,6,41,31,3,36,30,5,37,33,4,42,29,7,39,32,2,40,34)(8,21,25,11,16,26,13,15,24,14,20,27,10,17,22,9,19,23,12,18,28)
(1,13,40,2,11,39,7,8,42,4,12,37,5,9,36,3,10,41,6,14,38)(15,34,26,16,32,25,21,29,28,18,33,23,19,30,22,17,31,27,20,35,24)
(1,11,42,5,10,38,2,8,37,3,14,40,7,12,36,6,13,39,4,9,41)(15,32,28,19,31,24,16,29,23,17,35,26,21,33,22,20,34,25,18,30,27)
(1,12,38,4,14,42,6,8,41,7,10,39,3,11,36,2,9,40,5,13,37)(15,33,24,18,35,28,20,29,27,21,31,25,17,32,22,16,30,26,19,34,23)
(1,9,39,6,12,40,3,8,38,5,11,41,4,13,36,7,14,37,2,10,42)(15,30,25,20,33,26,17,29,24,19,32,27,18,34,22,21,35,23,16,31,28)
(1,10,37,7,13,41,5,8,40,6,9,42,2,14,36,4,11,38,3,12,39)(15,31,23,21,34,27,19,29,26,20,30,28,16,35,22,18,32,24,17,33,25)
(1,38,14,6,41,10,3,36,9,5,37,12,4,42,8,7,39,11,2,40,13)(15,24,35,20,27,31,17,22,30,19,23,33,18,28,29,21,25,32,16,26,34)
(1,33,38,4,35,42,6,29,41,7,31,39,3,32,36,2,30,40,5,34,37)(8,27,21,10,25,17,11,22,16,9,26,19,13,23,15,12,24,18,14,28,20)
(1,30,39,6,33,40,3,29,38,5,32,41,4,34,36,7,35,37,2,31,42)(8,24,19,11,27,18,13,22,21,14,23,16,10,28,15,9,25,20,12,26,17)
(1,31,37,7,34,41,5,29,40,6,30,42,2,35,36,4,32,38,3,33,39)(8,26,20,9,28,16,14,22,18,11,24,17,12,25,15,10,23,21,13,27,19)
(1,41,9,4,39,13,6,36,12,7,40,14,3,37,8,2,38,10,5,42,11)(15,27,30,18,25,34,20,22,33,21,26,35,17,23,29,16,24,31,19,28,32)
(1,40,32,7,42,33,5,36,31,6,38,34,2,39,29,4,37,30,3,41,35)(8,18,23,9,17,27,14,15,26,11,21,28,12,19,22,10,20,24,13,16,25)
(1,39,33,3,38,32,4,36,35,2,42,30,6,40,29,5,41,34,7,37,31)(8,19,27,13,21,23,10,15,25,12,17,24,11,18,22,14,16,28,9,20,26)
(1,35,41,3,30,37,4,29,39,2,34,38,6,31,36,5,33,42,7,32,40)(8,25,16,13,24,20,10,22,19,12,28,21,11,26,15,14,27,17,9,23,18)