(1,9)(2,8)(3,7)(4,6)(10,20)(11,19)(12,21)(13,27)(14,26)(15,25)(16,23)(17,22)(18,24)
(1,22)(2,24)(3,23)(4,20)(5,19)(6,21)(7,26)(8,25)(9,27)(11,12)(13,18)(14,17)(15,16)
(1,6)(2,5)(3,4)(7,8)(10,25)(11,27)(12,26)(13,24)(14,23)(15,22)(16,20)(17,19)(18,21)
(1,4)(2,6)(3,5)(7,9)(10,26)(11,25)(12,27)(13,22)(14,24)(15,23)(16,21)(17,20)(18,19)
(1,5)(2,4)(3,6)(8,9)(10,27)(11,26)(12,25)(13,23)(14,22)(15,24)(16,19)(17,21)(18,20)
(1,8)(2,7)(3,9)(4,5)(10,19)(11,21)(12,20)(13,26)(14,25)(15,27)(16,22)(17,24)(18,23)
(1,2)(4,7)(5,9)(6,8)(10,24)(11,23)(12,22)(13,20)(14,19)(15,21)(16,27)(17,26)(18,25)
(1,7)(2,9)(3,8)(5,6)(10,21)(11,20)(12,19)(13,25)(14,27)(15,26)(16,24)(17,23)(18,22)
(1,19)(2,21)(3,20)(4,25)(5,27)(6,26)(7,23)(8,22)(9,24)(10,17)(11,16)(12,18)(13,14)
(1,20)(2,19)(3,21)(4,26)(5,25)(6,27)(7,24)(8,23)(9,22)(10,18)(11,17)(12,16)(13,15)
(1,21)(2,20)(3,19)(4,27)(5,26)(6,25)(7,22)(8,24)(9,23)(10,16)(11,18)(12,17)(14,15)
(1,14)(2,13)(3,15)(4,10)(5,12)(6,11)(7,17)(8,16)(9,18)(20,21)(22,27)(23,26)(24,25)
(1,15)(2,14)(3,13)(4,11)(5,10)(6,12)(7,18)(8,17)(9,16)(19,20)(22,25)(23,27)(24,26)
(1,13)(2,15)(3,14)(4,12)(5,11)(6,10)(7,16)(8,18)(9,17)(19,21)(22,26)(23,25)(24,27)
(1,11)(2,10)(3,12)(4,18)(5,17)(6,16)(7,14)(8,13)(9,15)(19,27)(20,26)(21,25)(22,24)
(1,18)(2,17)(3,16)(4,14)(5,13)(6,15)(7,10)(8,12)(9,11)(19,23)(20,22)(21,24)(26,27)
(1,23)(2,22)(3,24)(4,21)(5,20)(6,19)(7,27)(8,26)(9,25)(10,11)(13,16)(14,18)(15,17)
(1,12)(2,11)(3,10)(4,16)(5,18)(6,17)(7,15)(8,14)(9,13)(19,25)(20,27)(21,26)(23,24)
(1,16)(2,18)(3,17)(4,15)(5,14)(6,13)(7,11)(8,10)(9,12)(19,24)(20,23)(21,22)(25,26)
(1,3)(4,8)(5,7)(6,9)(10,22)(11,24)(12,23)(13,21)(14,20)(15,19)(16,25)(17,27)(18,26)
(1,24)(2,23)(3,22)(4,19)(5,21)(6,20)(7,25)(8,27)(9,26)(10,12)(13,17)(14,16)(15,18)
(1,26)(2,25)(3,27)(4,24)(5,23)(6,22)(7,19)(8,21)(9,20)(10,15)(11,14)(12,13)(16,17)
(1,25)(2,27)(3,26)(4,23)(5,22)(6,24)(7,21)(8,20)(9,19)(10,14)(11,13)(12,15)(17,18)
(1,27)(2,26)(3,25)(4,22)(5,24)(6,23)(7,20)(8,19)(9,21)(10,13)(11,15)(12,14)(16,18)
(1,17)(2,16)(3,18)(4,13)(5,15)(6,14)(7,12)(8,11)(9,10)(19,22)(20,24)(21,23)(25,27)
(1,10)(2,12)(3,11)(4,17)(5,16)(6,18)(7,13)(8,15)(9,14)(19,26)(20,25)(21,27)(22,23)
(2,3)(4,9)(5,8)(6,7)(10,23)(11,22)(12,24)(13,19)(14,21)(15,20)(16,26)(17,25)(18,27)
(1,17,23)(2,18,24)(3,16,22)(4,12,26)(5,10,27)(6,11,25)(7,15,21)(8,13,19)(9,14,20)
(1,25,15)(2,26,13)(3,27,14)(4,20,18)(5,21,16)(6,19,17)(7,23,10)(8,24,11)(9,22,12)
(1,26,14)(2,27,15)(3,25,13)(4,21,17)(5,19,18)(6,20,16)(7,24,12)(8,22,10)(9,23,11)
(1,14,26)(2,15,27)(3,13,25)(4,17,21)(5,18,19)(6,16,20)(7,12,24)(8,10,22)(9,11,23)
(1,12,25)(2,10,26)(3,11,27)(4,14,21)(5,15,19)(6,13,20)(7,16,22)(8,17,23)(9,18,24)
(1,12,20)(2,10,21)(3,11,19)(4,15,23)(5,13,24)(6,14,22)(7,18,26)(8,16,27)(9,17,25)
(1,20,12)(2,21,10)(3,19,11)(4,23,15)(5,24,13)(6,22,14)(7,26,18)(8,27,16)(9,25,17)
(1,26,10)(2,27,11)(3,25,12)(4,19,15)(5,20,13)(6,21,14)(7,23,17)(8,24,18)(9,22,16)
(1,11,27)(2,12,25)(3,10,26)(4,13,20)(5,14,21)(6,15,19)(7,18,24)(8,16,22)(9,17,23)
(1,27,11)(2,25,12)(3,26,10)(4,20,13)(5,21,14)(6,19,15)(7,24,18)(8,22,16)(9,23,17)
(1,12,27)(2,10,25)(3,11,26)(4,14,20)(5,15,21)(6,13,19)(7,16,24)(8,17,22)(9,18,23)
(1,27,12)(2,25,10)(3,26,11)(4,20,14)(5,21,15)(6,19,13)(7,24,16)(8,22,17)(9,23,18)
(1,10,25)(2,11,26)(3,12,27)(4,15,21)(5,13,19)(6,14,20)(7,17,22)(8,18,23)(9,16,24)
(1,25,10)(2,26,11)(3,27,12)(4,21,15)(5,19,13)(6,20,14)(7,22,17)(8,23,18)(9,24,16)
(1,11,26)(2,12,27)(3,10,25)(4,13,19)(5,14,20)(6,15,21)(7,18,23)(8,16,24)(9,17,22)
(1,26,11)(2,27,12)(3,25,10)(4,19,13)(5,20,14)(6,21,15)(7,23,18)(8,24,16)(9,22,17)
(1,12,19)(2,10,20)(3,11,21)(4,15,22)(5,13,23)(6,14,24)(7,18,25)(8,16,26)(9,17,27)
(1,19,12)(2,20,10)(3,21,11)(4,22,15)(5,23,13)(6,24,14)(7,25,18)(8,26,16)(9,27,17)
(1,12,21)(2,10,19)(3,11,20)(4,15,24)(5,13,22)(6,14,23)(7,18,27)(8,16,25)(9,17,26)
(1,21,12)(2,19,10)(3,20,11)(4,24,15)(5,22,13)(6,23,14)(7,27,18)(8,25,16)(9,26,17)
(1,11,20)(2,12,21)(3,10,19)(4,14,23)(5,15,24)(6,13,22)(7,17,26)(8,18,27)(9,16,25)
(1,20,11)(2,21,12)(3,19,10)(4,23,14)(5,24,15)(6,22,13)(7,26,17)(8,27,18)(9,25,16)
(1,11,19)(2,12,20)(3,10,21)(4,14,22)(5,15,23)(6,13,24)(7,17,25)(8,18,26)(9,16,27)
(1,19,11)(2,20,12)(3,21,10)(4,22,14)(5,23,15)(6,24,13)(7,25,17)(8,26,18)(9,27,16)
(1,22,14)(2,23,15)(3,24,13)(4,26,16)(5,27,17)(6,25,18)(7,19,10)(8,20,11)(9,21,12)
(1,15,25)(2,13,26)(3,14,27)(4,18,20)(5,16,21)(6,17,19)(7,10,23)(8,11,24)(9,12,22)
(1,11,21)(2,12,19)(3,10,20)(4,14,24)(5,15,22)(6,13,23)(7,17,27)(8,18,25)(9,16,26)
(1,21,11)(2,19,12)(3,20,10)(4,24,14)(5,22,15)(6,23,13)(7,27,17)(8,25,18)(9,26,16)
(1,10,20)(2,11,21)(3,12,19)(4,13,23)(5,14,24)(6,15,22)(7,16,26)(8,17,27)(9,18,25)
(1,20,10)(2,21,11)(3,19,12)(4,23,13)(5,24,14)(6,22,15)(7,26,16)(8,27,17)(9,25,18)
(1,27,13)(2,25,14)(3,26,15)(4,19,16)(5,20,17)(6,21,18)(7,22,11)(8,23,12)(9,24,10)
(1,13,27)(2,14,25)(3,15,26)(4,16,19)(5,17,20)(6,18,21)(7,11,22)(8,12,23)(9,10,24)
(1,10,19)(2,11,20)(3,12,21)(4,13,22)(5,14,23)(6,15,24)(7,16,25)(8,17,26)(9,18,27)
(1,19,10)(2,20,11)(3,21,12)(4,22,13)(5,23,14)(6,24,15)(7,25,16)(8,26,17)(9,27,18)
(1,2,3)(4,5,6)(7,8,9)(10,11,12)(13,14,15)(16,17,18)(19,20,21)(22,23,24)(25,26,27)
(1,3,2)(4,6,5)(7,9,8)(10,12,11)(13,15,14)(16,18,17)(19,21,20)(22,24,23)(25,27,26)
(1,10,26)(2,11,27)(3,12,25)(4,15,19)(5,13,20)(6,14,21)(7,17,23)(8,18,24)(9,16,22)
(1,25,12)(2,26,10)(3,27,11)(4,21,14)(5,19,15)(6,20,13)(7,22,16)(8,23,17)(9,24,18)
(1,13,26)(2,14,27)(3,15,25)(4,16,21)(5,17,19)(6,18,20)(7,11,24)(8,12,22)(9,10,23)
(1,26,13)(2,27,14)(3,25,15)(4,21,16)(5,19,17)(6,20,18)(7,24,11)(8,22,12)(9,23,10)
(1,13,25)(2,14,26)(3,15,27)(4,16,20)(5,17,21)(6,18,19)(7,11,23)(8,12,24)(9,10,22)
(1,25,13)(2,26,14)(3,27,15)(4,20,16)(5,21,17)(6,19,18)(7,23,11)(8,24,12)(9,22,10)
(1,15,27)(2,13,25)(3,14,26)(4,18,19)(5,16,20)(6,17,21)(7,10,22)(8,11,23)(9,12,24)
(1,27,15)(2,25,13)(3,26,14)(4,19,18)(5,20,16)(6,21,17)(7,22,10)(8,23,11)(9,24,12)
(1,15,26)(2,13,27)(3,14,25)(4,18,21)(5,16,19)(6,17,20)(7,10,24)(8,11,22)(9,12,23)
(1,26,15)(2,27,13)(3,25,14)(4,21,18)(5,19,16)(6,20,17)(7,24,10)(8,22,11)(9,23,12)
(1,14,27)(2,15,25)(3,13,26)(4,17,19)(5,18,20)(6,16,21)(7,12,22)(8,10,23)(9,11,24)
(1,27,14)(2,25,15)(3,26,13)(4,19,17)(5,20,18)(6,21,16)(7,22,12)(8,23,10)(9,24,11)
(1,14,25)(2,15,26)(3,13,27)(4,17,20)(5,18,21)(6,16,19)(7,12,23)(8,10,24)(9,11,22)
(1,25,14)(2,26,15)(3,27,13)(4,20,17)(5,21,18)(6,19,16)(7,23,12)(8,24,10)(9,22,11)
(1,12,26)(2,10,27)(3,11,25)(4,14,19)(5,15,20)(6,13,21)(7,16,23)(8,17,24)(9,18,22)
(1,26,12)(2,27,10)(3,25,11)(4,19,14)(5,20,15)(6,21,13)(7,23,16)(8,24,17)(9,22,18)
(1,10,27)(2,11,25)(3,12,26)(4,15,20)(5,13,21)(6,14,19)(7,17,24)(8,18,22)(9,16,23)
(1,27,10)(2,25,11)(3,26,12)(4,20,15)(5,21,13)(6,19,14)(7,24,17)(8,22,18)(9,23,16)
(1,11,25)(2,12,26)(3,10,27)(4,13,21)(5,14,19)(6,15,20)(7,18,22)(8,16,23)(9,17,24)
(1,25,11)(2,26,12)(3,27,10)(4,21,13)(5,19,14)(6,20,15)(7,22,18)(8,23,16)(9,24,17)
(1,21,17)(2,19,18)(3,20,16)(4,22,11)(5,23,12)(6,24,10)(7,26,13)(8,27,14)(9,25,15)
(1,17,21)(2,18,19)(3,16,20)(4,11,22)(5,12,23)(6,10,24)(7,13,26)(8,14,27)(9,15,25)
(1,19,17)(2,20,18)(3,21,16)(4,23,11)(5,24,12)(6,22,10)(7,27,13)(8,25,14)(9,26,15)
(1,17,19)(2,18,20)(3,16,21)(4,11,23)(5,12,24)(6,10,22)(7,13,27)(8,14,25)(9,15,26)
(1,20,17)(2,21,18)(3,19,16)(4,24,11)(5,22,12)(6,23,10)(7,25,13)(8,26,14)(9,27,15)
(1,17,20)(2,18,21)(3,16,19)(4,11,24)(5,12,22)(6,10,23)(7,13,25)(8,14,26)(9,15,27)
(1,23,17)(2,24,18)(3,22,16)(4,26,12)(5,27,10)(6,25,11)(7,21,15)(8,19,13)(9,20,14)
(1,18,24)(2,16,22)(3,17,23)(4,10,27)(5,11,25)(6,12,26)(7,13,19)(8,14,20)(9,15,21)
(1,24,18)(2,22,16)(3,23,17)(4,27,10)(5,25,11)(6,26,12)(7,19,13)(8,20,14)(9,21,15)
(1,16,22)(2,17,23)(3,18,24)(4,11,25)(5,12,26)(6,10,27)(7,14,20)(8,15,21)(9,13,19)
(1,22,16)(2,23,17)(3,24,18)(4,25,11)(5,26,12)(6,27,10)(7,20,14)(8,21,15)(9,19,13)
(1,17,22)(2,18,23)(3,16,24)(4,12,25)(5,10,26)(6,11,27)(7,15,20)(8,13,21)(9,14,19)
(1,22,17)(2,23,18)(3,24,16)(4,25,12)(5,26,10)(6,27,11)(7,20,15)(8,21,13)(9,19,14)
(1,18,23)(2,16,24)(3,17,22)(4,10,26)(5,11,27)(6,12,25)(7,13,21)(8,14,19)(9,15,20)
(1,23,18)(2,24,16)(3,22,17)(4,26,10)(5,27,11)(6,25,12)(7,21,13)(8,19,14)(9,20,15)
(1,24,14)(2,22,15)(3,23,13)(4,25,16)(5,26,17)(6,27,18)(7,21,10)(8,19,11)(9,20,12)
(1,23,13)(2,24,14)(3,22,15)(4,27,18)(5,25,16)(6,26,17)(7,20,12)(8,21,10)(9,19,11)
(1,13,23)(2,14,24)(3,15,22)(4,18,27)(5,16,25)(6,17,26)(7,12,20)(8,10,21)(9,11,19)
(1,22,15)(2,23,13)(3,24,14)(4,26,17)(5,27,18)(6,25,16)(7,19,11)(8,20,12)(9,21,10)
(1,18,22)(2,16,23)(3,17,24)(4,10,25)(5,11,26)(6,12,27)(7,13,20)(8,14,21)(9,15,19)
(1,22,18)(2,23,16)(3,24,17)(4,25,10)(5,26,11)(6,27,12)(7,20,13)(8,21,14)(9,19,15)
(1,15,24)(2,13,22)(3,14,23)(4,17,25)(5,18,26)(6,16,27)(7,11,21)(8,12,19)(9,10,20)
(1,23,16)(2,24,17)(3,22,18)(4,26,11)(5,27,12)(6,25,10)(7,21,14)(8,19,15)(9,20,13)
(1,21,10)(2,19,11)(3,20,12)(4,24,13)(5,22,14)(6,23,15)(7,27,16)(8,25,17)(9,26,18)
(1,21,18)(2,19,16)(3,20,17)(4,22,12)(5,23,10)(6,24,11)(7,26,14)(8,27,15)(9,25,13)
(1,18,21)(2,16,19)(3,17,20)(4,12,22)(5,10,23)(6,11,24)(7,14,26)(8,15,27)(9,13,25)
(1,19,18)(2,20,16)(3,21,17)(4,23,12)(5,24,10)(6,22,11)(7,27,14)(8,25,15)(9,26,13)
(1,18,19)(2,16,20)(3,17,21)(4,12,23)(5,10,24)(6,11,22)(7,14,27)(8,15,25)(9,13,26)
(1,20,18)(2,21,16)(3,19,17)(4,24,12)(5,22,10)(6,23,11)(7,25,14)(8,26,15)(9,27,13)
(1,18,20)(2,16,21)(3,17,19)(4,12,24)(5,10,22)(6,11,23)(7,14,25)(8,15,26)(9,13,27)
(1,21,16)(2,19,17)(3,20,18)(4,22,10)(5,23,11)(6,24,12)(7,26,15)(8,27,13)(9,25,14)
(1,16,21)(2,17,19)(3,18,20)(4,10,22)(5,11,23)(6,12,24)(7,15,26)(8,13,27)(9,14,25)
(1,19,16)(2,20,17)(3,21,18)(4,23,10)(5,24,11)(6,22,12)(7,27,15)(8,25,13)(9,26,14)
(1,16,19)(2,17,20)(3,18,21)(4,10,23)(5,11,24)(6,12,22)(7,15,27)(8,13,25)(9,14,26)
(1,20,16)(2,21,17)(3,19,18)(4,24,10)(5,22,11)(6,23,12)(7,25,15)(8,26,13)(9,27,14)
(1,16,20)(2,17,21)(3,18,19)(4,10,24)(5,11,22)(6,12,23)(7,15,25)(8,13,26)(9,14,27)
(1,14,22)(2,15,23)(3,13,24)(4,16,26)(5,17,27)(6,18,25)(7,10,19)(8,11,20)(9,12,21)
(1,24,13)(2,22,14)(3,23,15)(4,25,18)(5,26,16)(6,27,17)(7,21,12)(8,19,10)(9,20,11)
(1,13,24)(2,14,22)(3,15,23)(4,18,25)(5,16,26)(6,17,27)(7,12,21)(8,10,19)(9,11,20)
(1,23,15)(2,24,13)(3,22,14)(4,27,17)(5,25,18)(6,26,16)(7,20,11)(8,21,12)(9,19,10)
(1,15,23)(2,13,24)(3,14,22)(4,17,27)(5,18,25)(6,16,26)(7,11,20)(8,12,21)(9,10,19)
(1,23,14)(2,24,15)(3,22,13)(4,27,16)(5,25,17)(6,26,18)(7,20,10)(8,21,11)(9,19,12)
(1,14,23)(2,15,24)(3,13,22)(4,16,27)(5,17,25)(6,18,26)(7,10,20)(8,11,21)(9,12,19)
(1,22,13)(2,23,14)(3,24,15)(4,26,18)(5,27,16)(6,25,17)(7,19,12)(8,20,10)(9,21,11)
(1,13,22)(2,14,23)(3,15,24)(4,18,26)(5,16,27)(6,17,25)(7,12,19)(8,10,20)(9,11,21)
(1,24,15)(2,22,13)(3,23,14)(4,25,17)(5,26,18)(6,27,16)(7,21,11)(8,19,12)(9,20,10)
(1,16,23)(2,17,24)(3,18,22)(4,11,26)(5,12,27)(6,10,25)(7,14,21)(8,15,19)(9,13,20)
(1,14,24)(2,15,22)(3,13,23)(4,16,25)(5,17,26)(6,18,27)(7,10,21)(8,11,19)(9,12,20)
(1,16,24)(2,17,22)(3,18,23)(4,11,27)(5,12,25)(6,10,26)(7,14,19)(8,15,20)(9,13,21)
(1,24,16)(2,22,17)(3,23,18)(4,27,11)(5,25,12)(6,26,10)(7,19,14)(8,20,15)(9,21,13)
(1,17,24)(2,18,22)(3,16,23)(4,12,27)(5,10,25)(6,11,26)(7,15,19)(8,13,20)(9,14,21)
(1,24,17)(2,22,18)(3,23,16)(4,27,12)(5,25,10)(6,26,11)(7,19,15)(8,20,13)(9,21,14)
(1,15,22)(2,13,23)(3,14,24)(4,17,26)(5,18,27)(6,16,25)(7,11,19)(8,12,20)(9,10,21)
(1,10,21)(2,11,19)(3,12,20)(4,13,24)(5,14,22)(6,15,23)(7,16,27)(8,17,25)(9,18,26)
(1,2,3)(4,5,6)(7,8,9)(19,21,20)(22,24,23)(25,27,26)
(10,12,11)(13,15,14)(16,18,17)(19,20,21)(22,23,24)(25,26,27)
(10,11,12)(13,14,15)(16,17,18)(19,21,20)(22,24,23)(25,27,26)
(1,3,2)(4,6,5)(7,9,8)(19,20,21)(22,23,24)(25,26,27)
(1,2,3)(4,5,6)(7,8,9)(10,12,11)(13,15,14)(16,18,17)
(1,3,2)(4,6,5)(7,9,8)(10,11,12)(13,14,15)(16,17,18)
(1,14,3,15,2,13)(4,10,6,11,5,12)(7,17,9,18,8,16)(19,20)(22,25)(23,27)(24,26)
(1,7)(2,9)(3,8)(5,6)(10,19,11,21,12,20)(13,26,14,25,15,27)(16,22,17,24,18,23)
(1,7)(2,9)(3,8)(5,6)(10,20,12,21,11,19)(13,27,15,25,14,26)(16,23,18,24,17,22)
(1,9)(2,8)(3,7)(4,6)(10,21,11,20,12,19)(13,25,14,27,15,26)(16,24,17,23,18,22)
(1,9)(2,8)(3,7)(4,6)(10,19,12,20,11,21)(13,26,15,27,14,25)(16,22,18,23,17,24)
(1,4)(2,6)(3,5)(7,9)(10,27,11,26,12,25)(13,23,14,22,15,24)(16,19,17,21,18,20)
(1,5)(2,4)(3,6)(8,9)(10,26,12,27,11,25)(13,22,15,23,14,24)(16,21,18,19,17,20)
(1,15,3,13,2,14)(4,11,6,12,5,10)(7,18,9,16,8,17)(19,21)(22,26)(23,25)(24,27)
(1,14,2,13,3,15)(4,10,5,12,6,11)(7,17,8,16,9,18)(19,21)(22,26)(23,25)(24,27)
(1,13,2,15,3,14)(4,12,5,11,6,10)(7,16,8,18,9,17)(19,20)(22,25)(23,27)(24,26)
(1,8)(2,7)(3,9)(4,5)(10,20,11,19,12,21)(13,27,14,26,15,25)(16,23,17,22,18,24)
(1,20,2,19,3,21)(4,26,5,25,6,27)(7,24,8,23,9,22)(10,17)(11,16)(12,18)(13,14)
(1,21,3,19,2,20)(4,27,6,25,5,26)(7,22,9,23,8,24)(10,17)(11,16)(12,18)(13,14)
(1,21,2,20,3,19)(4,27,5,26,6,25)(7,22,8,24,9,23)(10,18)(11,17)(12,16)(13,15)
(1,19,3,20,2,21)(4,25,6,26,5,27)(7,23,9,24,8,22)(10,18)(11,17)(12,16)(13,15)
(1,20,3,21,2,19)(4,26,6,27,5,25)(7,24,9,22,8,23)(10,16)(11,18)(12,17)(14,15)
(1,19,2,21,3,20)(4,25,5,27,6,26)(7,23,8,22,9,24)(10,16)(11,18)(12,17)(14,15)
(1,8)(2,7)(3,9)(4,5)(10,21,12,19,11,20)(13,25,15,26,14,27)(16,24,18,22,17,23)
(1,6)(2,5)(3,4)(7,8)(10,27,12,25,11,26)(13,23,15,24,14,22)(16,19,18,20,17,21)
(1,11,2,10,3,12)(4,18,5,17,6,16)(7,14,8,13,9,15)(19,26)(20,25)(21,27)(22,23)
(1,12,2,11,3,10)(4,16,5,18,6,17)(7,15,8,14,9,13)(19,27)(20,26)(21,25)(22,24)
(1,16,2,18,3,17)(4,15,5,14,6,13)(7,11,8,10,9,12)(19,23)(20,22)(21,24)(26,27)
(1,4)(2,6)(3,5)(7,9)(10,25,12,26,11,27)(13,24,15,22,14,23)(16,20,18,21,17,19)
(1,11,3,12,2,10)(4,18,6,16,5,17)(7,14,9,15,8,13)(19,25)(20,27)(21,26)(23,24)
(1,17,2,16,3,18)(4,13,5,15,6,14)(7,12,8,11,9,10)(19,24)(20,23)(21,22)(25,26)
(1,10,2,12,3,11)(4,17,5,16,6,18)(7,13,8,15,9,14)(19,25)(20,27)(21,26)(23,24)
(1,2)(4,7)(5,9)(6,8)(10,23,12,24,11,22)(13,19,15,20,14,21)(16,26,18,27,17,25)
(1,27,2,26,3,25)(4,22,5,24,6,23)(7,20,8,19,9,21)(10,15)(11,14)(12,13)(16,17)
(1,2)(4,7)(5,9)(6,8)(10,22,11,24,12,23)(13,21,14,20,15,19)(16,25,17,27,18,26)
(1,25,3,26,2,27)(4,23,6,24,5,22)(7,21,9,19,8,20)(10,15)(11,14)(12,13)(16,17)
(1,26,2,25,3,27)(4,24,5,23,6,22)(7,19,8,21,9,20)(10,14)(11,13)(12,15)(17,18)
(1,23,2,22,3,24)(4,21,5,20,6,19)(7,27,8,26,9,25)(11,12)(13,18)(14,17)(15,16)
(1,24,2,23,3,22)(4,19,5,21,6,20)(7,25,8,27,9,26)(10,11)(13,16)(14,18)(15,17)
(1,3)(4,8)(5,7)(6,9)(10,24,12,22,11,23)(13,20,15,21,14,19)(16,27,18,25,17,26)
(1,15,2,14,3,13)(4,11,5,10,6,12)(7,18,8,17,9,16)(20,21)(22,27)(23,26)(24,25)
(2,3)(4,9)(5,8)(6,7)(10,24,11,23,12,22)(13,20,14,19,15,21)(16,27,17,26,18,25)
(1,6)(2,5)(3,4)(7,8)(10,26,11,25,12,27)(13,22,14,24,15,23)(16,21,17,20,18,19)
(1,5)(2,4)(3,6)(8,9)(10,25,11,27,12,26)(13,24,14,23,15,22)(16,20,17,19,18,21)
(1,18,2,17,3,16)(4,14,5,13,6,15)(7,10,8,12,9,11)(19,22)(20,24)(21,23)(25,27)
(1,22,2,24,3,23)(4,20,5,19,6,21)(7,26,8,25,9,27)(10,12)(13,17)(14,16)(15,18)
(1,23,3,24,2,22)(4,21,6,19,5,20)(7,27,9,25,8,26)(10,12)(13,17)(14,16)(15,18)
(1,22,3,23,2,24)(4,20,6,21,5,19)(7,26,9,27,8,25)(10,11)(13,16)(14,18)(15,17)
(1,13,3,14,2,15)(4,12,6,10,5,11)(7,16,9,17,8,18)(20,21)(22,27)(23,26)(24,25)
(1,17,3,18,2,16)(4,13,6,14,5,15)(7,12,9,10,8,11)(19,23)(20,22)(21,24)(26,27)
(1,27,3,25,2,26)(4,22,6,23,5,24)(7,20,9,21,8,19)(10,14)(11,13)(12,15)(17,18)
(1,12,3,10,2,11)(4,16,6,17,5,18)(7,15,9,13,8,14)(19,26)(20,25)(21,27)(22,23)
(1,26,3,27,2,25)(4,24,6,22,5,23)(7,19,9,20,8,21)(10,13)(11,15)(12,14)(16,18)
(2,3)(4,9)(5,8)(6,7)(10,22,12,23,11,24)(13,21,15,19,14,20)(16,25,18,26,17,27)
(1,3)(4,8)(5,7)(6,9)(10,23,11,22,12,24)(13,19,14,21,15,20)(16,26,17,25,18,27)
(1,25,2,27,3,26)(4,23,5,22,6,24)(7,21,8,20,9,19)(10,13)(11,15)(12,14)(16,18)
(1,18,3,16,2,17)(4,14,6,15,5,13)(7,10,9,11,8,12)(19,24)(20,23)(21,22)(25,26)
(1,16,3,17,2,18)(4,15,6,13,5,14)(7,11,9,12,8,10)(19,22)(20,24)(21,23)(25,27)
(1,10,3,11,2,12)(4,17,6,18,5,16)(7,13,9,14,8,15)(19,27)(20,26)(21,25)(22,24)
(1,24,3,22,2,23)(4,19,6,20,5,21)(7,25,9,26,8,27)(11,12)(13,18)(14,17)(15,16)
(1,13,21,3,15,20,2,14,19)(4,17,23,6,16,22,5,18,24)(7,10,25,9,12,27,8,11,26)
(1,19,13,2,20,14,3,21,15)(4,24,17,5,22,18,6,23,16)(7,26,10,8,27,11,9,25,12)
(1,20,15,2,21,13,3,19,14)(4,22,16,5,23,17,6,24,18)(7,27,12,8,25,10,9,26,11)
(1,14,19,3,13,21,2,15,20)(4,18,24,6,17,23,5,16,22)(7,11,26,9,10,25,8,12,27)
(1,15,21,3,14,20,2,13,19)(4,16,23,6,18,22,5,17,24)(7,12,25,9,11,27,8,10,26)
(1,13,20,3,15,19,2,14,21)(4,17,22,6,16,24,5,18,23)(7,10,27,9,12,26,8,11,25)
(1,4,7,2,5,8,3,6,9)(10,13,16,11,14,17,12,15,18)(19,24,26,20,22,27,21,23,25)
(1,5,9,2,6,7,3,4,8)(10,14,18,11,15,16,12,13,17)(19,22,25,20,23,26,21,24,27)
(1,6,8,2,4,9,3,5,7)(10,15,17,11,13,18,12,14,16)(19,23,27,20,24,25,21,22,26)
(1,7,5,3,9,4,2,8,6)(10,16,14,12,18,13,11,17,15)(19,26,22,21,25,24,20,27,23)
(1,8,4,3,7,6,2,9,5)(10,17,13,12,16,15,11,18,14)(19,27,24,21,26,23,20,25,22)
(1,9,6,3,8,5,2,7,4)(10,18,15,12,17,14,11,16,13)(19,25,23,21,27,22,20,26,24)
(1,6,8,2,4,9,3,5,7)(10,13,16,11,14,17,12,15,18)(19,22,25,20,23,26,21,24,27)
(1,4,7,2,5,8,3,6,9)(10,14,18,11,15,16,12,13,17)(19,23,27,20,24,25,21,22,26)
(1,5,9,2,6,7,3,4,8)(10,15,17,11,13,18,12,14,16)(19,24,26,20,22,27,21,23,25)
(1,8,4,3,7,6,2,9,5)(10,16,14,12,18,13,11,17,15)(19,25,23,21,27,22,20,26,24)
(1,9,6,3,8,5,2,7,4)(10,17,13,12,16,15,11,18,14)(19,26,22,21,25,24,20,27,23)
(1,7,5,3,9,4,2,8,6)(10,18,15,12,17,14,11,16,13)(19,27,24,21,26,23,20,25,22)
(1,25,17,2,26,18,3,27,16)(4,19,10,5,20,11,6,21,12)(7,24,14,8,22,15,9,23,13)
(1,26,16,2,27,17,3,25,18)(4,20,12,5,21,10,6,19,11)(7,22,13,8,23,14,9,24,15)
(1,27,18,2,25,16,3,26,17)(4,21,11,5,19,12,6,20,10)(7,23,15,8,24,13,9,22,14)
(1,17,26,3,16,25,2,18,27)(4,10,20,6,12,19,5,11,21)(7,14,22,9,13,24,8,15,23)
(1,18,25,3,17,27,2,16,26)(4,11,19,6,10,21,5,12,20)(7,15,24,9,14,23,8,13,22)
(1,16,27,3,18,26,2,17,25)(4,12,21,6,11,20,5,10,19)(7,13,23,9,15,22,8,14,24)
(1,27,16,2,25,17,3,26,18)(4,21,12,5,19,10,6,20,11)(7,23,13,8,24,14,9,22,15)
(1,25,18,2,26,16,3,27,17)(4,19,11,5,20,12,6,21,10)(7,24,15,8,22,13,9,23,14)
(1,26,17,2,27,18,3,25,16)(4,20,10,5,21,11,6,19,12)(7,22,14,8,23,15,9,24,13)
(1,16,25,3,18,27,2,17,26)(4,12,19,6,11,21,5,10,20)(7,13,24,9,15,23,8,14,22)
(1,17,27,3,16,26,2,18,25)(4,10,21,6,12,20,5,11,19)(7,14,23,9,13,22,8,15,24)
(1,18,26,3,17,25,2,16,27)(4,11,20,6,10,19,5,12,21)(7,15,22,9,14,24,8,13,23)
(1,26,18,2,27,16,3,25,17)(4,20,11,5,21,12,6,19,10)(7,22,15,8,23,13,9,24,14)
(1,27,17,2,25,18,3,26,16)(4,21,10,5,19,11,6,20,12)(7,23,14,8,24,15,9,22,13)
(1,25,16,2,26,17,3,27,18)(4,19,12,5,20,10,6,21,11)(7,24,13,8,22,14,9,23,15)
(1,18,27,3,17,26,2,16,25)(4,11,21,6,10,20,5,12,19)(7,15,23,9,14,22,8,13,24)
(1,21,14,2,19,15,3,20,13)(4,23,18,5,24,16,6,22,17)(7,25,11,8,26,12,9,27,10)
(1,17,25,3,16,27,2,18,26)(4,10,19,6,12,21,5,11,20)(7,14,24,9,13,23,8,15,22)
(1,24,12,2,22,10,3,23,11)(4,26,13,5,27,14,6,25,15)(7,20,17,8,21,18,9,19,16)
(1,22,11,2,23,12,3,24,10)(4,27,15,5,25,13,6,26,14)(7,21,16,8,19,17,9,20,18)
(1,23,10,2,24,11,3,22,12)(4,25,14,5,26,15,6,27,13)(7,19,18,8,20,16,9,21,17)
(1,12,22,3,11,24,2,10,23)(4,13,27,6,15,26,5,14,25)(7,17,21,9,16,20,8,18,19)
(1,10,24,3,12,23,2,11,22)(4,14,26,6,13,25,5,15,27)(7,18,20,9,17,19,8,16,21)
(1,11,23,3,10,22,2,12,24)(4,15,25,6,14,27,5,13,26)(7,16,19,9,18,21,8,17,20)
(1,23,11,2,24,12,3,22,10)(4,25,15,5,26,13,6,27,14)(7,19,16,8,20,17,9,21,18)
(1,24,10,2,22,11,3,23,12)(4,26,14,5,27,15,6,25,13)(7,20,18,8,21,16,9,19,17)
(1,22,12,2,23,10,3,24,11)(4,27,13,5,25,14,6,26,15)(7,21,17,8,19,18,9,20,16)
(1,11,24,3,10,23,2,12,22)(4,15,26,6,14,25,5,13,27)(7,16,20,9,18,19,8,17,21)
(1,12,23,3,11,22,2,10,24)(4,13,25,6,15,27,5,14,26)(7,17,19,9,16,21,8,18,20)
(1,10,22,3,12,24,2,11,23)(4,14,27,6,13,26,5,15,25)(7,18,21,9,17,20,8,16,19)
(1,22,10,2,23,11,3,24,12)(4,27,14,5,25,15,6,26,13)(7,21,18,8,19,16,9,20,17)
(1,23,12,2,24,10,3,22,11)(4,25,13,5,26,14,6,27,15)(7,19,17,8,20,18,9,21,16)
(1,24,11,2,22,12,3,23,10)(4,26,15,5,27,13,6,25,14)(7,20,16,8,21,17,9,19,18)
(1,14,21,3,13,20,2,15,19)(4,18,23,6,17,22,5,16,24)(7,11,25,9,10,27,8,12,26)
(1,15,20,3,14,19,2,13,21)(4,16,22,6,18,24,5,17,23)(7,12,27,9,11,26,8,10,25)
(1,12,24,3,11,23,2,10,22)(4,13,26,6,15,25,5,14,27)(7,17,20,9,16,19,8,18,21)
(1,15,19,3,14,21,2,13,20)(4,16,24,6,18,23,5,17,22)(7,12,26,9,11,25,8,10,27)
(1,14,20,3,13,19,2,15,21)(4,18,22,6,17,24,5,16,23)(7,11,27,9,10,26,8,12,25)
(1,21,15,2,19,13,3,20,14)(4,23,16,5,24,17,6,22,18)(7,25,12,8,26,10,9,27,11)
(1,20,13,2,21,14,3,19,15)(4,22,17,5,23,18,6,24,16)(7,27,10,8,25,11,9,26,12)
(1,19,14,2,20,15,3,21,13)(4,24,18,5,22,16,6,23,17)(7,26,11,8,27,12,9,25,10)
(1,5,9,2,6,7,3,4,8)(10,13,16,11,14,17,12,15,18)(19,23,27,20,24,25,21,22,26)
(1,6,8,2,4,9,3,5,7)(10,14,18,11,15,16,12,13,17)(19,24,26,20,22,27,21,23,25)
(1,4,7,2,5,8,3,6,9)(10,15,17,11,13,18,12,14,16)(19,22,25,20,23,26,21,24,27)
(1,9,6,3,8,5,2,7,4)(10,16,14,12,18,13,11,17,15)(19,27,24,21,26,23,20,25,22)
(1,7,5,3,9,4,2,8,6)(10,17,13,12,16,15,11,18,14)(19,25,23,21,27,22,20,26,24)
(1,8,4,3,7,6,2,9,5)(10,18,15,12,17,14,11,16,13)(19,26,22,21,25,24,20,27,23)
(1,20,14,2,21,15,3,19,13)(4,22,18,5,23,16,6,24,17)(7,27,11,8,25,12,9,26,10)
(1,21,13,2,19,14,3,20,15)(4,23,17,5,24,18,6,22,16)(7,25,10,8,26,11,9,27,12)
(1,19,15,2,20,13,3,21,14)(4,24,16,5,22,17,6,23,18)(7,26,12,8,27,10,9,25,11)
(1,10,23,3,12,22,2,11,24)(4,14,25,6,13,27,5,15,26)(7,18,19,9,17,21,8,16,20)
(1,13,19,3,15,21,2,14,20)(4,17,24,6,16,23,5,18,22)(7,10,26,9,12,25,8,11,27)
(1,11,22,3,10,24,2,12,23)(4,15,27,6,14,26,5,13,25)(7,16,21,9,18,20,8,17,19)
(1,16,26,3,18,25,2,17,27)(4,12,20,6,11,19,5,10,21)(7,13,22,9,15,24,8,14,23)
(1,2,3)(7,9,8)(10,16,15,12,18,14,11,17,13)(19,22,27,20,23,25,21,24,26)
(4,6,5)(7,8,9)(10,16,15,12,18,14,11,17,13)(19,23,26,20,24,27,21,22,25)
(4,6,5)(7,8,9)(10,18,13,12,17,15,11,16,14)(19,24,25,20,22,26,21,23,27)
(4,5,6)(7,9,8)(10,14,16,11,15,17,12,13,18)(19,27,23,21,26,22,20,25,24)
(4,5,6)(7,9,8)(10,13,17,11,14,18,12,15,16)(19,25,22,21,27,24,20,26,23)
(4,5,6)(7,9,8)(10,15,18,11,13,16,12,14,17)(19,26,24,21,25,23,20,27,22)
(1,3,2)(4,5,6)(10,17,14,12,16,13,11,18,15)(19,23,26,20,24,27,21,22,25)
(1,3,2)(4,5,6)(10,16,15,12,18,14,11,17,13)(19,24,25,20,22,26,21,23,27)
(1,3,2)(4,5,6)(10,18,13,12,17,15,11,16,14)(19,22,27,20,23,25,21,24,26)
(1,2,3)(4,6,5)(10,14,16,11,15,17,12,13,18)(19,26,24,21,25,23,20,27,22)
(1,2,3)(4,6,5)(10,13,17,11,14,18,12,15,16)(19,27,23,21,26,22,20,25,24)
(1,2,3)(4,6,5)(10,15,18,11,13,16,12,14,17)(19,25,22,21,27,24,20,26,23)
(1,2,3)(7,9,8)(10,17,14,12,16,13,11,18,15)(19,24,25,20,22,26,21,23,27)
(4,6,5)(7,8,9)(10,17,14,12,16,13,11,18,15)(19,22,27,20,23,25,21,24,26)
(1,2,3)(7,9,8)(10,18,13,12,17,15,11,16,14)(19,23,26,20,24,27,21,22,25)
(1,3,2)(7,8,9)(10,14,16,11,15,17,12,13,18)(19,25,22,21,27,24,20,26,23)
(1,3,2)(7,8,9)(10,13,17,11,14,18,12,15,16)(19,26,24,21,25,23,20,27,22)
(1,3,2)(7,8,9)(10,15,18,11,13,16,12,14,17)(19,27,23,21,26,22,20,25,24)
(1,7,4,3,9,6,2,8,5)(13,14,15)(16,18,17)(19,22,26,20,23,27,21,24,25)
(1,9,5,3,8,4,2,7,6)(13,14,15)(16,18,17)(19,23,25,20,24,26,21,22,27)
(1,8,6,3,7,5,2,9,4)(13,14,15)(16,18,17)(19,24,27,20,22,25,21,23,26)
(1,4,9,2,5,7,3,6,8)(13,15,14)(16,17,18)(19,26,23,21,25,22,20,27,24)
(1,9,4,3,8,6,2,7,5)(10,15,16,11,13,17,12,14,18)(22,24,23)(25,26,27)
(1,6,7,2,4,8,3,5,9)(13,15,14)(16,17,18)(19,27,22,21,26,24,20,25,23)
(1,5,8,2,6,9,3,4,7)(13,15,14)(16,17,18)(19,25,24,21,27,23,20,26,22)
(1,7,4,3,9,6,2,8,5)(10,12,11)(16,17,18)(19,23,25,20,24,26,21,22,27)
(1,9,5,3,8,4,2,7,6)(10,12,11)(16,17,18)(19,24,27,20,22,25,21,23,26)
(1,8,6,3,7,5,2,9,4)(10,12,11)(16,17,18)(19,22,26,20,23,27,21,24,25)
(1,4,9,2,5,7,3,6,8)(10,11,12)(16,18,17)(19,25,24,21,27,23,20,26,22)
(1,6,7,2,4,8,3,5,9)(10,11,12)(16,18,17)(19,26,23,21,25,22,20,27,24)
(1,5,8,2,6,9,3,4,7)(10,11,12)(16,18,17)(19,27,22,21,26,24,20,25,23)
(1,4,9,2,5,7,3,6,8)(10,12,11)(13,14,15)(19,27,22,21,26,24,20,25,23)
(1,5,8,2,6,9,3,4,7)(10,12,11)(13,14,15)(19,26,23,21,25,22,20,27,24)
(1,6,7,2,4,8,3,5,9)(10,12,11)(13,14,15)(19,25,24,21,27,23,20,26,22)
(1,9,5,3,8,4,2,7,6)(10,11,12)(13,15,14)(19,22,26,20,23,27,21,24,25)
(1,7,4,3,9,6,2,8,5)(10,11,12)(13,15,14)(19,24,27,20,22,25,21,23,26)
(1,8,6,3,7,5,2,9,4)(10,11,12)(13,15,14)(19,23,25,20,24,26,21,22,27)
(1,8,5,3,7,4,2,9,6)(10,13,18,11,14,16,12,15,17)(22,24,23)(25,26,27)
(1,7,6,3,9,5,2,8,4)(10,14,17,11,15,18,12,13,16)(22,24,23)(25,26,27)
(1,5,7,2,6,8,3,4,9)(10,17,15,12,16,14,11,18,13)(19,20,21)(22,24,23)
(1,6,9,2,4,7,3,5,8)(10,17,15,12,16,14,11,18,13)(22,23,24)(25,27,26)
(1,5,7,2,6,8,3,4,9)(10,18,14,12,17,13,11,16,15)(22,23,24)(25,27,26)
(1,8,5,3,7,4,2,9,6)(10,15,16,11,13,17,12,14,18)(19,20,21)(25,27,26)
(1,7,6,3,9,5,2,8,4)(10,13,18,11,14,16,12,15,17)(19,20,21)(25,27,26)
(1,9,4,3,8,6,2,7,5)(10,14,17,11,15,18,12,13,16)(19,20,21)(25,27,26)
(1,5,7,2,6,8,3,4,9)(10,16,13,12,18,15,11,17,14)(19,21,20)(25,26,27)
(1,4,8,2,5,9,3,6,7)(10,17,15,12,16,14,11,18,13)(19,21,20)(25,26,27)
(1,6,9,2,4,7,3,5,8)(10,18,14,12,17,13,11,16,15)(19,21,20)(25,26,27)
(1,7,6,3,9,5,2,8,4)(10,15,16,11,13,17,12,14,18)(19,21,20)(22,23,24)
(1,9,4,3,8,6,2,7,5)(10,13,18,11,14,16,12,15,17)(19,21,20)(22,23,24)
(1,8,5,3,7,4,2,9,6)(10,14,17,11,15,18,12,13,16)(19,21,20)(22,23,24)
(1,6,9,2,4,7,3,5,8)(10,16,13,12,18,15,11,17,14)(19,20,21)(22,24,23)
(1,4,8,2,5,9,3,6,7)(10,16,13,12,18,15,11,17,14)(22,23,24)(25,27,26)
(1,4,8,2,5,9,3,6,7)(10,18,14,12,17,13,11,16,15)(19,20,21)(22,24,23)
(1,9,2,8,3,7)(4,5)(10,26,17,21,14,23,12,27,16,19,13,24,11,25,18,20,15,22)
(1,6,2,5,3,4)(8,9)(10,20,13,25,17,24,11,19,14,27,18,23,12,21,15,26,16,22)
(1,6,2,5,3,4)(8,9)(10,19,15,25,18,22,11,21,13,27,16,24,12,20,14,26,17,23)
(1,4,3,5,2,6)(8,9)(10,23,17,26,14,20,12,24,16,27,13,21,11,22,18,25,15,19)
(1,4,3,5,2,6)(8,9)(10,22,16,26,15,21,12,23,18,27,14,19,11,24,17,25,13,20)
(1,4,3,5,2,6)(8,9)(10,24,18,26,13,19,12,22,17,27,15,20,11,23,16,25,14,21)
(1,5,2,4,3,6)(7,9)(10,19,13,27,17,23,11,21,14,26,18,22,12,20,15,25,16,24)
(1,5,2,4,3,6)(7,9)(10,21,15,27,18,24,11,20,13,26,16,23,12,19,14,25,17,22)
(1,5,2,4,3,6)(7,9)(10,20,14,27,16,22,11,19,15,26,17,24,12,21,13,25,18,23)
(1,6,3,4,2,5)(7,9)(10,23,18,25,13,21,12,24,17,26,15,19,11,22,16,27,14,20)
(1,6,3,4,2,5)(7,9)(10,22,17,25,14,19,12,23,16,26,13,20,11,24,18,27,15,21)
(1,6,3,4,2,5)(7,9)(10,24,16,25,15,20,12,22,18,26,14,21,11,23,17,27,13,19)
(1,4,2,6,3,5)(7,8)(10,20,15,26,18,23,11,19,13,25,16,22,12,21,14,27,17,24)
(1,4,2,6,3,5)(7,8)(10,19,14,26,16,24,11,21,15,25,17,23,12,20,13,27,18,22)
(1,4,2,6,3,5)(7,8)(10,21,13,26,17,22,11,20,14,25,18,24,12,19,15,27,16,23)
(1,5,3,6,2,4)(7,8)(10,23,16,27,15,19,12,24,18,25,14,20,11,22,17,26,13,21)
(1,5,3,6,2,4)(7,8)(10,22,18,27,13,20,12,23,17,25,15,21,11,24,16,26,14,19)
(1,5,3,6,2,4)(7,8)(10,24,17,27,14,21,12,22,16,25,13,19,11,23,18,26,15,20)
(1,2)(4,9,6,7,5,8)(10,21,18,23,13,27,12,19,17,24,15,25,11,20,16,22,14,26)
(1,2)(4,9,6,7,5,8)(10,19,16,23,15,26,12,20,18,24,14,27,11,21,17,22,13,25)
(1,2)(4,9,6,7,5,8)(10,20,17,23,14,25,12,21,16,24,13,26,11,19,18,22,15,27)
(1,2)(4,8,5,7,6,9)(10,27,15,22,18,19,11,26,13,24,16,21,12,25,14,23,17,20)
(1,2)(4,8,5,7,6,9)(10,25,13,22,17,21,11,27,14,24,18,20,12,26,15,23,16,19)
(1,2)(4,8,5,7,6,9)(10,26,14,22,16,20,11,25,15,24,17,19,12,27,13,23,18,21)
(1,3)(4,7,6,8,5,9)(10,21,17,24,14,26,12,19,16,22,13,27,11,20,18,23,15,25)
(1,3)(4,7,6,8,5,9)(10,19,18,24,13,25,12,20,17,22,15,26,11,21,16,23,14,27)
(1,3)(4,7,6,8,5,9)(10,20,16,24,15,27,12,21,18,22,14,25,11,19,17,23,13,26)
(1,3)(4,9,5,8,6,7)(10,26,13,23,17,19,11,25,14,22,18,21,12,27,15,24,16,20)
(1,3)(4,9,5,8,6,7)(10,27,14,23,16,21,11,26,15,22,17,20,12,25,13,24,18,19)
(1,3)(4,9,5,8,6,7)(10,25,15,23,18,20,11,27,13,22,16,19,12,26,14,24,17,21)
(1,9,3,7,2,8)(5,6)(10,24,15,19,18,27,11,23,13,21,16,26,12,22,14,20,17,25)
(1,9,3,7,2,8)(5,6)(10,23,14,19,16,25,11,22,15,21,17,27,12,24,13,20,18,26)
(1,9,3,7,2,8)(5,6)(10,22,13,19,17,26,11,24,14,21,18,25,12,23,15,20,16,27)
(1,8,2,7,3,9)(5,6)(10,27,16,20,15,23,12,25,18,21,14,24,11,26,17,19,13,22)
(1,8,2,7,3,9)(5,6)(10,26,18,20,13,24,12,27,17,21,15,22,11,25,16,19,14,23)
(1,8,2,7,3,9)(5,6)(10,25,17,20,14,22,12,26,16,21,13,23,11,27,18,19,15,24)
(1,7,3,8,2,9)(4,5)(10,24,14,20,16,26,11,23,15,19,17,25,12,22,13,21,18,27)
(1,7,3,8,2,9)(4,5)(10,23,13,20,17,27,11,22,14,19,18,26,12,24,15,21,16,25)
(1,7,3,8,2,9)(4,5)(10,22,15,20,18,25,11,24,13,19,16,27,12,23,14,21,17,26)
(1,6,2,5,3,4)(8,9)(10,21,14,25,16,23,11,20,15,27,17,22,12,19,13,26,18,24)
(1,9,2,8,3,7)(4,5)(10,25,16,21,15,24,12,26,18,19,14,22,11,27,17,20,13,23)
(1,9,2,8,3,7)(4,5)(10,27,18,21,13,22,12,25,17,19,15,23,11,26,16,20,14,24)
(2,3)(4,8,6,9,5,7)(10,20,18,22,13,26,12,21,17,23,15,27,11,19,16,24,14,25)
(2,3)(4,8,6,9,5,7)(10,21,16,22,15,25,12,19,18,23,14,26,11,20,17,24,13,27)
(2,3)(4,8,6,9,5,7)(10,19,17,22,14,27,12,20,16,23,13,25,11,21,18,24,15,26)
(2,3)(4,7,5,9,6,8)(10,26,15,24,18,21,11,25,13,23,16,20,12,27,14,22,17,19)
(2,3)(4,7,5,9,6,8)(10,27,13,24,17,20,11,26,14,23,18,19,12,25,15,22,16,21)
(2,3)(4,7,5,9,6,8)(10,25,14,24,16,19,11,27,15,23,17,21,12,26,13,22,18,20)
(1,8,3,9,2,7)(4,6)(10,24,13,21,17,25,11,23,14,20,18,27,12,22,15,19,16,26)
(1,8,3,9,2,7)(4,6)(10,23,15,21,18,26,11,22,13,20,16,25,12,24,14,19,17,27)
(1,8,3,9,2,7)(4,6)(10,22,14,21,16,27,11,24,15,20,17,26,12,23,13,19,18,25)
(1,7,2,9,3,8)(4,6)(10,25,18,19,13,23,12,26,17,20,15,24,11,27,16,21,14,22)
(1,7,2,9,3,8)(4,6)(10,27,17,19,14,24,12,25,16,20,13,22,11,26,18,21,15,23)
(1,7,2,9,3,8)(4,6)(10,26,16,19,15,22,12,27,18,20,14,23,11,25,17,21,13,24)
(1,25,6,23,7,19,2,27,4,22,8,21,3,26,5,24,9,20)(11,12)(13,17,15,18,14,16)
(1,27,5,23,8,20,2,26,6,22,9,19,3,25,4,24,7,21)(11,12)(13,17,15,18,14,16)
(1,26,4,23,9,21,2,25,5,22,7,20,3,27,6,24,8,19)(11,12)(13,17,15,18,14,16)
(1,19,8,24,6,27,3,20,7,22,5,25,2,21,9,23,4,26)(11,12)(13,16,14,18,15,17)
(1,21,7,24,4,25,3,19,9,22,6,26,2,20,8,23,5,27)(11,12)(13,16,14,18,15,17)
(1,20,9,24,5,26,3,21,8,22,4,27,2,19,7,23,6,25)(11,12)(13,16,14,18,15,17)
(1,25,5,24,8,21,2,27,6,23,9,20,3,26,4,22,7,19)(10,11)(13,18,15,16,14,17)
(1,27,4,24,9,19,2,26,5,23,7,21,3,25,6,22,8,20)(10,11)(13,18,15,16,14,17)
(1,26,6,24,7,20,2,25,4,23,8,19,3,27,5,22,9,21)(10,11)(13,18,15,16,14,17)
(1,21,9,22,5,27,3,19,8,23,4,25,2,20,7,24,6,26)(10,11)(13,17,14,16,15,18)
(1,20,8,22,6,25,3,21,7,23,5,26,2,19,9,24,4,27)(10,11)(13,17,14,16,15,18)
(1,19,7,22,4,26,3,20,9,23,6,27,2,21,8,24,5,25)(10,11)(13,17,14,16,15,18)
(1,25,4,22,9,20,2,27,5,24,7,19,3,26,6,23,8,21)(10,12)(13,16,15,17,14,18)
(1,27,6,22,7,21,2,26,4,24,8,20,3,25,5,23,9,19)(10,12)(13,16,15,17,14,18)
(1,26,5,22,8,19,2,25,6,24,9,21,3,27,4,23,7,20)(10,12)(13,16,15,17,14,18)
(1,20,7,23,4,27,3,21,9,24,6,25,2,19,8,22,5,26)(10,12)(13,18,14,17,15,16)
(1,19,9,23,5,25,3,20,8,24,4,26,2,21,7,22,6,27)(10,12)(13,18,14,17,15,16)
(1,21,8,23,6,26,3,19,7,24,5,27,2,20,9,22,4,25)(10,12)(13,18,14,17,15,16)
(1,15,7,16,6,11,3,13,9,17,5,12,2,14,8,18,4,10)(19,24,21,22,20,23)(25,27)
(1,13,8,16,5,10,3,14,7,17,4,11,2,15,9,18,6,12)(19,24,21,22,20,23)(25,27)
(1,14,9,16,4,12,3,15,8,17,6,10,2,13,7,18,5,11)(19,24,21,22,20,23)(25,27)
(1,11,5,18,7,13,2,10,6,17,8,15,3,12,4,16,9,14)(19,23,20,22,21,24)(25,27)
(1,12,6,18,9,15,2,11,4,17,7,14,3,10,5,16,8,13)(19,23,20,22,21,24)(25,27)
(1,10,4,18,8,14,2,12,5,17,9,13,3,11,6,16,7,15)(19,23,20,22,21,24)(25,27)
(1,15,8,18,5,12,3,13,7,16,4,10,2,14,9,17,6,11)(19,23,21,24,20,22)(25,26)
(1,13,9,18,4,11,3,14,8,16,6,12,2,15,7,17,5,10)(19,23,21,24,20,22)(25,26)
(1,14,7,18,6,10,3,15,9,16,5,11,2,13,8,17,4,12)(19,23,21,24,20,22)(25,26)
(1,12,4,17,8,13,2,11,5,16,9,15,3,10,6,18,7,14)(19,22,20,24,21,23)(25,26)
(1,10,5,17,7,15,2,12,6,16,8,14,3,11,4,18,9,13)(19,22,20,24,21,23)(25,26)
(1,11,6,17,9,14,2,10,4,16,7,13,3,12,5,18,8,15)(19,22,20,24,21,23)(25,26)
(1,15,9,17,4,10,3,13,8,18,6,11,2,14,7,16,5,12)(19,22,21,23,20,24)(26,27)
(1,13,7,17,6,12,3,14,9,18,5,10,2,15,8,16,4,11)(19,22,21,23,20,24)(26,27)
(1,14,8,17,5,11,3,15,7,18,4,12,2,13,9,16,6,10)(19,22,21,23,20,24)(26,27)
(1,10,6,16,9,13,2,12,4,18,7,15,3,11,5,17,8,14)(19,24,20,23,21,22)(26,27)
(1,11,4,16,8,15,2,10,5,18,9,14,3,12,6,17,7,13)(19,24,20,23,21,22)(26,27)
(1,12,5,16,7,14,2,11,6,18,8,13,3,10,4,17,9,15)(19,24,20,23,21,22)(26,27)
(1,13,6,11,9,16,2,15,4,10,7,18,3,14,5,12,8,17)(19,25,21,26,20,27)(22,23)
(1,15,5,11,7,17,2,14,6,10,8,16,3,13,4,12,9,18)(19,25,21,26,20,27)(22,23)
(1,14,4,11,8,18,2,13,5,10,9,17,3,15,6,12,7,16)(19,25,21,26,20,27)(22,23)
(1,16,7,12,6,15,3,17,9,10,5,13,2,18,8,11,4,14)(19,27,20,26,21,25)(22,23)
(1,18,9,12,4,13,3,16,8,10,6,14,2,17,7,11,5,15)(19,27,20,26,21,25)(22,23)
(1,17,8,12,5,14,3,18,7,10,4,15,2,16,9,11,6,13)(19,27,20,26,21,25)(22,23)
(1,13,4,10,8,17,2,15,5,12,9,16,3,14,6,11,7,18)(19,27,21,25,20,26)(23,24)
(1,15,6,10,9,18,2,14,4,12,7,17,3,13,5,11,8,16)(19,27,21,25,20,26)(23,24)
(1,14,5,10,7,16,2,13,6,12,8,18,3,15,4,11,9,17)(19,27,21,25,20,26)(23,24)
(1,17,9,11,4,15,3,18,8,12,6,13,2,16,7,10,5,14)(19,26,20,25,21,27)(23,24)
(1,16,8,11,5,13,3,17,7,12,4,14,2,18,9,10,6,15)(19,26,20,25,21,27)(23,24)
(1,18,7,11,6,14,3,16,9,12,5,15,2,17,8,10,4,13)(19,26,20,25,21,27)(23,24)
(1,13,5,12,7,18,2,15,6,11,8,17,3,14,4,10,9,16)(19,26,21,27,20,25)(22,24)
(1,15,4,12,8,16,2,14,5,11,9,18,3,13,6,10,7,17)(19,26,21,27,20,25)(22,24)
(1,14,6,12,9,17,2,13,4,11,7,16,3,15,5,10,8,18)(19,26,21,27,20,25)(22,24)
(1,18,8,10,5,15,3,16,7,11,4,13,2,17,9,12,6,14)(19,25,20,27,21,26)(22,24)
(1,23,7,26,4,19,3,24,9,27,6,20,2,22,8,25,5,21)(10,14,11,13,12,15)(16,18)
(1,22,9,26,5,20,3,23,8,27,4,21,2,24,7,25,6,19)(10,14,11,13,12,15)(16,18)
(1,12,7,13,6,16,3,10,9,14,5,17,2,11,8,15,4,18)(20,21)(22,26,24,27,23,25)
(1,10,8,13,5,18,3,11,7,14,4,16,2,12,9,15,6,17)(20,21)(22,26,24,27,23,25)
(1,11,9,13,4,17,3,12,8,14,6,18,2,10,7,15,5,16)(20,21)(22,26,24,27,23,25)
(1,16,5,15,7,10,2,18,6,14,8,12,3,17,4,13,9,11)(20,21)(22,25,23,27,24,26)
(1,17,6,15,9,12,2,16,4,14,7,11,3,18,5,13,8,10)(20,21)(22,25,23,27,24,26)
(1,18,4,15,8,11,2,17,5,14,9,10,3,16,6,13,7,12)(20,21)(22,25,23,27,24,26)
(1,12,8,15,5,17,3,10,7,13,4,18,2,11,9,14,6,16)(19,21)(22,25,24,26,23,27)
(1,10,9,15,4,16,3,11,8,13,6,17,2,12,7,14,5,18)(19,21)(22,25,24,26,23,27)
(1,11,7,15,6,18,3,12,9,13,5,16,2,10,8,14,4,17)(19,21)(22,25,24,26,23,27)
(1,17,4,14,8,10,2,16,5,13,9,12,3,18,6,15,7,11)(19,21)(22,27,23,26,24,25)
(1,18,5,14,7,12,2,17,6,13,8,11,3,16,4,15,9,10)(19,21)(22,27,23,26,24,25)
(1,21,5,25,8,22,2,20,6,27,9,24,3,19,4,26,7,23)(10,15,12,13,11,14)(16,18)
(1,12,9,14,4,18,3,10,8,15,6,16,2,11,7,13,5,17)(19,20)(22,27,24,25,23,26)
(1,10,7,14,6,17,3,11,9,15,5,18,2,12,8,13,4,16)(19,20)(22,27,24,25,23,26)
(1,11,8,14,5,16,3,12,7,15,4,17,2,10,9,13,6,18)(19,20)(22,27,24,25,23,26)
(1,18,6,13,9,10,2,17,4,15,7,12,3,16,5,14,8,11)(19,20)(22,26,23,25,24,27)
(1,16,4,13,8,12,2,18,5,15,9,11,3,17,6,14,7,10)(19,20)(22,26,23,25,24,27)
(1,17,5,13,7,11,2,16,6,15,8,10,3,18,4,14,9,12)(19,20)(22,26,23,25,24,27)
(1,23,6,21,7,25,2,22,4,20,8,27,3,24,5,19,9,26)(10,16,11,18,12,17)(13,15)
(1,22,5,21,8,26,2,24,6,20,9,25,3,23,4,19,7,27)(10,16,11,18,12,17)(13,15)
(1,24,4,21,9,27,2,23,5,20,7,26,3,22,6,19,8,25)(10,16,11,18,12,17)(13,15)
(1,25,8,19,6,22,3,26,7,20,5,23,2,27,9,21,4,24)(10,17,12,18,11,16)(13,15)
(1,27,7,19,4,23,3,25,9,20,6,24,2,26,8,21,5,22)(10,17,12,18,11,16)(13,15)
(1,26,9,19,5,24,3,27,8,20,4,22,2,25,7,21,6,23)(10,17,12,18,11,16)(13,15)
(1,27,9,20,5,22,3,25,8,21,4,23,2,26,7,19,6,24)(10,18,12,16,11,17)(14,15)
(1,25,7,20,4,24,3,26,9,21,6,22,2,27,8,19,5,23)(10,18,12,16,11,17)(14,15)
(1,26,8,20,6,23,3,27,7,21,5,24,2,25,9,19,4,22)(10,18,12,16,11,17)(14,15)
(1,22,4,19,9,25,2,24,5,21,7,27,3,23,6,20,8,26)(10,17,11,16,12,18)(14,15)
(1,23,5,19,8,27,2,22,6,21,9,26,3,24,4,20,7,25)(10,17,11,16,12,18)(14,15)
(1,24,6,19,7,26,2,23,4,21,8,25,3,22,5,20,9,27)(10,17,11,16,12,18)(14,15)
(1,27,8,21,6,24,3,25,7,19,5,22,2,26,9,20,4,23)(10,16,12,17,11,18)(13,14)
(1,25,9,21,5,23,3,26,8,19,4,24,2,27,7,20,6,22)(10,16,12,17,11,18)(13,14)
(1,26,7,21,4,22,3,27,9,19,6,23,2,25,8,20,5,24)(10,16,12,17,11,18)(13,14)
(1,24,5,20,8,25,2,23,6,19,9,27,3,22,4,21,7,26)(10,18,11,17,12,16)(13,14)
(1,22,6,20,7,27,2,24,4,19,8,26,3,23,5,21,9,25)(10,18,11,17,12,16)(13,14)
(1,23,4,20,9,26,2,22,5,19,7,25,3,24,6,21,8,27)(10,18,11,17,12,16)(13,14)
(1,20,5,27,8,24,2,19,6,26,9,23,3,21,4,25,7,22)(10,14,12,15,11,13)(16,17)
(1,19,4,27,9,22,2,21,5,26,7,24,3,20,6,25,8,23)(10,14,12,15,11,13)(16,17)
(1,21,6,27,7,23,2,20,4,26,8,22,3,19,5,25,9,24)(10,14,12,15,11,13)(16,17)
(1,24,9,25,5,19,3,22,8,26,4,20,2,23,7,27,6,21)(10,13,11,15,12,14)(16,17)
(1,23,8,25,6,20,3,24,7,26,5,21,2,22,9,27,4,19)(10,13,11,15,12,14)(16,17)
(1,22,7,25,4,21,3,23,9,26,6,19,2,24,8,27,5,20)(10,13,11,15,12,14)(16,17)
(1,23,9,27,5,21,3,24,8,25,4,19,2,22,7,26,6,20)(10,15,11,14,12,13)(17,18)
(1,24,7,27,4,20,3,22,9,25,6,21,2,23,8,26,5,19)(10,15,11,14,12,13)(17,18)
(1,22,8,27,6,19,3,23,7,25,5,20,2,24,9,26,4,21)(10,15,11,14,12,13)(17,18)
(1,21,4,26,9,24,2,20,5,25,7,23,3,19,6,27,8,22)(10,13,12,14,11,15)(17,18)
(1,19,5,26,8,23,2,21,6,25,9,22,3,20,4,27,7,24)(10,13,12,14,11,15)(17,18)
(1,20,6,26,7,22,2,19,4,25,8,24,3,21,5,27,9,23)(10,13,12,14,11,15)(17,18)
(1,20,4,25,9,23,2,19,5,27,7,22,3,21,6,26,8,24)(10,15,12,13,11,14)(16,18)
(1,19,6,25,7,24,2,21,4,27,8,23,3,20,5,26,9,22)(10,15,12,13,11,14)(16,18)
(1,16,6,14,9,11,2,18,4,13,7,10,3,17,5,15,8,12)(19,21)(22,27,23,26,24,25)
(1,17,7,10,6,13,3,18,9,11,5,14,2,16,8,12,4,15)(19,25,20,27,21,26)(22,24)
(1,16,9,10,4,14,3,17,8,11,6,15,2,18,7,12,5,13)(19,25,20,27,21,26)(22,24)
(1,24,8,26,6,21,3,22,7,27,5,19,2,23,9,25,4,20)(10,14,11,13,12,15)(16,18)