1 17 47
1 17 52
1 19 46
1 19 51
1 22 36
1 22 57
1 24 33
1 24 58
1 33 51
1 36 52
1 46 57
1 47 58
2 18 48
2 18 51
2 20 45
2 20 52
2 21 35
2 21 58
2 23 34
2 23 57
2 34 52
2 35 51
2 45 58
2 48 57
3 17 48
3 17 49
3 19 45
3 19 50
3 22 35
3 22 60
3 24 34
3 24 59
3 34 50
3 35 49
3 45 60
3 48 59
4 18 47
4 18 50
4 20 46
4 20 49
4 21 36
4 21 59
4 23 33
4 23 60
4 33 49
4 36 50
4 46 59
4 47 60
5 17 38
5 17 63
5 19 39
5 19 64
5 21 42
5 21 54
5 23 43
5 23 53
5 38 54
5 39 53
5 42 64
5 43 63
6 18 37
6 18 64
6 20 40
6 20 63
6 22 41
6 22 53
6 24 44
6 24 54
6 37 53
6 40 54
6 41 63
6 44 64
7 17 37
7 17 62
7 19 40
7 19 61
7 21 41
7 21 55
7 23 44
7 23 56
7 37 55
7 40 56
7 41 61
7 44 62
8 18 38
8 18 61
8 20 39
8 20 62
8 22 42
8 22 56
8 24 43
8 24 55
8 38 56
8 39 55
8 42 62
8 43 61
9 26 37
9 26 60
9 28 40
9 28 59
9 29 43
9 29 52
9 31 42
9 31 51
9 37 51
9 40 52
9 42 59
9 43 60
10 25 38
10 25 59
10 27 39
10 27 60
10 30 44
10 30 51
10 32 41
10 32 52
10 38 52
10 39 51
10 41 60
10 44 59
11 26 38
11 26 57
11 28 39
11 28 58
11 29 44
11 29 49
11 31 41
11 31 50
11 38 50
11 39 49
11 41 58
11 44 57
12 25 37
12 25 58
12 27 40
12 27 57
12 30 43
12 30 50
12 32 42
12 32 49
12 37 49
12 40 50
12 42 57
12 43 58
13 26 45
13 26 54
13 28 48
13 28 53
13 30 36
13 30 62
13 32 33
13 32 61
13 33 54
13 36 53
13 45 62
13 48 61
14 25 46
14 25 53
14 27 47
14 27 54
14 29 35
14 29 61
14 31 34
14 31 62
14 34 53
14 35 54
14 46 61
14 47 62
15 26 46
15 26 55
15 28 47
15 28 56
15 30 35
15 30 63
15 32 34
15 32 64
15 34 55
15 35 56
15 46 63
15 47 64
16 25 45
16 25 56
16 27 48
16 27 55
16 29 36
16 29 64
16 31 33
16 31 63
16 33 56
16 36 55
16 45 64
16 48 63
17 37 49
17 38 52
17 47 62
17 48 63
18 37 51
18 38 50
18 47 64
18 48 61
19 39 51
19 40 50
19 45 64
19 46 61
20 39 49
20 40 52
20 45 62
20 46 63
21 35 54
21 36 55
21 41 58
21 42 59
22 35 56
22 36 53
22 41 60
22 42 57
23 33 56
23 34 53
23 43 60
23 44 57
24 33 54
24 34 55
24 43 58
24 44 59
25 37 53
25 38 56
25 45 58
25 46 59
26 37 55
26 38 54
26 45 60
26 46 57
27 39 55
27 40 54
27 47 60
27 48 57
28 39 53
28 40 56
28 47 58
28 48 59
29 35 49
29 36 52
29 43 61
29 44 64
30 35 51
30 36 50
30 43 63
30 44 62
31 33 51
31 34 50
31 41 63
31 42 62
32 33 49
32 34 52
32 41 61
32 42 64