1 22 76
1 22 180
1 76 148
1 108 180
1 108 190
1 126 190
1 126 212
1 148 212
2 36 90
2 36 166
2 90 162
2 94 166
2 94 191
2 112 191
2 112 205
2 162 205
3 25 75
3 25 177
3 75 156
3 98 177
3 98 181
3 113 181
3 113 214
3 156 214
4 23 73
4 23 172
4 73 152
4 102 172
4 102 192
4 115 192
4 115 202
4 152 202
5 19 80
5 19 178
5 80 159
5 100 178
5 100 198
5 111 198
5 111 209
5 159 209
6 21 84
6 21 176
6 84 154
6 105 176
6 105 195
6 109 195
6 109 201
6 154 201
7 24 79
7 24 170
7 79 147
7 91 170
7 91 188
7 119 188
7 119 204
7 147 204
8 29 77
8 29 174
8 77 145
8 93 174
8 93 196
8 114 196
8 114 207
8 145 207
9 26 87
9 26 164
9 87 158
9 106 164
9 106 183
9 120 183
9 120 206
9 158 206
10 30 82
10 30 179
10 82 160
10 104 179
10 104 194
10 116 194
10 116 200
10 160 200
11 27 83
11 27 165
11 83 149
11 97 165
11 97 187
11 121 187
11 121 199
11 149 199
12 31 78
12 31 163
12 78 151
12 95 163
12 95 197
12 117 197
12 117 211
12 151 211
13 28 88
13 28 171
13 88 146
13 107 171
13 107 185
13 123 185
13 123 210
13 146 210
14 33 86
14 33 175
14 86 161
14 92 175
14 92 193
14 118 193
14 118 213
14 161 213
15 35 81
15 35 169
15 81 155
15 96 169
15 96 186
15 110 186
15 110 215
15 155 215
16 20 85
16 20 167
16 85 150
16 101 167
16 101 184
16 125 184
16 125 208
16 150 208
17 32 89
17 32 168
17 89 153
17 103 168
17 103 182
17 124 182
17 124 203
17 153 203
18 34 74
18 34 173
18 74 157
18 99 173
18 99 189
18 122 189
18 122 216
18 157 216
19 44 178
19 44 185
19 60 185
19 60 216
19 80 137
19 137 216
20 49 167
20 49 196
20 69 196
20 69 202
20 85 136
20 136 202
21 42 176
21 42 192
21 55 192
21 55 206
21 84 133
21 133 206
22 53 180
22 53 197
22 70 197
22 70 210
22 76 143
22 143 210
23 45 172
23 45 195
23 67 195
23 67 208
23 73 134
23 134 208
24 54 170
24 54 182
24 71 182
24 71 213
24 79 142
24 142 213
25 52 177
25 52 193
25 65 193
25 65 199
25 75 132
25 132 199
26 47 164
26 47 191
26 72 191
26 72 201
26 87 130
26 130 201
27 50 165
27 50 194
27 61 194
27 61 214
27 83 127
27 127 214
28 38 171
28 38 198
28 63 198
28 63 212
28 88 138
28 138 212
29 37 174
29 37 184
29 66 184
29 66 205
29 77 135
29 135 205
30 43 179
30 43 187
30 68 187
30 68 203
30 82 128
30 128 203
31 46 163
31 46 190
31 58 190
31 58 215
31 78 144
31 144 215
32 41 168
32 41 188
32 64 188
32 64 200
32 89 141
32 141 200
33 40 175
33 40 181
33 57 181
33 57 204
33 86 131
33 131 204
34 48 173
34 48 186
34 62 186
34 62 209
34 74 139
34 139 209
35 51 169
35 51 189
35 56 189
35 56 211
35 81 140
35 140 211
36 39 166
36 39 183
36 59 183
36 59 207
36 90 129
36 129 207
37 84 118
37 84 154
37 101 184
37 101 213
37 118 213
37 154 174
38 81 119
38 81 155
38 100 198
38 100 204
38 119 204
38 155 171
39 73 123
39 73 152
39 106 183
39 106 210
39 123 210
39 152 166
40 82 126
40 82 160
40 98 181
40 98 212
40 126 212
40 160 175
41 75 111
41 75 156
41 91 188
41 91 209
41 111 209
41 156 168
42 77 122
42 77 145
42 102 192
42 102 216
42 122 216
42 145 176
43 86 109
43 86 161
43 97 187
43 97 201
43 109 201
43 161 179
44 78 120
44 78 151
44 107 185
44 107 206
44 120 206
44 151 178
45 90 121
45 90 162
45 105 195
45 105 199
45 121 199
45 162 172
46 80 113
46 80 159
46 108 190
46 108 214
46 113 214
46 159 163
47 85 124
47 85 150
47 94 191
47 94 203
47 124 203
47 150 164
48 76 116
48 76 148
48 96 186
48 96 200
48 116 200
48 148 173
49 87 117
49 87 158
49 93 196
49 93 211
49 117 211
49 158 167
50 79 110
50 79 147
50 104 194
50 104 215
50 110 215
50 147 165
51 88 115
51 88 146
51 99 189
51 99 202
51 115 202
51 146 169
52 89 125
52 89 153
52 92 193
52 92 208
52 125 208
52 153 177
53 74 114
53 74 157
53 95 197
53 95 207
53 114 207
53 157 180
54 83 112
54 83 149
54 103 182
54 103 205
54 112 205
54 149 170
55 89 107
55 89 125
55 107 206
55 125 165
55 147 165
55 147 192
56 75 93
56 75 111
56 93 211
56 111 179
56 161 179
56 161 189
57 90 100
57 90 121
57 100 204
57 121 167
57 158 167
57 158 181
58 73 104
58 73 123
58 104 215
58 123 174
58 154 174
58 154 190
59 86 95
59 86 109
59 95 207
59 109 168
59 156 168
59 156 183
60 82 102
60 82 126
60 102 216
60 126 170
60 149 170
60 149 185
61 85 108
61 85 124
61 108 214
61 124 176
61 145 176
61 145 194
62 87 91
62 87 117
62 91 209
62 117 172
62 162 172
62 162 186
63 77 98
63 77 122
63 98 212
63 122 164
63 150 164
63 150 198
64 84 96
64 84 118
64 96 200
64 118 166
64 152 166
64 152 188
65 81 105
65 81 119
65 105 199
65 119 180
65 157 180
65 157 193
66 88 103
66 88 115
66 103 205
66 115 163
66 159 163
66 159 184
67 78 92
67 78 120
67 92 208
67 120 173
67 148 173
67 148 195
68 80 94
68 80 113
68 94 203
68 113 169
68 146 169
68 146 187
69 83 99
69 83 112
69 99 202
69 112 175
69 160 175
69 160 196
70 79 106
70 79 110
70 106 210
70 110 177
70 153 177
70 153 197
71 76 101
71 76 116
71 101 213
71 116 178
71 151 178
71 151 182
72 74 97
72 74 114
72 97 201
72 114 171
72 155 171
72 155 191
73 104 134
74 97 139
75 93 132
76 101 143
77 98 135
78 92 144
79 106 142
80 94 137
81 105 140
82 102 128
83 99 127
84 96 133
85 108 136
86 95 131
87 91 130
88 103 138
89 107 141
90 100 129
91 130 170
92 144 175
93 132 174
94 137 166
95 131 163
96 133 169
97 139 165
98 135 177
99 127 173
100 129 178
101 143 167
102 128 172
103 138 168
104 134 179
105 140 176
106 142 164
107 141 171
108 136 180
109 138 168
109 138 195
110 135 177
110 135 186
111 134 179
111 134 198
112 144 175
112 144 191
113 133 169
113 133 181
114 141 171
114 141 196
115 131 163
115 131 192
116 129 178
116 129 194
117 128 172
117 128 197
118 137 166
118 137 193
119 136 180
119 136 188
120 127 173
120 127 183
121 143 167
121 143 187
122 142 164
122 142 189
123 132 174
123 132 185
124 140 176
124 140 182
125 139 165
125 139 184
126 130 170
126 130 190
127 156 183
127 156 214
128 153 197
128 153 203
129 145 194
129 145 207
130 154 190
130 154 201
131 147 192
131 147 204
132 149 185
132 149 199
133 158 181
133 158 206
134 150 198
134 150 208
135 162 186
135 162 205
136 152 188
136 152 202
137 157 193
137 157 216
138 148 195
138 148 212
139 159 184
139 159 209
140 151 182
140 151 211
141 160 196
141 160 200
142 161 189
142 161 213
143 146 187
143 146 210
144 155 191
144 155 215