1 15 41
1 15 70
1 18 44
1 18 72
1 20 46
1 20 67
1 41 59
1 44 54
1 46 57
1 54 67
1 57 70
1 59 72
2 16 40
2 16 78
2 21 50
2 21 66
2 23 52
2 23 76
2 40 60
2 50 62
2 52 55
2 55 66
2 60 76
2 62 78
3 14 43
3 14 73
3 24 48
3 24 69
3 26 47
3 26 74
3 43 63
3 47 53
3 48 65
3 53 69
3 63 74
3 65 73
4 14 47
4 14 68
4 19 42
4 19 75
4 22 49
4 22 73
4 42 53
4 47 61
4 49 58
4 53 73
4 58 68
4 61 75
5 17 49
5 17 66
5 21 40
5 21 77
5 22 51
5 22 75
5 40 56
5 49 61
5 51 60
5 56 75
5 60 66
5 61 77
6 17 45
6 17 75
6 18 46
6 18 71
6 19 49
6 19 72
6 45 57
6 46 58
6 49 56
6 56 71
6 57 72
6 58 75
7 16 48
7 16 66
7 17 40
7 17 71
7 24 45
7 24 74
7 40 55
7 45 56
7 48 63
7 55 74
7 56 66
7 63 71
8 14 42
8 14 69
8 23 50
8 23 68
8 25 43
8 25 76
8 42 62
8 43 53
8 50 64
8 53 68
8 62 76
8 64 69
9 19 46
9 19 68
9 20 52
9 20 72
9 23 42
9 23 78
9 42 58
9 46 59
9 52 62
9 58 72
9 59 78
9 62 68
10 18 45
10 18 70
10 24 43
10 24 71
10 25 44
10 25 69
10 43 64
10 44 57
10 45 63
10 57 71
10 63 69
10 64 70
11 15 51
11 15 67
11 22 47
11 22 77
11 26 41
11 26 73
11 41 54
11 47 65
11 51 61
11 54 77
11 61 73
11 65 67
12 15 44
12 15 77
12 21 51
12 21 76
12 25 50
12 25 70
12 44 64
12 50 60
12 51 54
12 54 70
12 60 77
12 64 76
13 16 52
13 16 74
13 20 41
13 20 78
13 26 48
13 26 67
13 41 65
13 48 55
13 52 59
13 55 78
13 59 67
13 65 74
14 29 47
14 29 69
14 30 42
14 30 73
14 34 43
14 34 68
15 27 44
15 27 67
15 37 41
15 37 77
15 38 51
15 38 70
16 28 52
16 28 66
16 33 40
16 33 74
16 39 48
16 39 78
17 31 40
17 31 75
17 32 49
17 32 71
17 33 45
17 33 66
18 27 46
18 27 70
18 32 45
18 32 72
18 36 44
18 36 71
19 30 49
19 30 68
19 32 46
19 32 75
19 35 42
19 35 72
20 27 41
20 27 72
20 35 46
20 35 78
20 39 52
20 39 67
21 28 40
21 28 76
21 31 51
21 31 66
21 38 50
21 38 77
22 30 47
22 30 75
22 31 49
22 31 77
22 37 51
22 37 73
23 28 50
23 28 78
23 34 42
23 34 76
23 35 52
23 35 68
24 29 43
24 29 74
24 33 48
24 33 71
24 36 45
24 36 69
25 34 50
25 34 69
25 36 43
25 36 70
25 38 44
25 38 76
26 29 48
26 29 73
26 37 47
26 37 67
26 39 41
26 39 74
27 41 54
27 44 57
27 46 59
27 54 70
27 57 72
27 59 67
28 40 55
28 50 60
28 52 62
28 55 78
28 60 66
28 62 76
29 43 53
29 47 65
29 48 63
29 53 73
29 63 69
29 65 74
30 42 58
30 47 53
30 49 61
30 53 68
30 58 75
30 61 73
31 40 60
31 49 56
31 51 61
31 56 66
31 60 77
31 61 75
32 45 56
32 46 57
32 49 58
32 56 75
32 57 71
32 58 72
33 40 56
33 45 63
33 48 55
33 55 66
33 56 71
33 63 74
34 42 53
34 43 64
34 50 62
34 53 69
34 62 68
34 64 76
35 42 62
35 46 58
35 52 59
35 58 68
35 59 72
35 62 78
36 43 63
36 44 64
36 45 57
36 57 70
36 63 71
36 64 69
37 41 65
37 47 61
37 51 54
37 54 67
37 61 77
37 65 73
38 44 54
38 50 64
38 51 60
38 54 77
38 60 76
38 64 70
39 41 59
39 48 65
39 52 55
39 55 74
39 59 78
39 65 67