1 13 102
1 13 120
1 27 34
1 27 121
1 30 112
1 30 120
1 34 112
1 102 121
2 14 101
2 14 119
2 28 33
2 28 122
2 29 111
2 29 119
2 33 111
2 101 122
3 9 76
3 9 86
3 39 48
3 39 91
3 46 78
3 46 86
3 48 78
3 76 91
4 10 75
4 10 85
4 40 47
4 40 92
4 45 77
4 45 85
4 47 77
4 75 92
5 25 88
5 25 168
5 41 118
5 41 157
5 70 106
5 70 118
5 88 106
5 157 168
6 26 87
6 26 167
6 42 117
6 42 158
6 69 105
6 69 117
6 87 105
6 158 167
7 35 90
7 35 128
7 43 71
7 43 200
7 56 80
7 56 90
7 71 80
7 128 200
8 36 89
8 36 127
8 44 72
8 44 199
8 55 79
8 55 89
8 72 79
8 127 199
9 61 73
9 61 86
9 73 94
9 76 82
9 82 135
9 94 135
10 62 74
10 62 85
10 74 93
10 75 81
10 81 136
10 93 136
11 21 124
11 21 169
11 31 50
11 31 180
11 50 169
11 98 114
11 98 124
11 114 180
12 22 123
12 22 170
12 32 49
12 32 179
12 49 170
12 97 113
12 97 123
12 113 179
13 102 116
13 103 126
13 103 185
13 116 127
13 120 185
13 126 127
14 101 115
14 104 125
14 104 186
14 115 128
14 119 186
14 125 128
15 20 129
15 20 182
15 38 84
15 38 212
15 84 182
15 107 212
15 107 214
15 129 214
16 19 130
16 19 181
16 37 83
16 37 211
16 83 181
16 108 211
16 108 213
16 130 213
17 20 162
17 20 251
17 51 80
17 51 160
17 71 80
17 71 155
17 155 251
17 160 162
18 19 161
18 19 252
18 52 79
18 52 159
18 72 79
18 72 156
18 156 252
18 159 161
19 68 164
19 68 181
19 130 252
19 161 164
20 67 163
20 67 182
20 129 251
20 162 163
21 95 163
21 95 253
21 124 253
21 142 162
21 142 169
21 162 163
22 96 164
22 96 254
22 123 254
22 141 161
22 141 170
22 161 164
23 25 88
23 25 109
23 77 95
23 77 268
23 88 144
23 95 184
23 109 268
23 144 184
24 26 87
24 26 110
24 78 96
24 78 267
24 87 143
24 96 183
24 110 267
24 143 183
25 53 172
25 53 188
25 109 188
25 168 172
26 54 171
26 54 187
26 110 187
26 167 171
27 34 59
27 59 83
27 83 190
27 121 174
27 133 174
27 133 190
28 33 60
28 60 84
28 84 189
28 122 173
28 134 173
28 134 189
29 52 61
29 52 119
29 61 192
29 111 176
29 176 223
29 192 223
30 51 62
30 51 120
30 62 191
30 112 175
30 175 224
30 191 224
31 50 178
31 73 99
31 73 180
31 99 194
31 154 178
31 154 194
32 49 177
32 74 100
32 74 179
32 100 193
32 153 177
32 153 193
33 60 225
33 111 147
33 147 165
33 165 196
33 196 225
34 59 226
34 112 148
34 148 166
34 166 195
34 195 226
35 57 109
35 57 264
35 90 109
35 125 128
35 125 206
35 206 264
36 58 110
36 58 263
36 89 110
36 126 127
36 126 205
36 205 263
37 57 99
37 57 211
37 83 190
37 99 194
37 190 208
37 194 208
38 58 100
38 58 212
38 84 189
38 100 193
38 189 207
38 193 207
39 48 209
39 91 146
39 129 146
39 129 214
39 197 209
39 197 214
40 47 210
40 92 145
40 130 145
40 130 213
40 198 210
40 198 213
41 49 64
41 49 177
41 64 157
41 118 259
41 138 177
41 138 259
42 50 63
42 50 178
42 63 158
42 117 260
42 137 178
42 137 260
43 65 97
43 65 255
43 71 255
43 97 123
43 123 166
43 166 200
44 66 98
44 66 256
44 72 256
44 98 124
44 124 165
44 165 199
45 77 131
45 85 239
45 122 131
45 122 173
45 173 201
45 201 239
46 78 132
46 86 240
46 121 132
46 121 174
46 174 202
46 202 240
47 77 95
47 95 203
47 114 210
47 114 216
47 203 216
48 78 96
48 96 204
48 113 209
48 113 215
48 204 215
49 53 170
49 53 249
49 64 249
50 54 169
50 54 250
50 63 250
51 62 258
51 80 258
51 120 243
51 160 243
52 61 257
52 79 257
52 119 244
52 159 244
53 131 170
53 131 191
53 172 249
53 188 191
54 132 169
54 132 192
54 171 250
54 187 192
55 79 228
55 89 238
55 118 228
55 118 259
55 185 238
55 185 259
56 80 227
56 90 237
56 117 227
56 117 260
56 186 237
56 186 260
57 99 264
57 109 188
57 188 230
57 211 230
58 100 263
58 110 187
58 187 229
58 212 229
59 65 69
59 65 266
59 69 241
59 83 241
59 226 266
60 66 70
60 66 265
60 70 242
60 84 242
60 225 265
61 73 192
61 86 232
61 232 257
62 74 191
62 85 231
62 231 258
63 102 197
63 102 250
63 158 226
63 197 266
63 226 266
64 101 198
64 101 249
64 157 225
64 198 265
64 225 265
65 69 117
65 97 266
65 117 234
65 234 255
66 70 118
66 98 265
66 118 233
66 233 256
67 120 185
67 120 248
67 163 248
67 182 236
67 185 209
67 209 236
68 119 186
68 119 247
68 164 247
68 181 235
68 186 210
68 210 235
69 105 150
69 139 150
69 139 241
70 106 149
70 140 149
70 140 242
71 107 152
71 107 255
71 152 155
72 108 151
72 108 256
72 151 156
73 94 99
73 180 219
73 192 219
74 93 100
74 179 220
74 191 220
75 81 105
75 92 137
75 105 150
75 137 221
75 150 221
76 82 106
76 91 138
76 106 149
76 138 222
76 149 222
77 131 220
77 220 268
78 132 219
78 219 267
79 228 229
79 229 257
80 227 230
80 230 258
81 105 147
81 136 262
81 147 159
81 153 159
81 153 262
82 106 148
82 135 261
82 148 160
82 154 160
82 154 261
83 181 224
83 224 241
84 182 223
84 223 242
85 152 155
85 152 231
85 155 239
86 151 156
86 151 232
86 156 240
87 105 201
87 141 201
87 141 246
87 143 246
88 106 202
88 142 202
88 142 245
88 144 245
89 110 139
89 139 215
89 204 215
89 204 238
90 109 140
90 140 216
90 203 216
90 203 237
91 115 138
91 115 217
91 143 146
91 143 217
92 116 137
92 116 218
92 144 145
92 144 218
93 100 270
93 136 241
93 139 215
93 139 241
93 215 270
94 99 269
94 135 242
94 140 216
94 140 242
94 216 269
95 163 184
95 203 253
96 164 183
96 204 254
97 113 215
97 215 270
97 266 270
98 114 216
98 216 269
98 265 269
99 264 269
100 263 270
101 115 232
101 122 198
101 232 249
102 116 231
102 121 197
102 231 250
103 126 184
103 145 157
103 145 184
103 157 168
103 168 238
103 185 238
104 125 183
104 146 158
104 146 183
104 158 167
104 167 237
104 186 237
105 147 201
106 148 202
107 152 214
107 173 217
107 173 255
107 212 217
108 151 213
108 174 218
108 174 256
108 211 218
109 140 268
110 139 267
111 147 239
111 167 171
111 167 176
111 171 239
112 148 240
112 168 172
112 168 175
112 172 240
113 179 222
113 209 259
113 222 259
114 180 221
114 210 260
114 221 260
115 128 217
115 138 257
115 232 257
116 127 218
116 137 258
116 231 258
117 227 234
118 228 233
119 244 247
120 243 248
121 132 236
121 197 236
122 131 235
122 198 235
123 166 195
123 195 206
123 206 254
124 165 196
124 196 205
124 205 253
125 183 208
125 195 206
125 195 208
126 184 207
126 196 205
126 196 207
127 133 199
127 133 218
128 134 200
128 134 217
129 135 251
129 135 261
129 146 261
130 136 252
130 136 262
130 145 262
131 170 235
131 191 220
132 169 236
132 192 219
133 150 199
133 150 267
133 174 218
133 190 267
134 149 200
134 149 268
134 173 217
134 189 268
135 176 242
135 176 251
136 175 241
136 175 252
137 178 258
137 221 260
138 177 257
138 222 259
139 150 267
140 149 268
141 161 246
141 170 234
141 201 255
141 234 255
142 162 245
142 169 233
142 202 256
142 233 256
143 146 183
143 212 217
143 212 246
144 145 184
144 211 218
144 211 245
145 157 262
146 158 261
147 159 165
147 201 239
148 160 166
148 202 240
149 200 222
150 199 221
151 213 269
151 232 264
151 264 269
152 214 270
152 231 263
152 263 270
153 159 161
153 161 246
153 177 246
153 193 262
154 160 162
154 162 245
154 178 245
154 194 261
155 203 251
155 203 253
155 239 253
156 204 252
156 204 254
156 240 254
157 225 262
158 226 261
159 165 244
160 166 243
163 184 207
163 207 248
164 183 208
164 208 247
165 199 244
166 200 243
167 176 237
168 175 238
169 233 236
170 234 235
171 205 250
171 205 253
171 239 253
172 206 249
172 206 254
172 240 254
173 201 255
174 202 256
175 224 241
175 238 252
176 223 242
176 237 251
177 229 246
177 229 257
178 230 245
178 230 258
179 220 248
179 222 243
179 243 248
180 219 247
180 221 244
180 244 247
181 224 227
181 227 234
181 234 235
182 223 228
182 228 233
182 233 236
185 209 259
186 210 260
187 192 223
187 223 228
187 228 229
188 191 224
188 224 227
188 227 230
189 207 248
189 220 248
189 220 268
190 208 247
190 219 247
190 219 267
193 196 207
193 196 225
193 225 262
194 195 208
194 195 226
194 226 261
197 209 236
197 214 266
198 210 235
198 213 265
199 221 244
200 222 243
203 237 251
204 238 252
205 250 263
206 249 264
211 230 245
212 229 246
213 265 269
214 266 270
231 250 263
232 249 264