1 7 62
1 7 76
1 11 22
1 11 28
1 15 82
1 15 100
1 19 42
1 19 52
1 22 52
1 28 62
1 42 100
1 76 82
2 21 35
2 21 96
2 32 47
2 32 81
2 35 68
2 41 47
2 41 68
2 60 61
2 60 91
2 61 79
2 79 96
2 81 91
3 5 46
3 5 56
3 9 88
3 9 90
3 13 34
3 13 40
3 17 72
3 17 78
3 34 72
3 40 46
3 56 90
3 78 88
4 25 39
4 25 66
4 30 49
4 30 87
4 39 94
4 49 55
4 55 66
4 58 71
4 58 97
4 71 73
4 73 94
4 87 97
5 11 66
5 11 80
5 15 26
5 15 32
5 19 84
5 19 86
5 26 56
5 32 66
5 46 84
5 80 86
6 25 39
6 25 100
6 36 51
6 36 85
6 39 72
6 44 65
6 44 95
6 45 51
6 45 72
6 63 65
6 63 100
6 85 95
7 9 50
7 9 60
7 13 92
7 13 94
7 17 24
7 17 38
7 24 50
7 38 76
7 60 94
7 62 92
8 23 29
8 23 98
8 29 70
8 34 53
8 34 91
8 42 75
8 42 81
8 53 59
8 59 70
8 75 77
8 77 98
8 81 91
9 15 64
9 15 70
9 19 30
9 19 36
9 30 60
9 36 70
9 50 88
9 64 90
10 23 29
10 23 76
10 29 84
10 40 55
10 40 89
10 48 69
10 48 99
10 49 55
10 49 76
10 67 69
10 67 84
10 89 99
11 13 44
11 13 54
11 17 96
11 17 98
11 22 80
11 28 54
11 44 98
11 66 96
12 27 33
12 27 82
12 33 74
12 38 57
12 38 95
12 43 57
12 43 74
12 46 79
12 46 85
12 61 79
12 61 82
12 85 95
13 19 68
13 19 74
13 34 44
13 40 74
13 54 92
13 68 94
14 24 59
14 24 93
14 27 33
14 27 80
14 33 88
14 52 73
14 52 83
14 53 59
14 53 80
14 71 73
14 71 88
14 83 93
15 17 48
15 17 58
15 26 64
15 32 58
15 48 82
15 70 100
16 22 41
16 22 99
16 31 37
16 31 86
16 37 78
16 41 47
16 47 78
16 50 63
16 50 89
16 63 65
16 65 86
16 89 99
17 24 78
17 38 48
17 58 96
17 72 98
18 28 43
18 28 97
18 31 37
18 31 64
18 37 92
18 43 57
18 56 77
18 56 87
18 57 64
18 75 77
18 75 92
18 87 97
19 30 68
19 36 42
19 52 86
19 74 84
20 21 35
20 21 62
20 26 45
20 26 83
20 35 90
20 45 51
20 51 62
20 54 67
20 54 93
20 67 69
20 69 90
20 83 93
21 27 82
21 27 96
21 31 42
21 31 48
21 39 62
21 39 72
21 42 72
21 48 82
22 41 55
22 52 67
22 55 88
22 61 67
22 61 88
22 80 81
22 81 99
23 25 66
23 25 76
23 33 54
23 33 60
23 37 92
23 37 98
23 54 92
23 60 66
24 45 59
24 45 86
24 50 69
24 69 75
24 75 86
24 78 91
24 91 93
25 31 86
25 31 100
25 35 46
25 35 52
25 46 76
25 52 86
26 45 59
26 56 71
26 59 92
26 64 85
26 65 71
26 65 92
26 83 85
27 29 70
27 29 80
27 37 44
27 37 58
27 44 70
27 58 96
28 43 49
28 49 90
28 54 73
28 62 95
28 73 79
28 79 90
28 95 97
29 35 84
29 35 90
29 39 50
29 39 56
29 50 80
29 56 90
30 43 49
30 43 96
30 60 75
30 68 89
30 69 75
30 69 96
30 87 89
31 33 64
31 33 74
31 42 100
31 48 74
32 47 53
32 53 94
32 58 77
32 63 77
32 63 94
32 66 99
32 81 99
33 39 88
33 39 94
33 54 64
33 60 94
34 44 79
34 47 53
34 47 100
34 72 93
34 73 79
34 73 100
34 91 93
35 37 68
35 37 78
35 46 84
35 52 78
36 42 61
36 51 57
36 57 98
36 61 67
36 67 98
36 70 83
36 83 85
37 44 98
37 58 68
38 48 63
38 51 57
38 51 84
38 63 77
38 76 97
38 77 84
38 95 97
39 50 88
39 56 62
40 41 55
40 41 82
40 46 65
40 65 71
40 71 82
40 74 87
40 87 89
41 51 62
41 51 68
41 59 82
41 59 92
41 62 92
42 61 75
42 72 87
42 81 87
43 45 86
43 45 96
43 53 74
43 53 80
43 80 86
44 65 79
44 70 89
44 89 95
45 55 66
45 55 72
45 66 96
46 65 79
46 76 91
46 85 91
47 49 90
47 49 100
47 57 64
47 57 78
47 64 90
48 63 69
48 74 93
48 93 99
49 59 70
49 59 76
49 70 100
50 63 69
50 80 95
50 89 95
51 53 84
51 53 94
51 68 94
52 67 73
52 78 97
52 83 97
53 74 84
54 64 99
54 67 73
54 93 99
55 57 88
55 57 98
55 72 98
56 62 81
56 71 77
56 81 87
57 78 88
58 68 83
58 71 77
58 83 97
59 76 82
60 61 75
60 66 85
60 85 91
61 71 82
61 71 88
62 81 95
63 73 94
63 73 100
64 85 99
65 75 86
65 75 92
66 85 99
67 77 84
67 77 98
68 83 89
69 79 90
69 79 96
70 83 89
72 87 93
74 87 93
76 91 97
78 91 97
80 81 95