1 21 59
1 21 100
1 24 62
1 24 102
1 26 64
1 26 97
1 59 83
1 62 78
1 64 81
1 78 97
1 81 100
1 83 102
2 22 58
2 22 108
2 27 74
2 27 96
2 35 70
2 35 112
2 58 84
2 70 79
2 74 92
2 79 96
2 84 112
2 92 108
3 20 61
3 20 103
3 32 65
3 32 113
3 36 75
3 36 99
3 61 93
3 65 77
3 75 89
3 77 99
3 89 103
3 93 113
4 20 65
4 20 98
4 25 60
4 25 111
4 28 73
4 28 103
4 60 77
4 65 85
4 73 82
4 77 103
4 82 98
4 85 111
5 23 67
5 23 96
5 27 58
5 27 109
5 37 71
5 37 105
5 58 80
5 67 94
5 71 84
5 80 105
5 84 96
5 94 109
6 24 64
6 24 114
6 30 76
6 30 101
6 38 63
6 38 102
6 63 87
6 64 95
6 76 81
6 81 102
6 87 114
6 95 101
7 22 66
7 22 96
7 23 58
7 23 101
7 30 63
7 30 104
7 58 79
7 63 80
7 66 87
7 79 104
7 80 96
7 87 101
8 20 60
8 20 99
8 29 68
8 29 98
8 33 61
8 33 106
8 60 86
8 61 77
8 68 90
8 77 98
8 86 106
8 90 99
9 25 73
9 25 110
9 26 72
9 26 102
9 38 64
9 38 111
9 64 83
9 72 82
9 73 95
9 82 111
9 83 110
9 95 102
10 24 76
10 24 100
10 31 62
10 31 106
10 33 68
10 33 114
10 62 81
10 68 88
10 76 90
10 81 114
10 88 100
10 90 106
11 28 65
11 28 105
11 32 69
11 32 103
11 37 67
11 37 107
11 65 89
11 67 85
11 69 94
11 85 103
11 89 107
11 94 105
12 27 71
12 27 112
12 29 74
12 29 106
12 31 68
12 31 109
12 68 86
12 71 88
12 74 84
12 84 109
12 86 112
12 88 106
13 26 59
13 26 110
13 34 70
13 34 97
13 35 72
13 35 108
13 59 91
13 70 92
13 72 83
13 83 97
13 91 108
13 92 110
14 21 62
14 21 107
14 31 71
14 31 100
14 37 69
14 37 109
14 62 88
14 69 78
14 71 94
14 78 100
14 88 109
14 94 107
15 22 70
15 22 104
15 34 75
15 34 108
15 36 66
15 36 113
15 66 79
15 70 91
15 75 93
15 79 108
15 91 113
15 93 104
16 30 66
16 30 114
16 33 76
16 33 99
16 36 61
16 36 104
16 61 90
16 66 93
16 76 87
16 87 104
16 90 114
16 93 99
17 21 69
17 21 97
17 32 75
17 32 107
17 34 59
17 34 113
17 59 78
17 69 89
17 75 91
17 78 107
17 89 113
17 91 97
18 25 72
18 25 98
18 29 60
18 29 112
18 35 74
18 35 110
18 60 82
18 72 92
18 74 86
18 82 110
18 86 98
18 92 112
19 23 63
19 23 105
19 28 67
19 28 111
19 38 73
19 38 101
19 63 95
19 67 80
19 73 85
19 80 101
19 85 105
19 95 111
20 41 65
20 41 99
20 42 60
20 42 103
20 46 61
20 46 98
21 39 62
21 39 97
21 52 69
21 52 100
21 55 59
21 55 107
22 40 70
22 40 96
22 45 58
22 45 104
22 53 66
22 53 108
23 43 58
23 43 105
23 45 63
23 45 96
23 57 67
23 57 101
24 39 64
24 39 100
24 44 76
24 44 102
24 48 62
24 48 114
25 42 73
25 42 98
25 47 72
25 47 111
25 56 60
25 56 110
26 39 59
26 39 102
26 47 64
26 47 110
26 51 72
26 51 97
27 40 58
27 40 112
27 43 71
27 43 96
27 50 74
27 50 109
28 42 65
28 42 111
28 49 67
28 49 103
28 57 73
28 57 105
29 46 60
29 46 106
29 50 68
29 50 112
29 56 74
29 56 98
30 44 63
30 44 114
30 45 66
30 45 101
30 54 76
30 54 104
31 48 68
31 48 100
31 50 71
31 50 106
31 52 62
31 52 109
32 41 75
32 41 103
32 49 65
32 49 107
32 55 69
32 55 113
33 46 68
33 46 99
33 48 76
33 48 106
33 54 61
33 54 114
34 51 59
34 51 108
34 53 70
34 53 113
34 55 75
34 55 97
35 40 74
35 40 108
35 51 70
35 51 110
35 56 72
35 56 112
36 41 61
36 41 113
36 53 75
36 53 104
36 54 66
36 54 99
37 43 67
37 43 109
37 49 69
37 49 105
37 52 71
37 52 107
38 44 64
38 44 101
38 47 73
38 47 102
38 57 63
38 57 111
39 59 78
39 62 81
39 64 83
39 78 100
39 81 102
39 83 97
40 58 79
40 70 92
40 74 84
40 79 108
40 84 96
40 92 112
41 61 77
41 65 89
41 75 93
41 77 103
41 89 113
41 93 99
42 60 82
42 65 77
42 73 85
42 77 98
42 82 111
42 85 103
43 58 84
43 67 80
43 71 94
43 80 96
43 84 109
43 94 105
44 63 95
44 64 81
44 76 87
44 81 114
44 87 101
44 95 102
45 58 80
45 63 87
45 66 79
45 79 96
45 80 101
45 87 104
46 60 77
46 61 90
46 68 86
46 77 99
46 86 98
46 90 106
47 64 95
47 72 83
47 73 82
47 82 110
47 83 102
47 95 111
48 62 88
48 68 90
48 76 81
48 81 100
48 88 106
48 90 114
49 65 85
49 67 94
49 69 89
49 85 105
49 89 103
49 94 107
50 68 88
50 71 84
50 74 86
50 84 112
50 86 106
50 88 109
51 59 83
51 70 91
51 72 92
51 83 110
51 91 97
51 92 108
52 62 78
52 69 94
52 71 88
52 78 107
52 88 100
52 94 109
53 66 93
53 70 79
53 75 91
53 79 104
53 91 108
53 93 113
54 61 93
54 66 87
54 76 90
54 87 114
54 90 99
54 93 104
55 59 91
55 69 78
55 75 89
55 78 97
55 89 107
55 91 113
56 60 86
56 72 82
56 74 92
56 82 98
56 86 112
56 92 110
57 63 80
57 67 85
57 73 95
57 80 105
57 85 111
57 95 101