1 23 65
1 23 124
1 35 77
1 35 107
1 40 82
1 40 119
1 65 98
1 77 103
1 82 86
1 86 107
1 98 119
1 103 124
2 24 64
2 24 123
2 34 72
2 34 106
2 37 81
2 37 114
2 64 97
2 72 100
2 81 87
2 87 106
2 97 114
2 100 123
3 22 67
3 22 125
3 30 75
3 30 109
3 39 83
3 39 117
3 67 93
3 75 102
3 83 85
3 85 109
3 93 117
3 102 125
4 27 66
4 27 121
4 29 76
4 29 108
4 42 79
4 42 118
4 66 92
4 76 105
4 79 90
4 90 108
4 92 118
4 105 121
5 25 68
5 25 120
5 33 73
5 33 110
5 41 78
5 41 115
5 68 96
5 73 104
5 78 88
5 88 110
5 96 115
5 104 120
6 26 70
6 26 122
6 31 74
6 31 112
6 36 80
6 36 116
6 70 94
6 74 99
6 80 89
6 89 112
6 94 116
6 99 122
7 28 69
7 28 126
7 32 71
7 32 111
7 38 84
7 38 113
7 69 95
7 71 101
7 84 91
7 91 111
7 95 113
7 101 126
8 26 75
8 26 112
8 30 79
8 30 117
8 42 70
8 42 121
8 70 89
8 75 93
8 79 105
8 89 117
8 93 121
8 105 112
9 23 74
9 23 107
9 31 78
9 31 116
9 41 65
9 41 120
9 65 86
9 74 94
9 78 104
9 86 116
9 94 120
9 104 107
10 25 76
10 25 110
10 29 81
10 29 118
10 37 68
10 37 123
10 68 88
10 76 92
10 81 100
10 88 118
10 92 123
10 100 110
11 28 72
11 28 111
11 34 80
11 34 114
11 36 69
11 36 122
11 69 91
11 72 97
11 80 99
11 91 114
11 97 122
11 99 111
12 27 71
12 27 108
12 32 82
12 32 113
12 40 66
12 40 124
12 66 90
12 71 95
12 82 103
12 90 113
12 95 124
12 103 108
13 22 73
13 22 109
13 33 84
13 33 115
13 38 67
13 38 126
13 67 85
13 73 96
13 84 101
13 85 115
13 96 126
13 101 109
14 24 77
14 24 106
14 35 83
14 35 119
14 39 64
14 39 125
14 64 87
14 77 98
14 83 102
14 87 119
14 98 125
14 102 106
15 28 84
15 28 114
15 33 68
15 33 126
15 37 72
15 37 110
15 68 100
15 72 91
15 84 96
15 91 126
15 96 110
15 100 114
16 27 79
16 27 113
16 30 67
16 30 121
16 38 71
16 38 109
16 67 101
16 71 90
16 79 93
16 90 121
16 93 109
16 101 113
17 23 82
17 23 116
17 32 69
17 32 124
17 36 74
17 36 111
17 69 99
17 74 86
17 82 95
17 86 124
17 95 111
17 99 116
18 22 83
18 22 115
18 35 65
18 35 125
18 41 73
18 41 107
18 65 104
18 73 85
18 83 98
18 85 125
18 98 107
18 104 115
19 26 80
19 26 117
19 34 64
19 34 122
19 39 75
19 39 106
19 64 102
19 75 89
19 80 97
19 89 122
19 97 106
19 102 117
20 24 81
20 24 119
20 29 66
20 29 123
20 40 77
20 40 108
20 66 103
20 77 87
20 81 92
20 87 123
20 92 108
20 103 119
21 25 78
21 25 118
21 31 70
21 31 120
21 42 76
21 42 112
21 70 105
21 76 88
21 78 94
21 88 120
21 94 112
21 105 118
22 45 83
22 45 109
22 55 67
22 55 115
22 60 73
22 60 125
23 43 82
23 43 107
23 51 65
23 51 116
23 59 74
23 59 124
24 44 81
24 44 106
24 56 64
24 56 119
24 62 77
24 62 123
25 47 78
25 47 110
25 52 68
25 52 118
25 63 76
25 63 120
26 48 80
26 48 112
26 50 70
26 50 117
26 61 75
26 61 122
27 46 79
27 46 108
27 54 66
27 54 113
27 58 71
27 58 121
28 49 84
28 49 111
28 53 69
28 53 114
28 57 72
28 57 126
29 46 66
29 46 118
29 52 76
29 52 123
29 62 81
29 62 108
30 45 67
30 45 117
30 50 75
30 50 121
30 58 79
30 58 109
31 48 70
31 48 116
31 51 74
31 51 120
31 63 78
31 63 112
32 49 69
32 49 113
32 54 71
32 54 124
32 59 82
32 59 111
33 47 68
33 47 115
33 55 73
33 55 126
33 57 84
33 57 110
34 44 64
34 44 114
34 53 72
34 53 122
34 61 80
34 61 106
35 43 65
35 43 119
35 56 77
35 56 125
35 60 83
35 60 107
36 48 74
36 48 122
36 53 80
36 53 111
36 59 69
36 59 116
37 44 72
37 44 123
37 52 81
37 52 110
37 57 68
37 57 114
38 49 71
38 49 126
38 55 84
38 55 109
38 58 67
38 58 113
39 45 75
39 45 125
39 56 83
39 56 106
39 61 64
39 61 117
40 43 77
40 43 124
40 54 82
40 54 108
40 62 66
40 62 119
41 47 73
41 47 120
41 51 78
41 51 107
41 60 65
41 60 115
42 46 76
42 46 121
42 50 79
42 50 112
42 63 70
42 63 118
43 65 86
43 77 98
43 82 103
43 86 124
43 98 107
43 103 119
44 64 87
44 72 97
44 81 100
44 87 123
44 97 106
44 100 114
45 67 85
45 75 93
45 83 102
45 85 125
45 93 109
45 102 117
46 66 90
46 76 92
46 79 105
46 90 121
46 92 108
46 105 118
47 68 88
47 73 96
47 78 104
47 88 120
47 96 110
47 104 115
48 70 89
48 74 94
48 80 99
48 89 122
48 94 112
48 99 116
49 69 91
49 71 95
49 84 101
49 91 126
49 95 111
49 101 113
50 70 105
50 75 89
50 79 93
50 89 112
50 93 117
50 105 121
51 65 104
51 74 86
51 78 94
51 86 107
51 94 116
51 104 120
52 68 100
52 76 88
52 81 92
52 88 110
52 92 118
52 100 123
53 69 99
53 72 91
53 80 97
53 91 111
53 97 114
53 99 122
54 66 103
54 71 90
54 82 95
54 90 108
54 95 113
54 103 124
55 67 101
55 73 85
55 84 96
55 85 109
55 96 115
55 101 126
56 64 102
56 77 87
56 83 98
56 87 106
56 98 119
56 102 125
57 68 96
57 72 100
57 84 91
57 91 114
57 96 126
57 100 110
58 67 93
58 71 101
58 79 90
58 90 113
58 93 121
58 101 109
59 69 95
59 74 99
59 82 86
59 86 116
59 95 124
59 99 111
60 65 98
60 73 104
60 83 85
60 85 115
60 98 125
60 104 107
61 64 97
61 75 102
61 80 89
61 89 117
61 97 122
61 102 106
62 66 92
62 77 103
62 81 87
62 87 119
62 92 123
62 103 108
63 70 94
63 76 105
63 78 88
63 88 118
63 94 120
63 105 112