1 53 88
1 53 138
1 55 76
1 55 149
1 74 85
1 74 149
1 76 138
1 85 115
1 88 95
1 95 115
2 54 87
2 54 137
2 56 75
2 56 150
2 73 86
2 73 150
2 75 137
2 86 116
2 87 96
2 96 116
3 43 88
3 43 160
3 48 104
3 48 134
3 85 94
3 85 114
3 88 109
3 94 109
3 104 114
3 134 160
4 44 87
4 44 159
4 47 103
4 47 133
4 86 93
4 86 113
4 87 110
4 93 110
4 103 113
4 133 159
5 43 63
5 43 164
5 48 75
5 48 166
5 63 166
5 65 73
5 65 164
5 73 128
5 75 151
5 128 151
6 44 64
6 44 163
6 47 76
6 47 165
6 64 165
6 66 74
6 66 163
6 74 127
6 76 152
6 127 152
7 53 135
7 53 148
7 55 133
7 55 152
7 113 130
7 113 167
7 130 165
7 133 165
7 135 152
7 148 167
8 54 136
8 54 147
8 56 134
8 56 151
8 114 129
8 114 168
8 129 166
8 134 166
8 136 151
8 147 168
9 64 96
9 64 159
9 66 99
9 66 168
9 96 110
9 99 159
9 110 136
9 117 137
9 117 168
9 136 137
10 63 95
10 63 160
10 65 100
10 65 167
10 95 109
10 100 160
10 109 135
10 118 138
10 118 167
10 135 138
11 94 115
11 94 127
11 99 149
11 99 163
11 104 117
11 104 129
11 115 129
11 117 147
11 127 149
11 147 163
12 93 116
12 93 128
12 100 150
12 100 164
12 103 118
12 103 130
12 116 130
12 118 148
12 128 150
12 148 164
13 23 87
13 23 188
13 25 33
13 25 194
13 33 188
13 38 75
13 38 194
13 59 75
13 59 142
13 87 142
14 24 88
14 24 187
14 26 34
14 26 193
14 34 187
14 37 76
14 37 193
14 60 76
14 60 141
14 88 141
15 33 74
15 33 195
15 38 81
15 38 124
15 74 206
15 81 195
15 84 95
15 84 206
15 95 204
15 124 204
16 34 73
16 34 196
16 37 82
16 37 123
16 73 205
16 82 196
16 83 96
16 83 205
16 96 203
16 123 203
17 24 91
17 24 156
17 26 86
17 26 196
17 56 78
17 56 201
17 78 205
17 86 205
17 91 196
17 156 201
18 23 92
18 23 155
18 25 85
18 25 195
18 55 77
18 55 202
18 77 206
18 85 206
18 92 195
18 155 202
19 54 92
19 54 142
19 62 188
19 62 202
19 83 116
19 83 142
19 92 188
19 116 144
19 123 144
19 123 202
20 53 91
20 53 141
20 61 187
20 61 201
20 84 115
20 84 141
20 91 187
20 115 143
20 124 143
20 124 201
21 60 77
21 60 138
21 62 149
21 62 155
21 77 149
21 82 138
21 82 193
21 144 193
21 144 203
21 155 203
22 59 78
22 59 137
22 61 150
22 61 156
22 78 150
22 81 137
22 81 194
22 143 194
22 143 204
22 156 204
23 50 133
23 50 169
23 87 169
23 92 188
23 133 171
23 155 171
24 49 134
24 49 170
24 88 170
24 91 187
24 134 172
24 156 172
25 33 195
25 35 48
25 35 194
25 48 182
25 85 107
25 107 182
26 34 196
26 36 47
26 36 193
26 47 181
26 86 108
26 108 181
27 34 43
27 34 187
27 36 52
27 36 175
27 43 170
27 52 187
27 90 94
27 90 170
27 94 173
27 173 175
28 33 44
28 33 188
28 35 51
28 35 176
28 44 169
28 51 188
28 89 93
28 89 169
28 93 174
28 174 176
29 89 108
29 89 110
29 91 113
29 91 196
29 106 110
29 106 176
29 108 113
29 172 176
29 172 180
29 180 196
30 90 107
30 90 109
30 92 114
30 92 195
30 105 109
30 105 175
30 107 114
30 171 175
30 171 179
30 179 195
31 49 160
31 49 182
31 51 104
31 51 194
31 104 182
31 106 174
31 106 194
31 156 174
31 156 180
31 160 180
32 50 159
32 50 181
32 52 103
32 52 193
32 103 181
32 105 173
32 105 193
32 155 173
32 155 179
32 159 179
33 44 69
33 69 186
33 74 186
34 43 70
34 70 185
34 73 185
35 48 210
35 51 194
35 80 128
35 80 210
35 128 211
35 176 211
36 47 209
36 52 193
36 79 127
36 79 209
36 127 212
36 175 212
37 46 64
37 46 209
37 64 207
37 76 209
37 82 193
37 123 207
38 45 63
38 45 210
38 63 208
38 75 210
38 81 194
38 124 208
39 45 70
39 45 166
39 52 164
39 52 187
39 70 164
39 72 124
39 72 166
39 124 212
39 184 187
39 184 212
40 46 69
40 46 165
40 51 163
40 51 188
40 69 163
40 71 123
40 71 165
40 123 211
40 183 188
40 183 211
41 66 81
41 66 186
41 72 195
41 72 208
41 79 152
41 79 186
41 81 195
41 152 184
41 175 184
41 175 208
42 65 82
42 65 185
42 71 196
42 71 207
42 80 151
42 80 185
42 82 196
42 151 183
42 176 183
42 176 207
43 63 160
43 70 164
43 88 170
44 64 159
44 69 163
44 87 169
45 63 166
45 70 162
45 132 142
45 132 210
45 142 197
45 162 197
46 64 165
46 69 161
46 131 141
46 131 209
46 141 198
46 161 198
47 76 209
47 103 181
47 133 165
48 75 210
48 104 182
48 134 166
49 60 131
49 60 191
49 131 170
49 134 160
49 161 182
49 161 191
50 59 132
50 59 192
50 132 169
50 133 159
50 162 181
50 162 192
51 104 198
51 163 191
51 191 198
52 103 197
52 164 192
52 192 197
53 88 141
53 91 190
53 135 138
53 148 190
54 87 142
54 92 189
54 136 137
54 147 189
55 76 152
55 77 149
55 133 157
55 157 202
56 75 151
56 78 150
56 134 158
56 158 201
57 131 158
57 131 170
57 136 151
57 136 172
57 145 153
57 145 189
57 151 183
57 153 170
57 158 172
57 183 189
58 132 157
58 132 169
58 135 152
58 135 171
58 146 154
58 146 190
58 152 184
58 154 169
58 157 171
58 184 190
59 75 137
59 78 146
59 132 142
59 146 192
60 76 138
60 77 145
60 131 141
60 145 191
61 148 184
61 148 192
61 150 154
61 154 192
61 156 201
61 184 187
62 147 183
62 147 191
62 149 153
62 153 191
62 155 202
62 183 188
63 95 119
63 119 208
64 96 120
64 120 207
65 73 185
65 82 216
65 100 164
65 167 216
66 74 186
66 81 215
66 99 163
66 168 215
67 97 120
67 97 205
67 99 159
67 99 203
67 120 203
67 122 162
67 122 205
67 159 179
67 162 215
67 179 215
68 98 119
68 98 206
68 100 160
68 100 204
68 119 204
68 121 161
68 121 206
68 160 180
68 161 216
68 180 216
69 84 98
69 84 199
69 98 186
69 161 199
70 83 97
70 83 200
70 97 185
70 162 200
71 121 165
71 121 199
71 123 207
71 167 180
71 167 199
71 180 196
72 122 166
72 122 200
72 124 208
72 168 179
72 168 200
72 179 195
73 86 205
73 128 150
74 85 206
74 127 149
77 125 182
77 125 206
77 145 216
77 182 216
78 126 181
78 126 205
78 146 215
78 181 215
79 108 126
79 108 213
79 126 209
79 127 152
79 146 186
79 146 213
80 107 125
80 107 214
80 125 210
80 128 151
80 145 185
80 145 214
81 137 213
81 213 215
82 138 214
82 214 216
83 96 116
83 97 205
83 111 142
83 111 200
84 95 115
84 98 206
84 112 141
84 112 199
85 94 115
85 107 114
86 93 116
86 108 113
87 96 110
88 95 109
89 93 110
89 98 169
89 98 186
89 108 112
89 112 190
89 186 190
90 94 109
90 97 170
90 97 185
90 107 111
90 111 189
90 185 189
91 113 199
91 190 199
92 114 200
92 189 200
93 128 178
93 174 178
94 127 177
94 173 177
95 119 204
96 120 203
97 120 177
97 153 170
97 153 177
98 119 178
98 154 169
98 154 178
99 149 153
99 153 173
99 173 203
100 150 154
100 154 174
100 174 204
101 112 140
101 112 198
101 115 129
101 115 143
101 126 177
101 126 209
101 129 212
101 140 209
101 143 198
101 177 212
102 111 139
102 111 197
102 116 130
102 116 144
102 125 178
102 125 210
102 130 211
102 139 210
102 144 197
102 178 211
103 113 130
103 118 197
104 114 129
104 117 198
105 109 139
105 118 144
105 118 214
105 139 214
105 144 193
105 173 175
106 110 140
106 117 143
106 117 213
106 140 213
106 143 194
106 174 176
107 111 214
107 125 182
108 112 213
108 126 181
109 135 139
110 136 140
111 139 214
111 142 197
111 189 200
112 140 213
112 141 198
112 190 199
113 167 199
114 168 200
117 137 213
117 143 198
117 147 168
118 138 214
118 144 197
118 148 167
119 132 139
119 132 157
119 139 208
119 157 178
120 131 140
120 131 158
120 140 207
120 158 177
121 125 157
121 125 206
121 130 165
121 130 202
121 157 202
121 161 199
122 126 158
122 126 205
122 129 166
122 129 201
122 158 201
122 162 200
123 144 203
123 202 211
124 143 204
124 201 212
125 157 178
126 158 177
127 177 212
128 178 211
129 201 212
130 202 211
131 140 209
132 139 210
133 157 171
134 158 172
135 139 208
135 171 208
136 140 207
136 172 207
145 153 191
145 185 189
145 214 216
146 154 192
146 186 190
146 213 215
147 163 191
147 183 189
148 164 192
148 184 190
153 173 177
154 174 178
155 171 179
155 173 203
156 172 180
156 174 204
161 182 216
161 191 198
162 181 215
162 192 197
167 180 216
168 179 215
171 175 208
172 176 207
175 184 212
176 183 211