1 76 408
1 76 485
1 160 227
1 160 306
1 171 227
1 171 408
1 306 363
1 363 485
2 108 250
2 108 285
2 132 423
2 132 460
2 167 285
2 167 460
2 250 371
2 371 423
3 59 361
3 59 422
3 125 169
3 125 284
3 169 456
3 240 284
3 240 361
3 422 456
4 73 204
4 73 299
4 157 336
4 157 413
4 204 248
4 248 413
4 299 458
4 336 458
5 57 164
5 57 223
5 123 368
5 123 481
5 164 412
5 223 298
5 298 368
5 412 481
6 104 334
6 104 453
6 128 202
6 128 237
6 202 301
6 237 403
6 301 453
6 334 403
7 82 414
7 82 473
7 148 233
7 148 294
7 177 233
7 177 414
7 294 369
7 369 473
8 96 238
8 96 273
8 138 429
8 138 466
8 173 273
8 173 466
8 238 377
8 377 429
9 65 367
9 65 428
9 113 175
9 113 272
9 175 462
9 246 272
9 246 367
9 428 462
10 79 210
10 79 305
10 145 342
10 145 401
10 210 236
10 236 401
10 305 464
10 342 464
11 63 170
11 63 229
11 111 374
11 111 469
11 170 400
11 229 304
11 304 374
11 400 469
12 92 340
12 92 459
12 134 208
12 134 243
12 208 289
12 243 409
12 289 459
12 340 409
13 88 402
13 88 479
13 154 221
13 154 300
13 165 221
13 165 402
13 300 375
13 375 479
14 102 244
14 102 279
14 144 417
14 144 454
14 179 279
14 179 454
14 244 365
14 365 417
15 71 373
15 71 416
15 119 163
15 119 278
15 163 468
15 252 278
15 252 373
15 416 468
16 85 216
16 85 293
16 151 330
16 151 407
16 216 242
16 242 407
16 293 452
16 330 452
17 69 176
17 69 217
17 117 362
17 117 475
17 176 406
17 217 292
17 292 362
17 406 475
18 98 328
18 98 465
18 140 214
18 140 249
18 214 295
18 249 397
18 295 465
18 328 397
19 94 426
19 94 449
19 124 245
19 124 324
19 189 245
19 189 426
19 324 327
19 327 449
20 72 268
20 72 303
20 150 387
20 150 478
20 185 303
20 185 478
20 268 335
20 335 387
21 77 325
21 77 386
21 143 187
21 143 302
21 187 474
21 258 302
21 258 325
21 386 474
22 91 168
22 91 317
22 121 354
22 121 431
22 168 266
22 266 431
22 317 476
22 354 476
23 75 182
23 75 241
23 141 332
23 141 445
23 182 430
23 241 316
23 316 332
23 430 445
24 68 352
24 68 471
24 146 166
24 146 255
24 166 319
24 255 421
24 319 471
24 352 421
25 100 432
25 100 437
25 112 251
25 112 312
25 195 251
25 195 432
25 312 333
25 333 437
26 60 256
26 60 291
26 156 393
26 156 484
26 191 291
26 191 484
26 256 341
26 341 393
27 83 331
27 83 392
27 131 193
27 131 290
27 193 480
27 264 290
27 264 331
27 392 480
28 97 174
28 97 323
28 109 360
28 109 419
28 174 254
28 254 419
28 323 482
28 360 482
29 81 188
29 81 247
29 129 338
29 129 433
29 188 418
29 247 322
29 322 338
29 418 433
30 56 358
30 56 477
30 152 172
30 152 261
30 172 307
30 261 427
30 307 477
30 358 427
31 106 420
31 106 443
31 118 239
31 118 318
31 183 239
31 183 420
31 318 339
31 339 443
32 66 262
32 66 297
32 162 381
32 162 472
32 197 297
32 197 472
32 262 329
32 329 381
33 89 337
33 89 380
33 137 181
33 137 296
33 181 486
33 270 296
33 270 337
33 380 486
34 103 180
34 103 311
34 115 348
34 115 425
34 180 260
34 260 425
34 311 470
34 348 470
35 87 194
35 87 235
35 135 326
35 135 439
35 194 424
35 235 310
35 310 326
35 424 439
36 62 346
36 62 483
36 158 178
36 158 267
36 178 313
36 267 415
36 313 483
36 346 415
37 58 390
37 58 467
37 142 263
37 142 288
37 207 263
37 207 390
37 288 345
37 345 467
38 90 232
38 90 321
38 114 405
38 114 442
38 203 321
38 203 442
38 232 353
38 353 405
39 95 343
39 95 404
39 161 205
39 161 320
39 205 438
39 222 320
39 222 343
39 404 438
40 55 186
40 55 281
40 139 372
40 139 395
40 186 230
40 230 395
40 281 440
40 372 440
41 93 200
41 93 259
41 159 350
41 159 463
41 200 394
41 259 280
41 280 350
41 394 463
42 86 370
42 86 435
42 110 184
42 110 219
42 184 283
42 219 385
42 283 435
42 370 385
43 64 396
43 64 455
43 130 269
43 130 276
43 213 269
43 213 396
43 276 351
43 351 455
44 78 220
44 78 309
44 120 411
44 120 448
44 209 309
44 209 448
44 220 359
44 359 411
45 101 349
45 101 410
45 149 211
45 149 308
45 211 444
45 228 308
45 228 349
45 410 444
46 61 192
46 61 287
46 127 378
46 127 383
46 192 218
46 218 383
46 287 446
46 378 446
47 99 206
47 99 265
47 147 356
47 147 451
47 206 382
47 265 286
47 286 356
47 382 451
48 74 376
48 74 441
48 116 190
48 116 225
48 190 271
48 225 391
48 271 441
48 376 391
49 70 384
49 70 461
49 136 257
49 136 282
49 201 257
49 201 384
49 282 357
49 357 461
50 84 226
50 84 315
50 126 399
50 126 436
50 215 315
50 215 436
50 226 347
50 347 399
51 107 355
51 107 398
51 155 199
51 155 314
51 199 450
51 234 314
51 234 355
51 398 450
52 67 198
52 67 275
52 133 366
52 133 389
52 198 224
52 224 389
52 275 434
52 366 434
53 105 212
53 105 253
53 153 344
53 153 457
53 212 388
53 253 274
53 274 344
53 388 457
54 80 364
54 80 447
54 122 196
54 122 231
54 196 277
54 231 379
54 277 447
54 364 379
55 130 365
55 130 462
55 186 417
55 225 281
55 225 462
55 365 417
56 162 165
56 162 304
56 165 221
56 221 358
56 304 425
56 425 477
57 113 415
57 113 476
57 164 294
57 223 354
57 294 415
57 354 476
58 127 197
58 127 258
58 197 356
58 258 302
58 302 467
58 356 390
59 111 218
59 111 277
59 196 277
59 196 422
59 218 466
59 361 466
60 158 351
60 158 388
60 181 256
60 181 351
60 291 457
60 388 457
61 136 371
61 136 468
61 192 423
61 231 287
61 231 468
61 371 423
62 150 171
62 150 292
62 171 227
62 227 346
62 292 431
62 431 483
63 119 421
63 119 482
63 170 300
63 229 360
63 300 421
63 360 482
64 133 185
64 133 264
64 185 344
64 264 290
64 290 455
64 344 396
65 117 224
65 117 283
65 184 283
65 184 428
65 224 454
65 367 454
66 146 357
66 146 394
66 187 262
66 187 357
66 297 463
66 394 463
67 142 377
67 142 456
67 198 429
67 219 275
67 219 456
67 377 429
68 156 177
68 156 298
68 177 233
68 233 352
68 298 419
68 419 471
69 125 427
69 125 470
69 176 306
69 217 348
69 306 427
69 348 470
70 139 191
70 139 270
70 191 350
70 270 296
70 296 461
70 350 384
71 123 230
71 123 271
71 190 271
71 190 416
71 230 460
71 373 460
72 152 345
72 152 382
72 193 268
72 193 345
72 303 451
72 382 451
73 148 329
73 148 480
73 204 381
73 243 299
73 243 480
73 329 381
74 126 183
74 126 322
74 183 239
74 239 376
74 322 389
74 389 441
75 131 379
75 131 440
75 182 312
75 241 372
75 312 379
75 372 440
76 145 215
76 145 222
76 215 374
76 222 320
76 320 485
76 374 408
77 129 236
77 129 295
77 214 295
77 214 386
77 236 484
77 325 484
78 122 369
78 122 406
78 199 220
78 199 369
78 309 475
78 406 475
79 154 335
79 154 486
79 210 387
79 249 305
79 249 486
79 335 387
80 114 189
80 114 310
80 189 245
80 245 364
80 310 395
80 395 447
81 137 385
81 137 446
81 188 318
81 247 378
81 318 385
81 378 446
82 151 203
82 151 228
82 203 362
82 228 308
82 308 473
82 362 414
83 135 242
83 135 301
83 202 301
83 202 392
83 242 472
83 331 472
84 110 375
84 110 412
84 205 226
84 205 375
84 315 481
84 412 481
85 160 341
85 160 474
85 216 393
85 237 293
85 237 474
85 341 393
86 120 195
86 120 316
86 195 251
86 251 370
86 316 383
86 383 435
87 143 391
87 143 434
87 194 324
87 235 366
87 324 391
87 366 434
88 157 209
88 157 234
88 209 368
88 234 314
88 314 479
88 368 402
89 141 248
89 141 289
89 208 289
89 208 380
89 248 478
89 337 478
90 116 363
90 116 400
90 211 232
90 211 363
90 321 469
90 400 469
91 112 347
91 112 444
91 168 399
91 261 317
91 261 444
91 347 399
92 144 201
92 144 286
92 201 257
92 257 340
92 286 407
92 407 459
93 149 397
93 149 458
93 200 276
93 259 336
93 276 397
93 336 458
94 109 179
94 109 240
94 179 338
94 240 284
94 284 449
94 338 426
95 147 254
95 147 313
95 178 313
95 178 404
95 254 448
95 343 448
96 140 333
96 140 424
96 163 238
96 163 333
96 273 439
96 424 439
97 118 353
97 118 450
97 174 405
97 267 323
97 267 450
97 353 405
98 132 207
98 132 274
98 207 263
98 263 328
98 274 413
98 413 465
99 155 403
99 155 464
99 206 282
99 265 342
99 282 403
99 342 464
100 115 167
100 115 246
100 167 326
100 246 272
100 272 437
100 326 432
101 153 260
101 153 319
101 166 319
101 166 410
101 260 436
101 349 436
102 128 339
102 128 430
102 169 244
102 169 339
102 279 445
102 430 445
103 124 359
103 124 438
103 180 411
103 255 311
103 255 438
103 359 411
104 138 213
104 138 280
104 213 269
104 269 334
104 280 401
104 401 453
105 161 409
105 161 452
105 212 288
105 253 330
105 288 409
105 330 452
106 121 173
106 121 252
106 173 332
106 252 278
106 278 443
106 332 420
107 159 266
107 159 307
107 172 307
107 172 398
107 266 442
107 355 442
108 134 327
108 134 418
108 175 250
108 175 327
108 285 433
108 418 433
109 179 279
109 240 471
109 279 360
109 419 471
110 184 479
110 219 275
110 275 412
110 375 479
111 192 218
111 192 469
111 277 408
111 374 408
112 182 312
112 182 347
112 251 410
112 410 444
113 175 250
113 250 476
113 272 346
113 346 415
114 189 355
114 235 310
114 235 405
114 355 442
115 167 285
115 246 477
115 285 348
115 425 477
116 190 485
116 225 281
116 281 400
116 363 485
117 198 224
117 198 475
117 283 414
117 362 414
118 188 318
118 188 353
118 239 398
118 398 450
119 163 238
119 238 482
119 278 352
119 352 421
120 195 343
120 241 316
120 241 411
120 343 448
121 173 273
121 252 483
121 273 354
121 431 483
122 196 473
122 231 287
122 287 406
122 369 473
123 186 230
123 186 481
123 271 402
123 368 402
124 194 324
124 194 359
124 245 404
124 404 438
125 169 244
125 244 470
125 284 358
125 358 427
126 183 349
126 247 322
126 247 399
126 349 436
127 197 297
127 258 435
127 297 378
127 383 435
128 202 443
128 237 293
128 293 430
128 339 443
129 210 236
129 210 433
129 295 426
129 338 426
130 200 276
130 200 365
130 269 428
130 428 462
131 193 268
131 268 440
131 290 364
131 364 379
132 207 373
132 253 274
132 253 423
132 373 460
133 185 303
133 264 441
133 303 366
133 389 441
134 208 449
134 243 299
134 299 418
134 327 449
135 216 242
135 216 439
135 301 432
135 326 432
136 206 282
136 206 371
136 257 416
136 416 468
137 181 256
137 256 446
137 296 370
137 370 385
138 213 361
138 259 280
138 259 429
138 361 466
139 191 291
139 270 447
139 291 372
139 395 447
140 214 437
140 249 305
140 305 424
140 333 437
141 204 248
141 204 445
141 289 420
141 332 420
142 212 288
142 212 377
142 263 422
142 422 456
143 187 262
143 262 434
143 302 376
143 376 391
144 201 367
144 265 286
144 265 417
144 367 454
145 215 315
145 222 453
145 315 342
145 401 453
146 166 461
146 255 311
146 311 394
146 357 461
147 174 254
147 174 451
147 313 390
147 356 390
148 164 294
148 164 329
148 233 392
148 392 480
149 211 232
149 232 458
149 308 328
149 328 397
150 171 337
150 217 292
150 217 387
150 337 478
151 203 321
151 228 459
151 321 330
151 407 459
152 172 467
152 261 317
152 317 382
152 345 467
153 180 260
153 180 457
153 319 396
153 344 396
154 170 300
154 170 335
154 221 380
154 380 486
155 199 220
155 220 464
155 314 334
155 334 403
156 177 325
156 223 298
156 223 393
156 325 484
157 209 309
157 234 465
157 309 336
157 413 465
158 178 455
158 267 323
158 323 388
158 351 455
159 168 266
159 168 463
159 307 384
159 350 384
160 176 306
160 176 341
160 227 386
160 386 474
161 205 226
161 226 452
161 320 340
161 340 409
162 165 331
162 229 304
162 229 381
162 331 472
163 322 389
163 322 468
163 333 389
164 270 412
164 270 447
164 329 447
165 287 331
165 287 446
165 402 446
166 235 366
166 235 461
166 366 410
167 219 326
167 219 385
167 385 460
168 290 364
168 290 399
168 364 463
169 310 395
169 310 456
169 339 395
170 258 400
170 258 435
170 335 435
171 275 337
171 275 434
171 408 434
172 241 372
172 241 467
172 372 398
173 225 332
173 225 391
173 391 466
174 296 370
174 296 405
174 370 451
175 316 383
175 316 462
175 327 383
176 264 406
176 264 441
176 341 441
177 281 325
177 281 440
177 414 440
178 247 378
178 247 455
178 378 404
179 231 338
179 231 379
179 379 454
180 302 376
180 302 411
180 376 457
181 286 407
181 286 486
181 351 407
182 234 430
182 234 465
182 347 465
183 305 349
183 305 464
183 420 464
184 253 330
184 253 479
184 330 428
185 237 344
185 237 403
185 403 478
186 308 328
186 308 417
186 328 481
187 274 413
187 274 474
187 357 413
188 222 418
188 222 453
188 353 453
189 293 355
189 293 452
189 426 452
190 259 336
190 259 485
190 336 416
191 243 350
191 243 409
191 409 484
192 314 334
192 314 423
192 334 469
193 280 401
193 280 480
193 345 401
194 228 424
194 228 459
194 359 459
195 299 343
195 299 458
195 432 458
196 265 342
196 265 473
196 342 422
197 249 356
197 249 397
197 397 472
198 320 340
198 320 429
198 340 475
199 304 425
199 304 450
199 369 425
200 252 394
200 252 483
200 365 483
201 323 367
201 323 482
201 384 482
202 217 348
202 217 443
202 348 392
203 255 362
203 255 421
203 421 442
204 272 346
204 272 381
204 346 445
205 292 431
205 292 438
205 375 431
206 240 382
206 240 471
206 371 471
207 311 373
207 311 470
207 390 470
208 223 354
208 223 449
208 354 380
209 261 368
209 261 427
209 427 448
210 278 352
210 278 387
210 352 433
211 298 419
211 298 444
211 363 419
212 246 388
212 246 477
212 377 477
213 317 361
213 317 476
213 396 476
214 229 360
214 229 437
214 360 386
215 267 374
215 267 415
215 415 436
216 284 358
216 284 393
216 358 439
217 387 443
218 324 327
218 324 466
218 327 383
219 326 456
220 289 359
220 289 420
220 420 464
221 273 380
221 273 439
221 358 439
222 343 418
223 393 449
224 312 333
224 312 454
224 333 389
225 332 462
226 295 347
226 295 426
226 426 452
227 279 386
227 279 445
227 346 445
228 349 424
229 381 437
230 318 339
230 318 460
230 339 395
231 338 468
232 301 353
232 301 432
232 432 458
233 285 392
233 285 433
233 352 433
234 355 430
235 405 461
236 288 345
236 288 484
236 345 401
237 344 474
238 307 377
238 307 384
238 384 482
239 291 398
239 291 457
239 376 457
240 361 382
241 411 467
242 276 351
242 276 472
242 351 407
243 350 480
244 313 365
244 313 390
244 390 470
245 297 404
245 297 463
245 364 463
246 367 388
247 399 455
248 282 357
248 282 478
248 357 413
249 356 486
250 319 371
250 319 396
250 396 476
251 303 410
251 303 451
251 370 451
252 373 394
253 423 479
254 306 363
254 306 448
254 363 419
255 362 438
256 271 341
256 271 402
256 402 446
257 309 416
257 309 475
257 340 475
258 325 400
259 429 485
260 294 369
260 294 436
260 369 425
261 368 444
262 277 329
262 277 408
262 408 434
263 315 422
263 315 481
263 328 481
264 331 406
265 417 473
266 300 375
266 300 442
266 375 431
267 374 450
268 283 335
268 283 414
268 414 440
269 321 428
269 321 469
269 334 469
270 337 412
271 341 441
272 381 437
273 354 380
274 344 474
275 337 412
276 397 472
277 329 447
278 387 443
279 360 386
280 350 480
281 325 400
282 403 478
283 335 435
284 393 449
285 348 392
286 356 486
287 331 406
288 409 484
289 359 459
290 399 455
291 372 398
292 362 438
293 355 430
294 415 436
295 347 465
296 405 461
297 378 404
298 368 444
299 343 418
300 421 442
301 353 453
302 411 467
303 366 410
304 374 450
305 349 424
306 427 448
307 377 477
308 417 473
309 336 416
310 326 456
311 373 394
312 379 454
313 365 483
314 423 479
315 342 422
316 332 462
317 361 382
318 385 460
319 371 471
320 429 485
321 330 428
322 338 468
323 367 388
324 391 466