1 30 86
1 30 152
1 47 103
1 47 147
1 56 112
1 56 163
1 86 126
1 103 128
1 112 117
1 117 152
1 126 147
1 128 163
2 31 85
2 31 151
2 44 102
2 44 142
2 55 107
2 55 162
2 85 125
2 102 129
2 107 114
2 114 151
2 125 142
2 129 162
3 29 88
3 29 153
3 46 104
3 46 145
3 51 110
3 51 165
3 88 121
3 104 127
3 110 116
3 116 153
3 121 145
3 127 165
4 34 87
4 34 149
4 49 100
4 49 146
4 50 111
4 50 164
4 87 120
4 100 132
4 111 119
4 119 149
4 120 146
4 132 164
5 32 89
5 32 148
5 48 99
5 48 143
5 54 108
5 54 166
5 89 124
5 99 130
5 108 118
5 118 148
5 124 143
5 130 166
6 33 91
6 33 150
6 43 101
6 43 144
6 52 109
6 52 168
6 91 122
6 101 131
6 109 113
6 113 150
6 122 144
6 131 168
7 35 90
7 35 154
7 45 105
7 45 141
7 53 106
7 53 167
7 90 123
7 105 133
7 106 115
7 115 154
7 123 141
7 133 167
8 35 105
8 35 156
8 40 110
8 40 154
8 51 93
8 51 145
8 93 133
8 105 138
8 110 121
8 121 156
8 133 154
8 138 145
9 34 100
9 34 155
9 37 109
9 37 149
9 52 92
9 52 144
9 92 132
9 100 135
9 109 122
9 122 155
9 132 149
9 135 144
10 30 103
10 30 158
10 39 111
10 39 152
10 50 95
10 50 146
10 95 128
10 103 137
10 111 120
10 120 158
10 128 152
10 137 146
11 29 104
11 29 157
11 42 107
11 42 153
11 55 94
11 55 142
11 94 127
11 104 140
11 107 125
11 125 157
11 127 153
11 140 142
12 33 101
12 33 159
12 41 106
12 41 150
12 53 96
12 53 141
12 96 131
12 101 139
12 106 123
12 123 159
12 131 150
12 139 141
13 31 102
13 31 161
13 36 108
13 36 151
13 54 98
13 54 143
13 98 129
13 102 134
13 108 124
13 124 161
13 129 151
13 134 143
14 32 99
14 32 160
14 38 112
14 38 148
14 56 97
14 56 147
14 97 130
14 99 136
14 112 126
14 126 160
14 130 148
14 136 147
15 37 100
15 37 166
15 49 98
15 49 149
15 54 89
15 54 161
15 89 135
15 98 124
15 100 119
15 119 161
15 124 166
15 135 149
16 38 99
16 38 165
16 48 93
16 48 148
16 51 88
16 51 156
16 88 136
16 93 121
16 99 118
16 118 156
16 121 165
16 136 148
17 36 102
17 36 167
17 44 96
17 44 151
17 53 90
17 53 159
17 90 134
17 96 123
17 102 114
17 114 159
17 123 167
17 134 151
18 41 101
18 41 163
18 43 97
18 43 150
18 56 86
18 56 160
18 86 139
18 97 126
18 101 113
18 113 160
18 126 163
18 139 150
19 39 103
19 39 162
19 47 94
19 47 152
19 55 85
19 55 157
19 85 137
19 94 125
19 103 117
19 117 157
19 125 162
19 137 152
20 40 105
20 40 164
20 45 95
20 45 154
20 50 87
20 50 158
20 87 138
20 95 120
20 105 115
20 115 158
20 120 164
20 138 154
21 42 104
21 42 168
21 46 92
21 46 153
21 52 91
21 52 155
21 91 140
21 92 122
21 104 116
21 116 155
21 122 168
21 140 153
22 33 96
22 33 168
22 42 91
22 42 142
22 44 107
22 44 159
22 91 131
22 96 114
22 107 140
22 114 142
22 131 159
22 140 168
23 30 95
23 30 163
23 41 86
23 41 141
23 45 106
23 45 158
23 86 128
23 95 115
23 106 139
23 115 141
23 128 158
23 139 163
24 32 97
24 32 166
24 37 89
24 37 144
24 43 109
24 43 160
24 89 130
24 97 113
24 109 135
24 113 144
24 130 160
24 135 166
25 35 93
25 35 167
25 36 90
25 36 143
25 48 108
25 48 156
25 90 133
25 93 118
25 108 134
25 118 143
25 133 156
25 134 167
26 34 92
26 34 164
26 40 87
26 40 145
26 46 110
26 46 155
26 87 132
26 92 116
26 110 138
26 116 145
26 132 155
26 138 164
27 29 94
27 29 165
27 38 88
27 38 147
27 47 112
27 47 157
27 88 127
27 94 117
27 112 136
27 117 147
27 127 157
27 136 165
28 31 98
28 31 162
28 39 85
28 39 146
28 49 111
28 49 161
28 85 129
28 98 119
28 111 137
28 119 146
28 129 161
28 137 162
29 60 94
29 60 153
29 66 104
29 66 165
29 76 88
29 76 157
30 59 95
30 59 152
30 64 103
30 64 163
30 72 86
30 72 158
31 62 98
31 62 151
31 65 102
31 65 162
31 77 85
31 77 161
32 63 97
32 63 148
32 68 99
32 68 166
32 73 89
32 73 160
33 61 96
33 61 150
33 69 101
33 69 168
33 71 91
33 71 159
34 58 92
34 58 149
34 67 100
34 67 164
34 75 87
34 75 155
35 57 93
35 57 154
35 70 105
35 70 167
35 74 90
35 74 156
36 62 102
36 62 143
36 74 108
36 74 167
36 80 90
36 80 151
37 58 100
37 58 144
37 73 109
37 73 166
37 78 89
37 78 149
38 63 99
38 63 147
38 76 112
38 76 165
38 79 88
38 79 148
39 59 103
39 59 146
39 77 111
39 77 162
39 82 85
39 82 152
40 57 105
40 57 145
40 75 110
40 75 164
40 83 87
40 83 154
41 61 101
41 61 141
41 72 106
41 72 163
41 81 86
41 81 150
42 60 104
42 60 142
42 71 107
42 71 168
42 84 91
42 84 153
43 69 109
43 69 150
43 73 97
43 73 144
43 81 101
43 81 160
44 65 107
44 65 151
44 71 96
44 71 142
44 80 102
44 80 159
45 70 106
45 70 154
45 72 95
45 72 141
45 83 105
45 83 158
46 66 110
46 66 153
46 75 92
46 75 145
46 84 104
46 84 155
47 64 112
47 64 152
47 76 94
47 76 147
47 82 103
47 82 157
48 68 108
48 68 148
48 74 93
48 74 143
48 79 99
48 79 156
49 67 111
49 67 149
49 77 98
49 77 146
49 78 100
49 78 161
50 59 111
50 59 158
50 67 87
50 67 146
50 83 95
50 83 164
51 57 110
51 57 156
51 66 88
51 66 145
51 79 93
51 79 165
52 58 109
52 58 155
52 69 91
52 69 144
52 84 92
52 84 168
53 61 106
53 61 159
53 70 90
53 70 141
53 80 96
53 80 167
54 62 108
54 62 161
54 68 89
54 68 143
54 78 98
54 78 166
55 60 107
55 60 157
55 65 85
55 65 142
55 82 94
55 82 162
56 63 112
56 63 160
56 64 86
56 64 147
56 81 97
56 81 163
57 93 121
57 105 133
57 110 138
57 121 145
57 133 156
57 138 154
58 92 122
58 100 132
58 109 135
58 122 144
58 132 155
58 135 149
59 95 120
59 103 128
59 111 137
59 120 146
59 128 158
59 137 152
60 94 125
60 104 127
60 107 140
60 125 142
60 127 157
60 140 153
61 96 123
61 101 131
61 106 139
61 123 141
61 131 159
61 139 150
62 98 124
62 102 129
62 108 134
62 124 143
62 129 161
62 134 151
63 97 126
63 99 130
63 112 136
63 126 147
63 130 160
63 136 148
64 86 128
64 103 117
64 112 126
64 117 147
64 126 163
64 128 152
65 85 129
65 102 114
65 107 125
65 114 142
65 125 162
65 129 151
66 88 127
66 104 116
66 110 121
66 116 145
66 121 165
66 127 153
67 87 132
67 100 119
67 111 120
67 119 146
67 120 164
67 132 149
68 89 130
68 99 118
68 108 124
68 118 143
68 124 166
68 130 148
69 91 131
69 101 113
69 109 122
69 113 144
69 122 168
69 131 150
70 90 133
70 105 115
70 106 123
70 115 141
70 123 167
70 133 154
71 91 140
71 96 131
71 107 114
71 114 159
71 131 168
71 140 142
72 86 139
72 95 128
72 106 115
72 115 158
72 128 163
72 139 141
73 89 135
73 97 130
73 109 113
73 113 160
73 130 166
73 135 144
74 90 134
74 93 133
74 108 118
74 118 156
74 133 167
74 134 143
75 87 138
75 92 132
75 110 116
75 116 155
75 132 164
75 138 145
76 88 136
76 94 127
76 112 117
76 117 157
76 127 165
76 136 147
77 85 137
77 98 129
77 111 119
77 119 161
77 129 162
77 137 146
78 89 124
78 98 119
78 100 135
78 119 149
78 124 161
78 135 166
79 88 121
79 93 118
79 99 136
79 118 148
79 121 156
79 136 165
80 90 123
80 96 114
80 102 134
80 114 151
80 123 159
80 134 167
81 86 126
81 97 113
81 101 139
81 113 150
81 126 160
81 139 163
82 85 125
82 94 117
82 103 137
82 117 152
82 125 157
82 137 162
83 87 120
83 95 115
83 105 138
83 115 154
83 120 158
83 138 164
84 91 122
84 92 116
84 104 140
84 116 153
84 122 155
84 140 168