1 33 95
1 33 160
1 36 98
1 36 162
1 38 100
1 38 157
1 95 131
1 98 126
1 100 129
1 126 157
1 129 160
1 131 162
2 34 94
2 34 168
2 39 111
2 39 156
2 47 106
2 47 173
2 94 132
2 106 127
2 111 140
2 127 156
2 132 173
2 140 168
3 32 97
3 32 163
3 44 101
3 44 175
3 49 113
3 49 159
3 97 142
3 101 125
3 113 137
3 125 159
3 137 163
3 142 175
4 32 101
4 32 158
4 37 96
4 37 171
4 40 109
4 40 163
4 96 125
4 101 133
4 109 130
4 125 163
4 130 158
4 133 171
5 35 103
5 35 156
5 39 94
5 39 169
5 51 107
5 51 165
5 94 128
5 103 144
5 107 132
5 128 165
5 132 156
5 144 169
6 36 100
6 36 176
6 52 120
6 52 162
6 60 114
6 60 182
6 100 145
6 114 129
6 120 153
6 129 162
6 145 182
6 153 176
7 34 102
7 34 156
7 35 94
7 35 161
7 42 99
7 42 164
7 94 127
7 99 128
7 102 135
7 127 164
7 128 156
7 135 161
8 32 96
8 32 159
8 41 104
8 41 158
8 45 97
8 45 166
8 96 134
8 97 125
8 104 138
8 125 158
8 134 166
8 138 159
9 38 108
9 38 162
9 52 100
9 52 185
9 58 123
9 58 170
9 100 131
9 108 151
9 123 145
9 131 170
9 145 162
9 151 185
10 36 114
10 36 160
10 43 98
10 43 184
10 53 122
10 53 176
10 98 129
10 114 146
10 122 136
10 129 176
10 136 160
10 146 184
11 40 101
11 40 181
11 44 124
11 44 163
11 59 119
11 59 186
11 101 137
11 119 133
11 124 152
11 133 163
11 137 186
11 152 181
12 39 107
12 39 173
12 57 111
12 57 172
12 62 110
12 62 169
12 107 155
12 110 150
12 111 132
12 132 169
12 150 173
12 155 172
13 38 95
13 38 170
13 46 116
13 46 157
13 61 108
13 61 178
13 95 139
13 108 131
13 116 154
13 131 157
13 139 178
13 154 170
14 33 98
14 33 167
14 43 115
14 43 160
14 50 105
14 50 177
14 98 136
14 105 126
14 115 143
14 126 160
14 136 177
14 143 167
15 34 106
15 34 164
15 48 102
15 48 183
15 55 121
15 55 168
15 102 127
15 106 148
15 121 141
15 127 168
15 141 164
15 148 183
16 45 118
16 45 159
16 48 121
16 48 180
16 49 97
16 49 183
16 97 138
16 118 141
16 121 142
16 138 180
16 141 183
16 142 159
17 44 113
17 44 186
17 50 124
17 50 167
17 54 105
17 54 175
17 105 143
17 113 147
17 124 137
17 137 175
17 143 186
17 147 167
18 33 105
18 33 157
18 46 95
18 46 174
18 54 112
18 54 167
18 95 126
18 105 147
18 112 139
18 126 167
18 139 157
18 147 174
19 47 111
19 47 178
19 57 117
19 57 173
19 61 116
19 61 179
19 111 150
19 116 140
19 117 154
19 140 173
19 150 179
19 154 178
20 37 117
20 37 158
20 41 96
20 41 172
20 57 110
20 57 179
20 96 130
20 110 134
20 117 150
20 130 179
20 134 158
20 150 172
21 35 99
21 35 165
21 56 119
21 56 161
21 59 103
21 59 181
21 99 149
21 103 128
21 119 152
21 128 161
21 149 181
21 152 165
22 43 122
22 43 177
22 51 115
22 51 169
22 62 107
22 62 184
22 107 144
22 115 136
22 122 155
22 136 184
22 144 177
22 155 169
23 46 112
23 46 178
23 47 116
23 47 168
23 55 106
23 55 174
23 106 140
23 112 148
23 116 139
23 139 174
23 140 178
23 148 168
24 49 121
24 49 175
24 54 113
24 54 174
24 55 112
24 55 183
24 112 147
24 113 142
24 121 148
24 142 183
24 147 175
24 148 174
25 40 119
25 40 171
25 56 123
25 56 181
25 58 109
25 58 185
25 109 133
25 119 149
25 123 151
25 133 181
25 149 185
25 151 171
26 45 104
26 45 180
26 53 114
26 53 166
26 60 118
26 60 176
26 104 146
26 114 153
26 118 138
26 138 166
26 146 176
26 153 180
27 42 120
27 42 161
27 52 123
27 52 182
27 56 99
27 56 185
27 99 135
27 120 145
27 123 149
27 135 182
27 145 185
27 149 161
28 37 109
28 37 179
28 58 108
28 58 171
28 61 117
28 61 170
28 108 154
28 109 151
28 117 130
28 130 171
28 151 170
28 154 179
29 50 115
29 50 186
29 51 103
29 51 177
29 59 124
29 59 165
29 103 152
29 115 144
29 124 143
29 143 177
29 144 165
29 152 186
30 42 102
30 42 182
30 48 118
30 48 164
30 60 120
30 60 180
30 102 141
30 118 153
30 120 135
30 135 164
30 141 180
30 153 182
31 41 110
31 41 166
31 53 104
31 53 184
31 62 122
31 62 172
31 104 134
31 110 155
31 122 146
31 134 172
31 146 166
31 155 184
32 65 101
32 65 159
32 66 96
32 66 163
32 70 97
32 70 158
33 63 98
33 63 157
33 76 105
33 76 160
33 80 95
33 80 167
34 64 106
34 64 156
34 69 94
34 69 164
34 77 102
34 77 168
35 67 94
35 67 165
35 69 99
35 69 156
35 83 103
35 83 161
36 63 100
36 63 160
36 68 114
36 68 162
36 72 98
36 72 176
37 66 109
37 66 158
37 82 96
37 82 179
37 90 117
37 90 171
38 63 95
38 63 162
38 71 100
38 71 170
38 75 108
38 75 157
39 64 94
39 64 173
39 67 107
39 67 156
39 74 111
39 74 169
40 66 101
40 66 171
40 73 119
40 73 163
40 87 109
40 87 181
41 70 96
41 70 166
41 82 110
41 82 158
41 93 104
41 93 172
42 69 102
42 69 161
42 89 99
42 89 182
42 92 120
42 92 164
43 72 122
43 72 160
43 76 98
43 76 177
43 84 115
43 84 184
44 65 113
44 65 163
44 73 101
44 73 186
44 79 124
44 79 175
45 70 104
45 70 159
45 78 97
45 78 180
45 88 118
45 88 166
46 75 95
46 75 178
46 80 112
46 80 157
46 85 116
46 85 174
47 64 111
47 64 168
47 81 116
47 81 173
47 85 106
47 85 178
48 77 121
48 77 164
48 78 118
48 78 183
48 92 102
48 92 180
49 65 97
49 65 175
49 78 121
49 78 159
49 86 113
49 86 183
50 76 115
50 76 167
50 79 105
50 79 186
50 91 124
50 91 177
51 67 103
51 67 169
51 84 107
51 84 177
51 91 115
51 91 165
52 68 100
52 68 182
52 71 123
52 71 162
52 89 120
52 89 185
53 72 114
53 72 184
53 88 104
53 88 176
53 93 122
53 93 166
54 79 113
54 79 167
54 80 105
54 80 174
54 86 112
54 86 175
55 77 106
55 77 183
55 85 112
55 85 168
55 86 121
55 86 174
56 83 99
56 83 181
56 87 119
56 87 185
56 89 123
56 89 161
57 74 110
57 74 173
57 81 111
57 81 179
57 82 117
57 82 172
58 71 108
58 71 185
58 87 123
58 87 171
58 90 109
58 90 170
59 73 124
59 73 181
59 83 119
59 83 165
59 91 103
59 91 186
60 68 120
60 68 176
60 88 114
60 88 180
60 92 118
60 92 182
61 75 116
61 75 170
61 81 117
61 81 178
61 90 108
61 90 179
62 74 107
62 74 172
62 84 122
62 84 169
62 93 110
62 93 184
63 95 126
63 98 129
63 100 131
63 126 160
63 129 162
63 131 157
64 94 127
64 106 140
64 111 132
64 127 168
64 132 156
64 140 173
65 97 125
65 101 137
65 113 142
65 125 163
65 137 175
65 142 159
66 96 130
66 101 125
66 109 133
66 125 158
66 130 171
66 133 163
67 94 132
67 103 128
67 107 144
67 128 156
67 132 169
67 144 165
68 100 129
68 114 153
68 120 145
68 129 176
68 145 162
68 153 182
69 94 128
69 99 135
69 102 127
69 127 156
69 128 161
69 135 164
70 96 125
70 97 138
70 104 134
70 125 159
70 134 158
70 138 166
71 100 145
71 108 131
71 123 151
71 131 162
71 145 185
71 151 170
72 98 136
72 114 129
72 122 146
72 129 160
72 136 184
72 146 176
73 101 133
73 119 152
73 124 137
73 133 181
73 137 163
73 152 186
74 107 132
74 110 155
74 111 150
74 132 173
74 150 172
74 155 169
75 95 131
75 108 154
75 116 139
75 131 170
75 139 157
75 154 178
76 98 126
76 105 143
76 115 136
76 126 167
76 136 160
76 143 177
77 102 141
77 106 127
77 121 148
77 127 164
77 141 183
77 148 168
78 97 142
78 118 138
78 121 141
78 138 159
78 141 180
78 142 183
79 105 147
79 113 137
79 124 143
79 137 186
79 143 167
79 147 175
80 95 139
80 105 126
80 112 147
80 126 157
80 139 174
80 147 167
81 111 140
81 116 154
81 117 150
81 140 178
81 150 173
81 154 179
82 96 134
82 110 150
82 117 130
82 130 158
82 134 172
82 150 179
83 99 128
83 103 152
83 119 149
83 128 165
83 149 161
83 152 181
84 107 155
84 115 144
84 122 136
84 136 177
84 144 169
84 155 184
85 106 148
85 112 139
85 116 140
85 139 178
85 140 168
85 148 174
86 112 148
86 113 147
86 121 142
86 142 175
86 147 174
86 148 183
87 109 151
87 119 133
87 123 149
87 133 171
87 149 181
87 151 185
88 104 138
88 114 146
88 118 153
88 138 180
88 146 166
88 153 176
89 99 149
89 120 135
89 123 145
89 135 161
89 145 182
89 149 185
90 108 151
90 109 130
90 117 154
90 130 179
90 151 171
90 154 170
91 103 144
91 115 143
91 124 152
91 143 186
91 144 177
91 152 165
92 102 135
92 118 141
92 120 153
92 135 182
92 141 164
92 153 180
93 104 146
93 110 134
93 122 155
93 134 166
93 146 184
93 155 172