1 66 130
1 66 133
1 69 133
1 69 142
1 71 130
1 71 135
1 78 142
1 78 168
1 84 135
1 84 148
1 104 148
1 104 168
2 67 129
2 67 137
2 68 129
2 68 134
2 75 137
2 75 159
2 86 134
2 86 151
2 97 159
2 97 184
2 119 151
2 119 184
3 65 131
3 65 136
3 70 131
3 70 149
3 73 136
3 73 157
3 87 149
3 87 182
3 95 157
3 95 189
3 120 182
3 120 189
4 65 131
4 65 132
4 74 131
4 74 139
4 80 132
4 80 150
4 96 139
4 96 161
4 117 150
4 117 183
4 126 161
4 126 183
5 67 129
5 67 143
5 72 129
5 72 154
5 85 143
5 85 172
5 93 154
5 93 155
5 118 172
5 118 178
5 125 155
5 125 178
6 66 133
6 66 145
6 77 133
6 77 169
6 91 145
6 91 181
6 109 169
6 109 179
6 115 181
6 115 188
6 127 179
6 127 188
7 68 129
7 68 138
7 76 129
7 76 144
7 94 138
7 94 160
7 115 144
7 115 181
7 118 160
7 118 190
7 128 181
7 128 190
8 65 136
8 65 152
8 79 136
8 79 179
8 90 152
8 90 158
8 91 158
8 91 175
8 108 161
8 108 179
8 114 161
8 114 175
9 69 133
9 69 163
9 81 133
9 81 180
9 105 144
9 105 163
9 115 144
9 115 167
9 117 150
9 117 180
9 124 150
9 124 167
10 66 130
10 66 141
10 82 130
10 82 155
10 85 173
10 85 191
10 90 141
10 90 173
10 106 155
10 106 179
10 112 179
10 112 191
11 70 131
11 70 170
11 83 131
11 83 160
11 111 170
11 111 180
11 117 162
11 117 180
11 118 160
11 118 172
11 121 162
11 121 172
12 65 132
12 65 140
12 92 132
12 92 158
12 101 158
12 101 182
12 106 179
12 106 192
12 109 140
12 109 179
12 114 182
12 114 192
13 67 137
13 67 165
13 80 186
13 80 192
13 89 137
13 89 161
13 90 165
13 90 192
13 92 155
13 92 161
13 98 155
13 98 186
14 72 129
14 72 153
14 88 129
14 88 169
14 94 169
14 94 180
14 97 147
14 97 190
14 111 180
14 111 190
14 115 147
14 115 153
15 69 142
15 69 174
15 80 150
15 80 186
15 86 151
15 86 187
15 99 142
15 99 186
15 103 150
15 103 187
15 116 151
15 116 174
16 71 130
16 71 146
16 85 170
16 85 176
16 95 146
16 95 170
16 100 130
16 100 154
16 121 149
16 121 154
16 123 149
16 123 176
17 67 143
17 67 171
17 96 161
17 96 171
17 98 151
17 98 173
17 106 143
17 106 192
17 108 161
17 108 173
17 116 151
17 116 192
18 68 134
18 68 147
18 87 182
18 87 185
18 88 181
18 88 185
18 91 175
18 91 181
18 101 147
18 101 182
18 107 134
18 107 175
19 66 145
19 66 176
19 92 155
19 92 158
19 93 155
19 93 176
19 100 168
19 100 173
19 108 145
19 108 173
19 112 158
19 112 168
20 76 129
20 76 156
20 85 170
20 85 173
20 93 156
20 93 165
20 98 129
20 98 173
20 111 170
20 111 178
20 119 165
20 119 178
21 73 136
21 73 185
21 91 138
21 91 140
21 97 138
21 97 185
21 101 136
21 101 169
21 122 134
21 122 140
21 128 134
21 128 169
22 74 131
22 74 153
22 95 156
22 95 162
22 102 131
22 102 154
22 105 144
22 105 162
22 111 144
22 111 154
22 118 153
22 118 156
23 77 133
23 77 153
23 84 167
23 84 174
23 94 160
23 94 167
23 103 133
23 103 139
23 105 139
23 105 160
23 117 153
23 117 174
24 65 152
24 65 162
24 83 150
24 83 189
24 89 150
24 89 152
24 105 139
24 105 162
24 116 139
24 116 192
24 126 189
24 126 192
25 70 149
25 70 156
25 78 146
25 78 168
25 85 172
25 85 191
25 100 156
25 100 168
25 102 146
25 102 172
25 113 149
25 113 191
26 78 142
26 78 164
26 86 134
26 86 177
26 87 149
26 87 166
26 110 142
26 110 166
26 122 134
26 122 164
26 123 149
26 123 177
27 75 137
27 75 187
27 80 163
27 80 171
27 84 163
27 84 187
27 110 142
27 110 171
27 116 137
27 116 139
27 124 139
27 124 142
28 71 135
28 71 164
28 73 164
28 73 185
28 86 185
28 86 187
28 107 149
28 107 159
28 110 135
28 110 159
28 113 149
28 113 187
29 79 136
29 79 181
29 87 140
29 87 166
29 97 147
29 97 159
29 107 136
29 107 159
29 109 140
29 109 147
29 128 166
29 128 181
30 80 132
30 80 171
30 89 151
30 89 152
30 106 152
30 106 155
30 108 132
30 108 165
30 119 151
30 119 165
30 125 155
30 125 171
31 81 133
31 81 147
31 91 138
31 91 158
31 94 138
31 94 188
31 104 141
31 104 188
31 109 141
31 109 147
31 112 133
31 112 158
32 78 164
32 78 176
32 82 130
32 82 172
32 93 156
32 93 176
32 95 156
32 95 157
32 113 130
32 113 157
32 121 164
32 121 172
33 80 163
33 80 192
33 83 131
33 83 174
33 96 152
33 96 174
33 105 163
33 105 183
33 114 131
33 114 192
33 120 152
33 120 183
34 65 140
34 65 162
34 102 157
34 102 183
34 107 149
34 107 175
34 120 175
34 120 183
34 121 149
34 121 162
34 122 140
34 122 157
35 70 156
35 70 183
35 72 154
35 72 160
35 74 180
35 74 189
35 76 156
35 76 180
35 105 160
35 105 183
35 121 154
35 121 189
36 68 138
36 68 166
36 73 166
36 73 175
36 79 138
36 79 182
36 88 159
36 88 169
36 109 169
36 109 175
36 122 159
36 122 182
37 69 163
37 69 177
37 75 177
37 75 186
37 89 151
37 89 163
37 96 139
37 96 186
37 103 135
37 103 139
37 110 135
37 110 151
38 66 141
38 66 167
38 79 141
38 79 181
38 81 148
38 81 181
38 94 167
38 94 169
38 101 158
38 101 169
38 127 148
38 127 158
39 67 165
39 67 190
39 76 172
39 76 184
39 82 165
39 82 172
39 100 154
39 100 173
39 111 154
39 111 190
39 125 173
39 125 184
40 75 166
40 75 186
40 86 171
40 86 185
40 88 129
40 88 185
40 98 129
40 98 186
40 125 171
40 125 184
40 128 166
40 128 184
41 82 165
41 82 168
41 85 143
41 85 176
41 92 141
41 92 143
41 104 141
41 104 168
41 108 165
41 108 179
41 127 176
41 127 179
42 73 157
42 73 166
42 75 166
42 75 187
42 78 146
42 78 187
42 99 134
42 99 135
42 107 134
42 107 146
42 123 135
42 123 157
43 69 174
43 69 188
43 74 139
43 74 180
43 77 144
43 77 148
43 83 144
43 83 174
43 94 180
43 94 188
43 124 139
43 124 148
44 71 146
44 71 177
44 75 159
44 75 177
44 87 146
44 87 185
44 99 142
44 99 185
44 113 142
44 113 157
44 122 157
44 122 159
45 84 135
45 84 174
45 86 171
45 86 177
45 89 137
45 89 150
45 96 171
45 96 174
45 99 135
45 99 137
45 124 150
45 124 177
46 72 153
46 72 170
46 76 144
46 76 172
46 83 144
46 83 189
46 95 170
46 95 189
46 102 172
46 102 183
46 117 153
46 117 183
47 79 141
47 79 182
47 91 140
47 91 145
47 92 141
47 92 161
47 106 145
47 106 152
47 120 152
47 120 182
47 126 140
47 126 161
48 67 171
48 67 190
48 88 159
48 88 178
48 99 134
48 99 186
48 110 159
48 110 171
48 119 178
48 119 186
48 128 134
48 128 190
49 68 147
49 68 178
49 72 160
49 72 184
49 77 144
49 77 169
49 81 147
49 81 160
49 111 144
49 111 178
49 128 169
49 128 184
50 66 167
50 66 176
50 103 135
50 103 188
50 104 188
50 104 191
50 113 142
50 113 191
50 123 135
50 123 176
50 124 142
50 124 167
51 90 152
51 90 173
51 92 132
51 92 143
51 96 152
51 96 186
51 116 132
51 116 137
51 119 143
51 119 186
51 125 137
51 125 173
52 70 164
52 70 170
52 71 164
52 71 191
52 82 168
52 82 170
52 93 154
52 93 191
52 102 154
52 102 157
52 123 157
52 123 168
53 90 158
53 90 165
53 93 165
53 93 191
53 100 130
53 100 143
53 104 145
53 104 191
53 106 143
53 106 145
53 127 130
53 127 158
54 90 141
54 90 192
54 101 136
54 101 145
54 108 132
54 108 145
54 109 141
54 109 175
54 120 132
54 120 175
54 126 136
54 126 192
55 73 164
55 73 175
55 87 140
55 87 146
55 102 131
55 102 146
55 114 131
55 114 175
55 121 164
55 121 189
55 126 140
55 126 189
56 71 177
56 71 191
56 78 176
56 78 187
56 103 133
56 103 187
56 112 133
56 112 191
56 124 148
56 124 177
56 127 148
56 127 176
57 77 138
57 77 148
57 79 138
57 79 179
57 101 145
57 101 147
57 104 145
57 104 148
57 112 167
57 112 179
57 115 147
57 115 167
58 74 153
58 74 163
58 81 148
58 81 160
58 83 150
58 83 160
58 84 148
58 84 163
58 103 150
58 103 188
58 115 153
58 115 188
59 76 180
59 76 184
59 77 138
59 77 153
59 81 180
59 81 181
59 88 178
59 88 181
59 97 138
59 97 184
59 118 153
59 118 178
60 72 170
60 72 184
60 82 155
60 82 170
60 98 155
60 98 190
60 100 143
60 100 156
60 118 156
60 118 190
60 119 143
60 119 184
61 70 164
61 70 183
61 95 146
61 95 162
61 107 136
61 107 146
61 114 162
61 114 182
61 122 164
61 122 182
61 126 136
61 126 183
62 69 177
62 69 188
62 84 167
62 84 187
62 112 167
62 112 168
62 113 130
62 113 187
62 123 168
62 123 177
62 127 130
62 127 188
63 68 166
63 68 178
63 97 185
63 97 190
63 98 151
63 98 190
63 99 137
63 99 185
63 110 151
63 110 166
63 125 137
63 125 178
64 74 163
64 74 189
64 89 161
64 89 163
64 114 161
64 114 162
64 116 132
64 116 174
64 117 162
64 117 174
64 120 132
64 120 189