(1,15)(2,14)(3,13)(4,9)(5,8)(6,7)(10,21)(11,20)(12,19)(16,24)(17,23)(18,22)(25,27)
(1,8)(2,7)(3,6)(4,20)(5,19)(9,24)(10,14)(11,13)(15,18)(16,17)(21,27)(22,26)(23,25)
(1,26)(2,25)(3,9)(4,23)(5,22)(6,21)(7,20)(8,19)(10,17)(11,16)(12,15)(13,14)(24,27)
(1,5)(2,4)(3,27)(6,24)(7,23)(8,22)(9,21)(10,11)(12,18)(13,17)(14,16)(19,26)(20,25)
(1,18)(2,17)(3,16)(4,27)(5,26)(6,25)(7,9)(10,24)(11,23)(12,22)(13,21)(14,20)(15,19)
(1,12)(2,11)(3,10)(4,6)(7,27)(8,26)(9,25)(13,24)(14,23)(15,22)(16,21)(17,20)(18,19)
(2,24)(3,23)(4,10)(5,18)(6,17)(7,16)(8,15)(9,14)(11,27)(12,26)(13,25)(19,22)(20,21)
(1,21)(2,20)(3,19)(4,15)(5,14)(6,13)(7,12)(8,11)(9,10)(16,27)(17,26)(18,25)(22,24)
(1,3)(4,12)(5,11)(6,10)(7,18)(8,17)(9,16)(13,27)(14,26)(15,25)(19,24)(20,23)(21,22)
(1,24)(2,23)(3,22)(4,18)(5,17)(6,16)(7,15)(8,14)(9,13)(10,27)(11,26)(12,25)(19,21)
(1,20)(2,19)(4,14)(5,13)(6,12)(7,11)(8,10)(9,18)(15,27)(16,26)(17,25)(21,24)(22,23)
(1,2)(3,24)(4,11)(5,10)(6,18)(7,17)(8,16)(9,15)(12,27)(13,26)(14,25)(19,23)(20,22)
(1,23)(2,22)(3,21)(4,17)(5,16)(6,15)(7,14)(8,13)(9,12)(10,26)(11,25)(18,27)(19,20)
(1,19)(2,3)(4,13)(5,12)(6,11)(7,10)(8,18)(9,17)(14,27)(15,26)(16,25)(20,24)(21,23)
(1,22)(2,21)(3,20)(4,16)(5,15)(6,14)(7,13)(8,12)(9,11)(10,25)(17,27)(18,26)(23,24)
(1,25)(2,9)(3,8)(4,22)(5,21)(6,20)(7,19)(10,16)(11,15)(12,14)(17,18)(23,27)(24,26)
(1,13)(2,12)(3,11)(4,7)(5,6)(8,27)(9,26)(10,19)(14,24)(15,23)(16,22)(17,21)(18,20)
(1,27)(2,26)(3,25)(4,24)(5,23)(6,22)(7,21)(8,20)(9,19)(10,18)(11,17)(12,16)(13,15)
(1,9)(2,8)(3,7)(4,21)(5,20)(6,19)(10,15)(11,14)(12,13)(16,18)(22,27)(23,26)(24,25)
(1,4)(2,27)(3,26)(5,24)(6,23)(7,22)(8,21)(9,20)(11,18)(12,17)(13,16)(14,15)(19,25)
(1,17)(2,16)(3,15)(4,26)(5,25)(6,9)(7,8)(10,23)(11,22)(12,21)(13,20)(14,19)(18,24)
(1,14)(2,13)(3,12)(4,8)(5,7)(9,27)(10,20)(11,19)(15,24)(16,23)(17,22)(18,21)(25,26)
(1,11)(2,10)(3,18)(4,5)(6,27)(7,26)(8,25)(12,24)(13,23)(14,22)(15,21)(16,20)(17,19)
(1,16)(2,15)(3,14)(4,25)(5,9)(6,8)(10,22)(11,21)(12,20)(13,19)(17,24)(18,23)(26,27)
(1,7)(2,6)(3,5)(4,19)(8,24)(9,23)(10,13)(11,12)(14,18)(15,17)(20,27)(21,26)(22,25)
(1,6)(2,5)(3,4)(7,24)(8,23)(9,22)(10,12)(13,18)(14,17)(15,16)(19,27)(20,26)(21,25)
(1,10)(2,18)(3,17)(5,27)(6,26)(7,25)(8,9)(11,24)(12,23)(13,22)(14,21)(15,20)(16,19)
(1,19)(2,3)(4,25)(5,9)(6,8)(11,18)(12,17)(13,16)(14,15)(20,24)(21,23)(26,27)
(2,18)(3,26)(5,24)(6,17)(7,25)(8,21)(9,14)(11,27)(12,23)(13,16)(15,20)(19,22)
(1,8)(2,16)(3,24)(4,11)(5,19)(6,9)(7,17)(10,23)(13,20)(14,25)(15,18)(22,26)
(2,6)(3,14)(4,25)(5,18)(8,15)(9,23)(10,13)(11,21)(12,26)(17,24)(19,22)(20,27)
(1,11)(2,4)(3,24)(5,10)(6,27)(7,23)(8,16)(12,18)(13,26)(14,22)(17,19)(20,25)
(1,15)(2,23)(3,4)(5,8)(6,16)(7,24)(9,13)(10,27)(12,19)(14,17)(18,22)(21,25)
(1,5)(2,13)(3,21)(4,17)(7,14)(8,22)(9,27)(10,20)(11,25)(12,18)(16,23)(19,26)
(1,22)(2,21)(3,20)(5,27)(6,26)(7,25)(8,9)(10,13)(11,12)(14,18)(15,17)(23,24)
(2,24)(3,23)(4,7)(5,6)(8,27)(9,26)(10,16)(11,15)(12,14)(17,18)(19,22)(20,21)
(1,26)(2,10)(4,14)(5,22)(6,27)(7,11)(8,19)(12,15)(13,23)(16,20)(17,25)(21,24)
(1,19)(2,12)(3,5)(4,7)(6,11)(8,24)(9,17)(10,13)(14,27)(15,23)(18,20)(21,26)
(1,19)(2,9)(3,17)(5,12)(6,20)(7,25)(8,18)(10,16)(11,24)(14,21)(15,26)(23,27)
(1,22)(2,27)(3,11)(4,7)(5,15)(6,23)(8,12)(9,20)(13,16)(14,24)(17,21)(18,26)
(1,22)(2,15)(3,8)(4,25)(5,21)(6,14)(9,11)(10,16)(12,20)(17,27)(18,23)(24,26)
(1,24)(2,23)(3,22)(4,6)(7,27)(8,26)(9,25)(10,15)(11,14)(12,13)(16,18)(19,21)
(1,21)(2,20)(3,19)(4,27)(5,26)(6,25)(7,9)(10,12)(13,18)(14,17)(15,16)(22,24)
(1,3)(4,9)(5,8)(6,7)(10,18)(11,17)(12,16)(13,15)(19,24)(20,23)(21,22)(25,27)
(1,23)(2,22)(3,21)(4,5)(6,27)(7,26)(8,25)(10,14)(11,13)(15,18)(16,17)(19,20)
(1,20)(2,19)(4,26)(5,25)(6,9)(7,8)(10,11)(12,18)(13,17)(14,16)(21,24)(22,23)
(1,17)(2,25)(3,21)(4,23)(5,16)(6,9)(7,20)(8,13)(10,26)(11,22)(12,15)(14,19)
(1,9)(2,20)(3,13)(4,15)(5,8)(6,19)(7,12)(10,21)(11,14)(16,24)(18,25)(22,27)
(1,6)(3,10)(4,12)(7,18)(8,26)(9,22)(13,24)(14,17)(15,25)(16,21)(19,27)(20,23)
(1,14)(2,7)(4,20)(5,13)(8,10)(9,27)(11,19)(15,18)(16,26)(17,22)(21,24)(23,25)
(1,18)(3,7)(4,21)(5,26)(6,10)(9,16)(11,14)(12,22)(13,27)(15,19)(20,23)(24,25)
(1,12)(2,20)(3,25)(4,24)(6,13)(7,21)(8,26)(9,10)(11,17)(15,22)(16,27)(18,19)
(1,2)(3,24)(4,8)(5,7)(9,27)(10,17)(11,16)(12,15)(13,14)(19,23)(20,22)(25,26)
(1,27)(2,23)(3,16)(4,18)(5,26)(6,22)(7,15)(9,19)(10,24)(11,17)(12,25)(13,21)
(2,5)(3,12)(4,10)(7,13)(8,20)(15,21)(16,25)(18,24)(23,26)
(1,16)(2,8)(5,23)(6,15)(9,18)(10,19)(12,27)(13,22)(20,26)
(1,4)(2,11)(6,12)(7,19)(9,15)(14,20)(17,23)(18,27)(22,25)
(1,25)(2,26)(3,27)(4,19)(5,20)(6,21)(7,22)(8,23)(9,24)
(1,13)(2,14)(3,15)(10,22)(11,23)(12,24)(16,19)(17,20)(18,21)
(1,7)(3,18)(4,22)(5,14)(8,17)(11,26)(12,21)(15,24)(19,25)
(1,10)(3,6)(5,11)(8,14)(9,21)(13,19)(16,22)(17,26)(24,27)
(2,17)(3,9)(4,13)(6,24)(7,16)(10,25)(11,20)(14,23)(21,27)
(4,16)(5,17)(6,18)(7,10)(8,11)(9,12)(13,25)(14,26)(15,27)
(1,24,5)(2,16,12)(3,8,19)(4,6,17)(7,9,11)(10,15,20)(13,18,23)(14,25,27)(21,26,22)
(1,22,19)(2,23,20)(3,24,21)(4,25,7)(5,26,8)(6,27,9)(10,16,13)(11,17,14)(12,18,15)
(1,15,20)(2,22,12)(3,26,4)(5,7,21)(6,14,13)(8,25,24)(9,17,16)(10,27,11)(18,23,19)
(1,17,24)(2,9,4)(3,19,11)(5,18,16)(6,25,23)(7,20,27)(8,12,10)(13,26,15)(14,21,22)
(1,11,15)(2,3,7)(4,23,24)(5,27,16)(6,10,8)(9,13,26)(12,22,17)(14,18,19)(20,21,25)
(1,15,11)(2,7,3)(4,24,23)(5,16,27)(6,8,10)(9,26,13)(12,17,22)(14,19,18)(20,25,21)
(1,13,25)(2,14,26)(3,15,27)(4,19,16)(5,20,17)(6,21,18)(7,22,10)(8,23,11)(9,24,12)
(1,23,9)(2,27,19)(3,10,11)(4,8,18)(5,15,25)(6,22,20)(7,26,12)(13,14,21)(16,17,24)
(1,19,22)(2,20,23)(3,21,24)(4,7,25)(5,8,26)(6,9,27)(10,13,16)(11,14,17)(12,15,18)
(1,5,24)(2,12,16)(3,19,8)(4,17,6)(7,11,9)(10,20,15)(13,23,18)(14,27,25)(21,22,26)
(1,6,2)(3,17,13)(4,15,26)(5,7,18)(8,25,12)(9,20,19)(10,24,14)(11,16,21)(22,27,23)
(1,25,13)(2,26,14)(3,27,15)(4,16,19)(5,17,20)(6,18,21)(7,10,22)(8,11,23)(9,12,24)
(1,2,6)(3,13,17)(4,26,15)(5,18,7)(8,12,25)(9,19,20)(10,14,24)(11,21,16)(22,23,27)
(1,26,3)(2,18,10)(4,14,9)(5,21,19)(6,25,11)(7,17,27)(8,24,22)(12,13,20)(15,16,23)
(1,17,18)(2,24,25)(3,4,20)(5,9,10)(6,16,26)(7,23,21)(8,27,13)(11,12,19)(14,15,22)
(1,18,17)(2,25,24)(3,20,4)(5,10,9)(6,26,16)(7,21,23)(8,13,27)(11,19,12)(14,22,15)
(1,12,14)(2,4,21)(3,23,25)(5,13,6)(7,24,20)(8,16,9)(10,27,26)(11,22,18)(15,17,19)
(1,14,12)(2,21,4)(3,25,23)(5,6,13)(7,20,24)(8,9,16)(10,26,27)(11,18,22)(15,19,17)
(1,9,26)(2,16,21)(3,23,13)(4,12,11)(5,19,27)(6,8,22)(7,15,14)(10,24,20)(17,25,18)
(1,26,9)(2,21,16)(3,13,23)(4,11,12)(5,27,19)(6,22,8)(7,14,15)(10,20,24)(17,18,25)
(1,18,2)(3,5,25)(4,21,8)(6,17,10)(7,24,26)(9,11,13)(12,20,19)(14,16,27)(15,23,22)
(1,2,18)(3,25,5)(4,8,21)(6,10,17)(7,26,24)(9,13,11)(12,19,20)(14,27,16)(15,22,23)
(1,3,14)(2,7,6)(4,27,23)(5,10,15)(8,13,18)(9,20,25)(11,22,24)(12,26,16)(17,19,21)
(1,24,17)(2,4,9)(3,11,19)(5,16,18)(6,23,25)(7,27,20)(8,10,12)(13,15,26)(14,22,21)
(1,20,15)(2,12,22)(3,4,26)(5,21,7)(6,13,14)(8,24,25)(9,16,17)(10,11,27)(18,19,23)
(1,6,5)(2,13,24)(3,20,16)(4,18,14)(7,12,17)(8,19,9)(10,21,23)(11,25,15)(22,27,26)
(1,5,6)(2,24,13)(3,16,20)(4,14,18)(7,17,12)(8,9,19)(10,23,21)(11,15,25)(22,26,27)
(1,23,12)(2,15,19)(3,7,8)(4,5,24)(6,16,11)(9,10,14)(13,17,27)(18,22,20)(21,25,26)
(1,21,11)(2,25,27)(3,17,22)(4,6,20)(5,13,12)(7,9,23)(8,16,15)(10,18,26)(14,19,24)
(1,11,21)(2,27,25)(3,22,17)(4,20,6)(5,12,13)(7,23,9)(8,15,16)(10,26,18)(14,24,19)
(1,8,21)(2,15,13)(3,22,5)(4,11,27)(6,7,14)(9,25,17)(10,23,12)(16,20,18)(19,26,24)
(1,3,26)(2,10,18)(4,9,14)(5,19,21)(6,11,25)(7,27,17)(8,22,24)(12,20,13)(15,23,16)
(1,8,27)(2,3,10)(4,17,15)(5,9,22)(6,19,26)(7,11,18)(12,25,14)(13,20,21)(16,23,24)
(1,27,20)(2,22,9)(3,14,16)(4,12,5)(6,23,19)(7,15,8)(10,21,17)(11,13,24)(18,26,25)
(1,14,3)(2,6,7)(4,23,27)(5,15,10)(8,18,13)(9,25,20)(11,24,22)(12,16,26)(17,21,19)
(1,7,16)(2,8,17)(3,9,18)(4,13,22)(5,14,23)(6,15,24)(10,19,25)(11,20,26)(12,21,27)
(1,16,7)(2,17,8)(3,18,9)(4,22,13)(5,23,14)(6,24,15)(10,25,19)(11,26,20)(12,27,21)
(1,12,23)(2,19,15)(3,8,7)(4,24,5)(6,11,16)(9,14,10)(13,27,17)(18,20,22)(21,26,25)
(1,10,4)(2,11,5)(3,12,6)(7,19,13)(8,20,14)(9,21,15)(16,25,22)(17,26,23)(18,27,24)
(1,4,10)(2,5,11)(3,6,12)(7,13,19)(8,14,20)(9,15,21)(16,22,25)(17,23,26)(18,24,27)
(1,20,27)(2,9,22)(3,16,14)(4,5,12)(6,19,23)(7,8,15)(10,17,21)(11,24,13)(18,25,26)
(1,21,8)(2,13,15)(3,5,22)(4,27,11)(6,14,7)(9,17,25)(10,12,23)(16,18,20)(19,24,26)
(1,27,8)(2,10,3)(4,15,17)(5,22,9)(6,26,19)(7,18,11)(12,14,25)(13,21,20)(16,24,23)
(1,9,23)(2,19,27)(3,11,10)(4,18,8)(5,25,15)(6,20,22)(7,12,26)(13,21,14)(16,24,17)
(1,16,4)(2,8,11)(5,17,23)(6,9,27)(7,19,10)(12,18,15)(13,25,22)(14,20,26)
(1,7,10)(3,18,6)(4,16,22)(5,8,26)(9,21,12)(11,17,14)(13,19,25)(15,27,24)
(1,10,7)(3,6,18)(4,22,16)(5,26,8)(9,12,21)(11,14,17)(13,25,19)(15,24,27)
(1,25,10)(2,17,26)(3,24,21)(4,13,19)(5,20,11)(6,9,27)(7,16,22)(8,23,14)
(1,10,25)(2,26,17)(3,21,24)(4,19,13)(5,11,20)(6,27,9)(7,22,16)(8,14,23)
(1,19,22)(2,11,26)(3,27,18)(4,25,7)(5,20,14)(6,12,21)(8,23,17)(9,15,24)
(1,4,16)(2,11,8)(5,23,17)(6,27,9)(7,10,19)(12,15,18)(13,22,25)(14,26,20)
(1,13,4)(2,20,23)(3,9,15)(6,12,24)(7,19,16)(10,25,22)(11,17,14)(18,21,27)
(1,4,13)(2,23,20)(3,15,9)(6,24,12)(7,16,19)(10,22,25)(11,14,17)(18,27,21)
(1,25,16)(2,20,23)(3,12,27)(4,10,19)(5,26,8)(6,21,15)(7,13,22)(9,24,18)
(1,16,25)(2,23,20)(3,27,12)(4,19,10)(5,8,26)(6,15,21)(7,22,13)(9,18,24)
(1,13,7)(2,5,14)(3,24,21)(4,22,10)(8,17,20)(11,23,26)(12,15,18)(16,25,19)
(1,7,13)(2,14,5)(3,21,24)(4,10,22)(8,20,17)(11,26,23)(12,18,15)(16,19,25)
(1,22,19)(2,26,11)(3,18,27)(4,7,25)(5,14,20)(6,21,12)(8,17,23)(9,24,15)
(1,19,22)(2,8,14)(3,15,6)(5,11,23)(9,21,18)(10,16,13)(12,27,24)(17,20,26)
(2,5,17)(3,12,9)(4,25,7)(6,24,18)(8,11,20)(10,13,16)(14,23,26)(15,27,21)
(1,22,19)(2,14,8)(3,6,15)(5,23,11)(9,18,21)(10,13,16)(12,24,27)(17,26,20)
(2,17,5)(3,9,12)(4,7,25)(6,18,24)(8,20,11)(10,16,13)(14,26,23)(15,21,27)
(1,5,4,11,10,2)(3,18,6,24,12,27)(7,17,13,23,19,26)(8,25,14,16,20,22)(9,21,15)
(1,4,13,19,25,16)(2,27,14,3,26,15)(5,12,20,9,17,24)(6,11,21,8,18,23)(7,10,22)
(1,16,25,19,13,4)(2,15,26,3,14,27)(5,24,17,9,20,12)(6,23,18,8,21,11)(7,22,10)
(1,10,25,22,13,7)(2,18,26,21,14,6)(3,17,27,20,15,5)(4,19,16)(8,24,11,9,23,12)
(1,7,13,22,25,10)(2,6,14,21,26,18)(3,5,15,20,27,17)(4,16,19)(8,12,23,9,11,24)
(1,21,4,9,10,15)(2,14,5,20,11,8)(3,7,6,13,12,19)(16,18,22,24,25,27)(17,26,23)
(1,2,7,8,16,17)(3,15,9,24,18,6)(4,26,13,11,22,20)(5,10,14,19,23,25)(12,27,21)
(1,17,16,8,7,2)(3,6,18,24,9,15)(4,20,22,11,13,26)(5,25,23,19,14,10)(12,21,27)
(1,15,10,9,4,21)(2,8,11,20,5,14)(3,19,12,13,6,7)(16,27,25,24,22,18)(17,23,26)
(1,18,10,27,4,24)(2,26,11,23,5,17)(3,22,12,16,6,25)(7,21,19,15,13,9)(8,14,20)
(1,19,22)(2,8,23,5,20,26)(3,15,24,12,21,18)(4,13,25,10,7,16)(6,9,27)(11,14,17)
(1,22,19)(2,26,20,5,23,8)(3,18,21,12,24,15)(4,16,7,10,25,13)(6,27,9)(11,17,14)
(1,20,10,14,4,8)(2,13,11,7,5,19)(3,6,12)(9,18,21,27,15,24)(16,17,25,26,22,23)
(1,8,4,14,10,20)(2,19,5,7,11,13)(3,12,6)(9,24,15,27,21,18)(16,23,22,26,25,17)
(1,26,4,17,10,23)(2,22,5,25,11,16)(3,15,6,21,12,9)(7,14,13,20,19,8)(18,27,24)
(1,23,10,17,4,26)(2,16,11,25,5,22)(3,9,12,21,6,15)(7,8,19,20,13,14)(18,24,27)
(1,2,10,11,4,5)(3,27,12,24,6,18)(7,26,19,23,13,17)(8,22,20,16,14,25)(9,15,21)
(1,22,19)(2,23,20)(3,24,21)(4,13,7,16,25,10)(5,14,8,17,26,11)(6,15,9,18,27,12)
(1,24,16,15,7,6)(2,5,17,23,8,14)(3,13,18,4,9,22)(10,12,25,27,19,21)(11,20,26)
(1,6,7,15,16,24)(2,14,8,23,17,5)(3,22,9,4,18,13)(10,21,19,27,25,12)(11,26,20)
(1,21,16,12,7,27)(2,26,17,20,8,11)(3,10,18,25,9,19)(4,6,22,24,13,15)(5,14,23)
(1,27,7,12,16,21)(2,11,8,20,17,26)(3,19,9,25,18,10)(4,15,13,24,22,6)(5,23,14)
(1,9,7,18,16,3)(2,17,8)(4,12,13,21,22,27)(5,20,14,26,23,11)(6,25,15,10,24,19)
(1,3,16,18,7,9)(2,8,17)(4,27,22,21,13,12)(5,11,23,26,14,20)(6,19,24,10,15,25)
(1,10,4)(2,27,5,18,11,24)(3,23,6,26,12,17)(7,22,13,25,19,16)(8,15,14,21,20,9)
(1,4,10)(2,24,11,18,5,27)(3,17,12,26,6,23)(7,16,19,25,13,22)(8,9,20,21,14,15)
(1,25,16,19,7,10)(2,18,17,9,8,3)(4,13,22)(5,21,23,12,14,27)(6,26,24,20,15,11)
(1,10,22,16,19,13)(2,26,23,8,20,5)(3,21,24)(4,7,25)(6,18,27,15,9,12)(11,14,17)
(1,19,22)(2,11,23,17,20,14)(3,27,24,9,21,6)(4,16,25,13,7,10)(5,8,26)(12,15,18)
(1,4,16,22,7,13)(2,12,17,27,8,21)(3,20,18,11,9,26)(5,24,23,15,14,6)(10,19,25)
(1,25,10,22,4,16)(2,21,11,15,5,9)(3,14,12,8,6,20)(7,13,19)(17,18,26,27,23,24)
(1,16,4,22,10,25)(2,9,5,15,11,21)(3,20,6,8,12,14)(7,19,13)(17,24,23,27,26,18)
(1,16,7)(2,24,8,6,17,15)(3,5,9,14,18,23)(4,19,13,25,22,10)(11,12,20,21,26,27)
(1,7,16)(2,15,17,6,8,24)(3,23,18,14,9,5)(4,10,22,25,13,19)(11,27,26,21,20,12)
(1,13,4,19,10,7)(2,6,5,12,11,3)(8,18,14,24,20,27)(9,26,15,17,21,23)(16,25,22)
(1,7,10,19,4,13)(2,3,11,12,5,6)(8,27,20,24,14,18)(9,23,21,17,15,26)(16,22,25)
(1,8,13,23,25,11)(2,7,14,22,26,10)(3,6,15,21,27,18)(4,17,19,5,16,20)(9,12,24)
(1,11,25,23,13,8)(2,10,26,22,14,7)(3,18,27,21,15,6)(4,20,16,5,19,17)(9,24,12)
(1,17,25,20,13,5)(2,16,26,19,14,4)(3,15,27)(6,24,18,9,21,12)(7,23,10,8,22,11)
(1,5,13,20,25,17)(2,4,14,19,26,16)(3,27,15)(6,12,21,9,18,24)(7,11,22,8,10,23)
(1,14,25,2,13,26)(3,12,27,24,15,9)(4,23,16,8,19,11)(5,22,17,7,20,10)(6,21,18)
(1,26,13,2,25,14)(3,9,15,24,27,12)(4,11,19,8,16,23)(5,10,20,7,17,22)(6,18,21)
(1,9,13,24,25,12)(2,8,14,23,26,11)(3,7,15,22,27,10)(4,18,19,6,16,21)(5,17,20)
(1,12,25,24,13,9)(2,11,26,23,14,8)(3,10,27,22,15,7)(4,21,16,6,19,18)(5,20,17)
(1,18,25,21,13,6)(2,17,26,20,14,5)(3,16,27,19,15,4)(7,24,10,9,22,12)(8,23,11)
(1,6,13,21,25,18)(2,5,14,20,26,17)(3,4,15,19,27,16)(7,12,22,9,10,24)(8,11,23)
(1,15,25,3,13,27)(2,14,26)(4,24,16,9,19,12)(5,23,17,8,20,11)(6,22,18,7,21,10)
(1,27,13,3,25,15)(2,26,14)(4,12,19,9,16,24)(5,11,20,8,17,23)(6,10,21,7,18,22)
(1,22,19)(2,14,20,17,23,11)(3,6,21,9,24,27)(4,10,7,13,25,16)(5,26,8)(12,18,15)
(1,13,25)(2,12,26,24,14,9)(3,11,27,23,15,8)(4,22,16,7,19,10)(5,21,17,6,20,18)
(1,25,13)(2,9,14,24,26,12)(3,8,15,23,27,11)(4,10,19,7,16,22)(5,18,20,6,17,21)
(1,19,22)(2,20,23)(3,21,24)(4,10,25,16,7,13)(5,11,26,17,8,14)(6,12,27,18,9,15)
(1,3,4,6,10,12)(2,11,5)(7,27,13,18,19,24)(8,23,14,26,20,17)(9,16,15,22,21,25)
(1,12,10,6,4,3)(2,5,11)(7,24,19,18,13,27)(8,17,20,26,14,23)(9,25,21,22,15,16)
(1,20,7,26,16,11)(2,25,8,10,17,19)(3,18,9)(4,5,13,14,22,23)(6,21,15,27,24,12)
(1,4,22,25,19,7)(2,5,23,26,20,8)(3,6,24,27,21,9)(10,13,16)(11,14,17)(12,15,18)
(1,7,19,25,22,4)(2,8,20,26,23,5)(3,9,21,27,24,6)(10,16,13)(11,17,14)(12,18,15)
(1,10,19,13,22,16)(2,11,20,14,23,17)(3,12,21,15,24,18)(4,25,7)(5,26,8)(6,27,9)
(1,16,22,13,19,10)(2,17,23,14,20,11)(3,18,24,15,21,12)(4,7,25)(5,8,26)(6,9,27)
(1,11,16,26,7,20)(2,19,17,10,8,25)(3,9,18)(4,23,22,14,13,5)(6,12,24,27,15,21)
(1,25,19,4,22,7)(2,17,20,11,23,14)(3,24,21)(5,26,8)(6,18,9,12,27,15)(10,16,13)
(1,7,22,4,19,25)(2,14,23,11,20,17)(3,21,24)(5,8,26)(6,15,27,12,9,18)(10,13,16)
(1,16,19,10,22,13)(2,23,20)(3,27,21,6,24,9)(4,25,7)(5,17,8,11,26,14)(12,18,15)
(1,13,22,10,19,16)(2,20,23)(3,9,24,6,21,27)(4,7,25)(5,14,26,11,8,17)(12,15,18)
(1,14,16,5,7,23)(2,22,17,13,8,4)(3,27,18,21,9,12)(6,15,24)(10,26,25,20,19,11)
(1,4,19,7,22,25)(2,23,20)(3,15,21,18,24,12)(5,11,8,14,26,17)(6,27,9)(10,16,13)
(1,23,7,5,16,14)(2,4,8,13,17,22)(3,12,9,21,18,27)(6,24,15)(10,11,19,20,25,26)
(1,25,22,7,19,4)(2,20,23)(3,12,24,18,21,15)(5,17,26,14,8,11)(6,9,27)(10,13,16)
(1,24,4,27,10,18)(2,17,5,23,11,26)(3,25,6,16,12,22)(7,9,13,15,19,21)(8,20,14)
(1,10,7,19,16,25)(2,3,8,9,17,18)(4,22,13)(5,27,14,12,23,21)(6,11,15,20,24,26)
(1,13,7,22,16,4)(2,21,8,27,17,12)(3,26,9,11,18,20)(5,6,14,15,23,24)(10,25,19)
(1,13,19,16,22,10)(2,5,20,8,23,26)(3,24,21)(4,25,7)(6,12,9,15,27,18)(11,17,14)
(1,17,25,26,10,2)(3,6,24,9,21,27)(4,8,13,23,19,14)(5,16,20,22,11,7)(12,15)
(1,7,19,4,22,25)(2,3,11,27,26,18)(5,15,20,24,14,9)(6,8,12,23,21,17)(13,16)
(1,16,22,10,19,13)(2,9,14,18,8,21)(3,20,6,17,15,26)(5,24,23,27,11,12)(7,25)
(1,13,19,10,22,16)(2,21,8,18,14,9)(3,26,15,17,6,20)(5,12,11,27,23,24)(7,25)
(1,4,22,7,19,25)(2,12,26,6,11,21)(3,20,18,5,27,14)(8,9,17,24,23,15)(10,13)
(1,25,19,7,22,4)(2,21,11,6,26,12)(3,14,27,5,18,20)(8,15,23,24,17,9)(10,13)
(1,4,19,25,22,7)(2,24,11,9,26,15)(3,17,27,8,18,23)(5,12,20,21,14,6)(10,16)
(1,7,22,25,19,4)(2,15,26,9,11,24)(3,23,18,8,27,17)(5,6,14,21,20,12)(10,16)
(1,10,19,16,22,13)(2,3,8,15,14,6)(4,25)(5,18,11,9,23,21)(12,17,27,20,24,26)
(1,13,22,16,19,10)(2,6,14,15,8,3)(4,25)(5,21,23,9,11,18)(12,26,24,20,27,17)
(1,10,22,13,19,16)(2,27,14,12,8,24)(3,23,6,11,15,5)(4,7)(9,17,18,26,21,20)
(1,16,19,13,22,10)(2,24,8,12,14,27)(3,5,15,11,6,23)(4,7)(9,20,21,26,18,17)
(1,26,4,20,16,14)(2,10,11,19,8,7)(5,25,23,13,17,22)(6,18,27,12,9,15)(21,24)
(1,25,22,4,19,7)(2,18,26,27,11,3)(5,9,14,24,20,15)(6,17,21,23,12,8)(13,16)
(1,2,10,26,25,17)(3,27,21,9,24,6)(4,14,19,23,13,8)(5,7,11,22,20,16)(12,15)
(1,5,4,23,16,17)(2,13,11,22,8,25)(3,21)(6,12,27,15,9,18)(7,20,10,14,19,26)
(1,17,16,23,4,5)(2,25,8,22,11,13)(3,21)(6,18,9,15,27,12)(7,26,19,14,10,20)
(1,5,13,14,7,2)(3,18,24,12,21,15)(4,20,22,8,10,17)(9,27)(11,25,23,19,26,16)
(1,2,7,14,13,5)(3,15,21,12,24,18)(4,17,10,8,22,20)(9,27)(11,16,26,19,23,25)
(1,23,7,11,13,26)(2,4,14,10,5,22)(3,12,21,18,24,15)(6,27)(8,19,20,25,17,16)
(1,26,13,11,7,23)(2,22,5,10,14,4)(3,15,24,18,21,12)(6,27)(8,16,17,25,20,19)
(1,23,10,8,25,14)(2,16,26,7,17,22)(3,9,21,6,24,27)(4,11,19,20,13,5)(15,18)
(1,14,25,8,10,23)(2,22,17,7,26,16)(3,27,24,6,21,9)(4,5,13,20,19,11)(15,18)
(1,8,13,17,7,20)(2,19,5,16,14,25)(3,12,24,15,21,18)(4,23,22,26,10,11)(6,9)
(1,20,7,17,13,8)(2,25,14,16,5,19)(3,18,21,15,24,12)(4,11,10,26,22,23)(6,9)
(1,11,25,5,10,20)(2,19,17,4,26,13)(3,9,24,27,21,6)(7,8,16,23,22,14)(12,18)
(1,20,10,5,25,11)(2,13,26,4,17,19)(3,6,21,27,24,9)(7,14,22,23,16,8)(12,18)
(1,11,16,2,4,8)(3,24)(5,19,17,10,23,7)(6,12,9,18,27,15)(13,20,25,26,22,14)
(1,8,4,2,16,11)(3,24)(5,7,23,10,17,19)(6,15,27,18,9,12)(13,14,22,26,25,20)
(1,3,4,15,13,9)(2,11,23,14,20,17)(5,8)(6,19,24,7,12,16)(10,27,22,21,25,18)
(1,9,13,15,4,3)(2,17,20,14,23,11)(5,8)(6,16,12,7,24,19)(10,18,25,21,22,27)
(1,12,25,27,16,3)(2,5,20,26,23,8)(4,9,10,24,19,18)(6,13,21,22,15,7)(11,17)
(1,3,16,27,25,12)(2,8,23,26,20,5)(4,18,19,24,10,9)(6,7,15,22,21,13)(11,17)
(1,12,10,21,7,9)(2,20)(3,25,6,19,18,13)(4,27,22,15,16,24)(5,11,26,14,8,17)
(1,9,7,21,10,12)(2,20)(3,13,18,19,6,25)(4,24,16,15,22,27)(5,17,8,14,26,11)
(1,27,13,18,4,21)(2,11,20,17,23,14)(3,19,9,16,15,7)(5,26)(6,10,12,25,24,22)
(1,21,4,18,13,27)(2,14,23,17,20,11)(3,7,15,16,9,19)(5,26)(6,22,24,25,12,10)
(1,24,16,9,25,18)(2,5,23,8,20,26)(3,13,27,7,12,22)(4,15,19,21,10,6)(11,14)
(1,18,25,9,16,24)(2,26,20,8,23,5)(3,22,12,7,27,13)(4,6,10,21,19,15)(11,14)
(1,22)(2,15,17,21,5,27)(3,8,9,20,12,11)(4,10,7,16,25,13)(6,23,18,14,24,26)
(1,18,10,3,7,6)(4,9,22,12,16,21)(5,17,26,11,8,14)(13,24,25,27,19,15)(20,23)
(1,6,13,12,4,24)(2,14,20,11,23,17)(3,22,9,10,15,25)(7,21,19,27,16,18)(8,26)
(1,24,4,12,13,6)(2,17,23,11,20,14)(3,25,15,10,9,22)(7,18,16,27,19,21)(8,26)
(1,15,25,6,16,21)(2,8,20,5,23,26)(3,19,12,4,27,10)(7,9,13,24,22,18)(14,17)
(1,21,16,6,25,15)(2,26,23,5,20,8)(3,10,27,4,12,19)(7,18,22,24,13,9)(14,17)
(1,15,10,24,7,27)(2,23)(3,4,6,22,18,16)(5,14,26,17,8,11)(9,19,12,13,21,25)
(1,27,7,24,10,15)(2,23)(3,16,18,22,6,4)(5,11,8,17,26,14)(9,25,21,13,12,19)
(2,6,5,24,17,18)(3,14,12,23,9,26)(4,16,25,10,7,13)(8,21,11,15,20,27)(19,22)
(2,18,17,24,5,6)(3,26,9,23,12,14)(4,13,7,10,25,16)(8,27,20,15,11,21)(19,22)
(1,19)(2,9,5,3,17,12)(4,10,25,13,7,16)(6,8,24,11,18,20)(14,15,23,27,26,21)
(1,19)(2,12,17,3,5,9)(4,16,7,13,25,10)(6,20,18,11,24,8)(14,21,26,27,23,15)
(1,22)(2,27,5,21,17,15)(3,11,12,20,9,8)(4,13,25,16,7,10)(6,26,24,14,18,23)
(1,6,7,3,10,18)(4,21,16,12,22,9)(5,14,8,11,26,17)(13,15,19,27,25,24)(20,23)
(1,14,16,20,4,26)(2,7,8,19,11,10)(5,22,17,13,23,25)(6,15,9,12,27,18)(21,24)
(1,2,3,19,20,21,22,23,24)(4,5,6,7,8,9,25,26,27)(10,11,12,13,14,15,16,17,18)
(1,18,26,22,15,8,19,12,5)(2,10,27,23,16,9,20,13,6)(3,11,4,24,17,25,21,14,7)
(1,15,5,22,12,26,19,18,8)(2,16,6,23,13,27,20,10,9)(3,17,7,24,14,4,21,11,25)
(1,12,8,22,18,5,19,15,26)(2,13,9,23,10,6,20,16,27)(3,14,25,24,11,7,21,17,4)
(1,26,15,19,5,18,22,8,12)(2,27,16,20,6,10,23,9,13)(3,4,17,21,7,11,24,25,14)
(1,8,18,19,26,12,22,5,15)(2,9,10,20,27,13,23,6,16)(3,25,11,21,4,14,24,7,17)
(1,11,6,19,14,9,22,17,27)(2,12,7,20,15,25,23,18,4)(3,13,8,21,16,26,24,10,5)
(1,14,27,19,17,6,22,11,9)(2,15,4,20,18,7,23,12,25)(3,16,5,21,10,8,24,13,26)
(1,17,9,19,11,27,22,14,6)(2,18,25,20,12,4,23,15,7)(3,10,26,21,13,5,24,16,8)
(1,20,24,19,23,3,22,2,21)(4,8,27,7,26,6,25,5,9)(10,14,18,13,17,12,16,11,15)
(1,6,14,22,27,11,19,9,17)(2,7,15,23,4,12,20,25,18)(3,8,16,24,5,13,21,26,10)
(1,9,11,22,6,17,19,27,14)(2,25,12,23,7,18,20,4,15)(3,26,13,24,8,10,21,5,16)
(1,27,17,22,9,14,19,6,11)(2,4,18,23,25,15,20,7,12)(3,5,10,24,26,16,21,8,13)
(1,24,23,22,21,20,19,3,2)(4,27,26,25,9,8,7,6,5)(10,18,17,16,15,14,13,12,11)
(1,21,2,22,3,23,19,24,20)(4,9,5,25,6,26,7,27,8)(10,15,11,16,12,17,13,18,14)
(1,3,20,22,24,2,19,21,23)(4,6,8,25,27,5,7,9,26)(10,12,14,16,18,11,13,15,17)
(1,23,21,19,2,24,22,20,3)(4,26,9,7,5,27,25,8,6)(10,17,15,13,11,18,16,14,12)
(1,5,12,19,8,15,22,26,18)(2,6,13,20,9,16,23,27,10)(3,7,14,21,25,17,24,4,11)
(1,6,5,13,12,20,19,9,8,16,15,23,22,27,26,10,18,2)(3,17,7,24,14,4,21,11,25)
(1,9,11,22,6,17,19,27,14)(2,16,12,26,7,24,20,10,15,5,25,3,23,13,18,8,4,21)
(1,8,27,13,17,3,22,5,9,10,14,24,19,26,6,16,11,21)(2,15,4,20,18,7,23,12,25)
(1,26,9,13,11,24,22,8,6,10,17,21,19,5,27,16,14,3)(2,18,25,20,12,4,23,15,7)
(1,5,6,13,14,21,22,26,27,10,11,3,19,8,9,16,17,24)(2,12,7,20,15,25,23,18,4)
(1,24,5,4,12,11,19,3,8,7,15,14,22,21,26,25,18,17)(2,16,6,23,13,27,20,10,9)
(1,9,26,13,15,2,19,27,5,16,18,20,22,6,8,10,12,23)(3,11,4,24,17,25,21,14,7)
(1,27,8,13,18,23,19,6,26,16,12,2,22,9,5,10,15,20)(3,14,25,24,11,7,21,17,4)
(1,20,15,10,5,9,22,2,12,16,26,6,19,23,18,13,8,27)(3,4,17,21,7,11,24,25,14)
(1,23,12,10,8,6,22,20,18,16,5,27,19,2,15,13,26,9)(3,7,14,21,25,17,24,4,11)
(1,3,26,4,15,17,19,21,5,7,18,11,22,24,8,25,12,14)(2,10,27,23,16,9,20,13,6)
(1,21,8,4,18,14,19,24,26,7,12,17,22,3,5,25,15,11)(2,13,9,23,10,6,20,16,27)
(1,3,14,16,27,5,19,21,17,10,6,8,22,24,11,13,9,26)(2,7,15,23,4,12,20,25,18)
(1,14,12,25,8,24,22,11,18,7,5,21,19,17,15,4,26,3)(2,6,13,20,9,16,23,27,10)
(1,17,18,25,26,21,22,14,15,7,8,3,19,11,12,4,5,24)(2,9,10,20,27,13,23,6,16)
(1,14,27,19,17,6,22,11,9)(2,21,4,8,18,13,23,3,25,5,15,10,20,24,7,26,12,16)
(1,2,18,10,26,27,22,23,15,16,8,9,19,20,12,13,5,6)(3,25,11,21,4,14,24,7,17)
(1,24,17,16,9,8,19,3,11,10,27,26,22,21,14,13,6,5)(2,4,18,23,25,15,20,7,12)
(1,18,17,25,9,20,19,12,11,4,27,23,22,15,14,7,6,2)(3,5,10,24,26,16,21,8,13)
(1,12,14,25,27,2,19,15,17,4,6,20,22,18,11,7,9,23)(3,8,16,24,5,13,21,26,10)
(1,23,9,7,11,18,22,20,6,4,17,15,19,2,27,25,14,12)(3,10,26,21,13,5,24,16,8)
(1,2,6,7,14,15,22,23,27,4,11,12,19,20,9,25,17,18)(3,13,8,21,16,26,24,10,5)
(1,20,27,7,17,12,22,2,9,4,14,18,19,23,6,25,11,15)(3,16,5,21,10,8,24,13,26)
(1,5,12,19,8,15,22,26,18)(2,24,13,11,9,7,23,21,10,17,6,4,20,3,16,14,27,25)
(1,12,8,22,18,5,19,15,26)(2,4,9,14,10,24,20,7,27,17,13,3,23,25,6,11,16,21)
(1,8,18,19,26,12,22,5,15)(2,3,10,11,27,4,23,24,16,17,9,25,20,21,13,14,6,7)
(1,15,5,22,12,26,19,18,8)(2,7,6,14,13,21,20,25,9,17,16,24,23,4,27,11,10,3)
(1,26,15,19,5,18,22,8,12)(2,21,16,11,6,25,23,3,13,17,27,7,20,24,10,14,9,4)
(1,18,26,22,15,8,19,12,5)(2,25,27,14,16,3,20,4,6,17,10,21,23,7,9,11,13,24)
(1,21,2,22,3,23,19,24,20)(4,12,5,13,6,14,7,15,8,16,9,17,25,18,26,10,27,11)
(1,2,3,19,20,21,22,23,24)(4,17,6,10,8,12,25,14,27,16,5,18,7,11,9,13,26,15)
(1,3,20,22,24,2,19,21,23)(4,18,8,13,27,17,7,12,26,16,6,11,25,15,5,10,9,14)
(1,11,21,16,2,12,22,17,3,13,23,18,19,14,24,10,20,15)(4,26,9,7,5,27,25,8,6)
(1,15,20,10,24,14,19,18,23,13,3,17,22,12,2,16,21,11)(4,6,8,25,27,5,7,9,26)
(1,12,23,10,21,17,19,15,2,13,24,11,22,18,20,16,3,14)(4,27,26,25,9,8,7,6,5)
(1,18,2,10,3,11,19,12,20,13,21,14,22,15,23,16,24,17)(4,9,5,25,6,26,7,27,8)
(1,14,3,16,20,18,22,11,24,13,2,15,19,17,21,10,23,12)(4,5,6,7,8,9,25,26,27)
(1,17,9,19,11,27,22,14,6)(2,24,25,8,12,10,23,21,7,5,18,16,20,3,4,26,15,13)
(1,6,14,22,27,11,19,9,17)(2,13,15,26,4,3,20,16,18,5,7,21,23,10,12,8,25,24)
(1,11,6,19,14,9,22,17,27)(2,3,7,8,15,16,23,24,4,5,12,13,20,21,25,26,18,10)
(1,21,11,16,6,26,19,24,14,10,9,5,22,3,17,13,27,8)(2,25,12,23,7,18,20,4,15)
(1,8,21,4,2,9,22,5,3,25,23,6,19,26,24,7,20,27)(10,17,15,13,11,18,16,14,12)
(1,5,24,4,23,27,22,26,21,25,20,9,19,8,3,7,2,6)(10,14,18,13,17,12,16,11,15)
(1,26,3,4,20,6,22,8,24,25,2,27,19,5,21,7,23,9)(10,11,12,13,14,15,16,17,18)
(1,9,23,7,21,5,19,27,2,25,24,8,22,6,20,4,3,26)(10,18,17,16,15,14,13,12,11)
(1,6,2,7,3,8,19,9,20,25,21,26,22,27,23,4,24,5)(10,15,11,16,12,17,13,18,14)
(1,27,20,7,24,26,19,6,23,25,3,5,22,9,2,4,21,8)(10,12,14,16,18,11,13,15,17)
(1,17,24,16,23,15,22,14,21,13,20,12,19,11,3,10,2,18)(4,8,27,7,26,6,25,5,9)
(1,27,17,22,9,14,19,6,11)(2,10,18,26,25,21,20,13,12,5,4,24,23,16,15,8,7,3)
(1,23,21,19,2,24,22,20,3)(4,14,9,10,5,15,25,11,6,16,26,12,7,17,27,13,8,18)
(1,24,23,22,21,20,19,3,2)(4,15,26,13,9,11,7,18,5,16,27,14,25,12,8,10,6,17)
(1,20,24,19,23,3,22,2,21)(4,11,27,10,26,18,25,17,9,16,8,15,7,14,6,13,5,12)
(1,15,11,25,6,23,19,18,14,4,9,2,22,12,17,7,27,20)(3,26,13,24,8,10,21,5,16)
(1,11,15,25,5,3,22,17,12,7,26,24,19,14,18,4,8,21)(2,27,16,20,6,10,23,9,13)