(1,16)(2,17)(3,29)(4,7)(5,32)(6,14)(8,36)(9,22)(10,30)(11,31)(12,21)(13,24)(15,25)(18,33)(19,28)(20,26)(23,35)(27,34)
(1,14)(2,29)(3,17)(4,24)(5,31)(6,16)(7,13)(8,20)(9,28)(10,35)(11,32)(12,25)(15,21)(18,34)(19,22)(23,30)(26,36)(27,33)
(1,15)(2,28)(3,22)(4,31)(5,8)(6,12)(7,36)(9,30)(10,17)(11,26)(13,32)(14,18)(16,27)(19,35)(20,24)(21,34)(23,29)(25,33)
(1,29)(2,14)(3,24)(4,17)(5,35)(6,13)(7,16)(8,19)(9,34)(10,31)(11,25)(12,32)(15,23)(18,28)(20,22)(21,30)(26,33)(27,36)
(1,4)(2,7)(3,16)(5,21)(6,17)(8,34)(9,26)(10,12)(11,30)(13,29)(14,24)(15,31)(18,20)(19,33)(22,27)(23,32)(25,35)(28,36)
(1,12)(2,22)(3,28)(4,32)(5,26)(6,15)(7,20)(8,11)(9,35)(10,29)(13,31)(14,27)(16,18)(17,23)(19,30)(21,33)(24,36)(25,34)
(1,33)(2,35)(3,30)(4,26)(5,7)(6,34)(8,13)(9,17)(10,28)(11,24)(12,18)(14,25)(15,27)(16,21)(19,29)(20,32)(22,23)(31,36)
(1,2)(3,4)(5,10)(6,7)(8,22)(9,18)(11,12)(13,16)(14,29)(15,30)(17,24)(19,20)(21,23)(25,32)(26,27)(28,34)(31,35)(33,36)
(1,31)(2,36)(3,27)(4,15)(5,34)(6,10)(7,28)(8,21)(9,11)(12,17)(13,23)(14,20)(16,22)(18,24)(19,25)(26,30)(29,32)(33,35)
(1,7)(2,27)(3,13)(4,12)(5,33)(6,23)(8,30)(9,25)(10,11)(14,17)(15,35)(16,20)(18,26)(19,36)(21,32)(22,34)(24,28)(29,31)
(1,10)(2,4)(3,18)(5,23)(6,24)(7,22)(8,27)(9,20)(11,34)(12,30)(13,15)(14,36)(16,29)(17,32)(19,21)(25,31)(26,35)(28,33)
(1,34)(2,30)(3,35)(4,8)(5,24)(6,33)(7,11)(9,29)(10,22)(12,27)(13,26)(14,21)(15,18)(16,25)(17,19)(20,31)(23,28)(32,36)
(1,6)(2,3)(4,13)(5,11)(7,24)(8,26)(9,19)(10,23)(12,15)(14,16)(17,29)(18,27)(20,36)(21,25)(22,28)(30,35)(31,32)(33,34)
(1,28)(2,26)(3,12)(4,35)(5,22)(6,11)(7,23)(8,15)(9,32)(10,33)(13,27)(14,31)(16,19)(17,20)(18,30)(21,29)(24,34)(25,36)
(1,5)(2,15)(3,8)(4,18)(6,22)(7,33)(9,14)(10,24)(11,28)(12,26)(13,30)(16,32)(17,25)(19,31)(20,21)(23,34)(27,35)(29,36)
(1,8)(2,11)(3,25)(4,34)(5,14)(6,19)(7,30)(9,13)(10,27)(12,22)(15,20)(16,35)(17,33)(18,31)(21,24)(23,36)(26,29)(28,32)
(1,9)(2,21)(3,5)(4,19)(6,26)(7,25)(8,17)(10,20)(11,16)(12,36)(13,33)(14,30)(15,28)(18,23)(22,31)(24,35)(27,32)(29,34)
(1,24)(2,13)(3,6)(4,14)(5,15)(7,29)(8,18)(9,36)(10,25)(11,23)(12,35)(16,17)(19,27)(20,34)(21,31)(22,33)(26,28)(30,32)
(1,23)(2,18)(3,20)(4,10)(5,19)(6,32)(7,27)(8,35)(9,21)(11,33)(12,13)(14,28)(15,29)(16,36)(17,31)(22,24)(25,26)(30,34)
(1,3)(2,5)(4,9)(6,8)(7,17)(10,21)(11,15)(12,28)(13,14)(16,30)(18,19)(20,23)(22,26)(24,25)(27,31)(29,33)(32,35)(34,36)
(1,27)(2,34)(3,31)(4,11)(5,36)(6,21)(7,12)(8,10)(9,15)(13,20)(14,23)(16,26)(17,28)(18,25)(19,24)(22,30)(29,35)(32,33)
(1,20)(2,19)(3,23)(4,21)(5,18)(6,35)(7,31)(8,32)(9,10)(11,29)(12,14)(13,28)(15,33)(16,34)(17,27)(22,25)(24,26)(30,36)
(1,30)(2,10)(3,9)(4,22)(5,17)(6,36)(7,8)(11,27)(12,34)(13,25)(14,33)(15,16)(18,29)(19,23)(20,35)(21,28)(24,32)(26,31)
(1,26)(2,6)(3,11)(4,16)(5,12)(7,21)(8,28)(9,27)(10,36)(13,19)(14,35)(15,22)(17,34)(18,32)(20,33)(23,25)(24,29)(30,31)
(1,19)(2,20)(3,21)(4,23)(5,9)(6,31)(7,35)(8,25)(10,18)(11,14)(12,29)(13,34)(15,36)(16,28)(17,26)(22,32)(24,27)(30,33)
(1,25)(2,32)(3,33)(4,36)(5,13)(6,18)(7,9)(8,14)(10,16)(11,20)(12,19)(15,24)(17,30)(21,27)(22,29)(23,26)(28,35)(31,34)
(1,32)(2,25)(3,36)(4,33)(5,16)(6,9)(7,18)(8,29)(10,13)(11,19)(12,20)(14,22)(15,17)(21,26)(23,27)(24,30)(28,31)(34,35)
(1,15)(2,24)(3,18)(4,6)(7,36)(9,33)(10,13)(11,34)(12,31)(14,22)(17,32)(19,35)(20,28)(21,26)(25,30)
(1,25)(2,9)(3,19)(4,36)(5,11)(6,21)(7,32)(12,33)(13,20)(15,34)(17,29)(18,27)(22,30)(24,31)(28,35)
(2,4)(3,7)(5,12)(6,16)(8,20)(9,27)(11,21)(13,17)(15,32)(18,22)(19,34)(23,30)(24,29)(25,31)(28,33)
(1,16)(2,21)(3,26)(5,6)(8,36)(9,11)(10,34)(12,17)(13,33)(14,32)(18,24)(20,29)(22,31)(23,35)(27,30)
(1,22)(2,12)(3,28)(4,32)(5,15)(6,26)(7,29)(9,31)(10,20)(13,35)(14,30)(19,27)(21,36)(24,33)(25,34)
(1,18)(2,15)(3,24)(4,5)(7,33)(8,10)(9,34)(11,36)(12,32)(14,23)(16,26)(17,35)(19,31)(25,27)(28,29)
(2,8)(3,5)(4,14)(6,15)(7,20)(10,25)(11,22)(13,18)(16,31)(17,21)(19,30)(23,33)(26,28)(27,32)(29,34)
(2,12)(3,20)(4,7)(5,14)(6,32)(9,31)(10,27)(11,22)(13,18)(15,25)(17,21)(19,28)(24,33)(26,29)(30,34)
(1,11)(2,12)(3,27)(4,26)(5,34)(6,7)(9,31)(10,28)(14,25)(15,30)(17,36)(18,35)(19,20)(24,33)(29,32)
(1,22)(2,8)(3,30)(4,15)(5,10)(6,34)(7,28)(13,35)(14,29)(16,31)(19,25)(20,32)(21,36)(23,33)(26,27)
(1,24)(2,18)(3,15)(5,6)(7,34)(8,13)(9,36)(11,33)(12,35)(16,21)(17,31)(19,32)(20,29)(22,23)(27,30)
(1,11)(2,8)(3,25)(4,34)(5,19)(6,14)(7,27)(10,30)(15,29)(16,31)(17,36)(18,35)(20,26)(23,33)(28,32)
(1,34)(2,24)(3,35)(5,30)(6,29)(7,21)(9,33)(10,18)(11,14)(12,31)(13,19)(15,22)(17,26)(20,27)(32,36)
(1,14)(2,24)(3,13)(4,29)(5,25)(7,17)(9,33)(10,35)(11,15)(12,31)(18,19)(21,32)(22,34)(26,36)(27,28)
(3,4)(5,7)(6,10)(8,12)(9,16)(11,22)(13,18)(14,20)(15,27)(17,21)(19,29)(23,24)(25,32)(26,30)(28,34)
(1,8)(2,22)(3,15)(4,30)(6,28)(7,34)(9,18)(11,12)(13,31)(16,35)(17,24)(19,32)(20,25)(21,33)(23,36)
(1,28)(2,23)(4,35)(5,17)(6,13)(7,26)(8,31)(10,19)(11,27)(14,15)(16,33)(18,29)(20,22)(21,30)(25,36)
(1,5)(2,9)(4,21)(6,17)(7,26)(10,19)(11,30)(12,33)(13,28)(14,15)(18,20)(22,25)(24,31)(27,35)(29,36)
(1,30)(2,9)(3,10)(4,17)(5,22)(6,36)(11,25)(12,33)(13,27)(14,34)(18,28)(20,35)(21,29)(24,31)(26,32)
(1,10)(3,22)(5,30)(6,29)(7,18)(8,9)(11,19)(12,23)(13,32)(14,36)(15,17)(16,24)(20,27)(21,34)(26,35)
(1,19)(3,11)(4,29)(5,25)(7,35)(8,9)(10,22)(12,23)(13,26)(14,21)(15,36)(16,24)(17,34)(18,32)(27,28)
(1,3)(4,6)(7,13)(8,9)(10,11)(12,23)(14,17)(15,21)(16,24)(18,26)(19,22)(20,28)(25,30)(32,35)(34,36)
(1,4)(3,10)(5,18)(6,22)(8,24)(9,23)(11,29)(12,16)(13,30)(14,34)(17,27)(20,21)(25,35)(26,32)(28,36)
(1,29)(3,19)(4,22)(5,35)(6,11)(7,32)(8,24)(9,23)(12,16)(13,25)(15,34)(17,20)(18,30)(21,28)(27,36)
(1,20)(2,23)(3,19)(4,18)(5,21)(6,35)(7,32)(8,31)(11,28)(13,29)(15,34)(16,33)(17,25)(22,27)(30,36)
(1,33)(2,35)(3,26)(4,30)(6,28)(8,18)(9,21)(10,34)(11,23)(12,13)(14,32)(16,17)(20,25)(22,24)(31,36)
(1,9)(2,17)(4,30)(6,28)(7,10)(8,21)(11,31)(12,36)(13,23)(14,19)(15,26)(16,22)(18,33)(20,25)(24,35)
(1,26)(2,16)(3,21)(4,6)(7,11)(8,33)(10,36)(13,34)(14,35)(15,18)(17,19)(20,28)(22,32)(23,31)(25,30)
(1,6)(4,11)(5,13)(7,26)(8,24)(9,23)(10,19)(12,16)(14,15)(17,28)(18,25)(20,36)(21,27)(22,29)(30,35)
(1,12)(2,11)(3,26)(4,27)(5,28)(8,22)(9,35)(10,34)(13,16)(14,32)(17,33)(18,31)(21,23)(24,36)(25,29)
(1,27)(2,23)(3,10)(4,13)(5,36)(6,18)(8,31)(11,20)(14,34)(16,33)(17,30)(21,25)(22,28)(26,32)(29,35)
(1,21)(2,26)(3,16)(4,5)(7,9)(8,34)(10,33)(12,19)(13,36)(14,31)(15,24)(22,35)(23,32)(25,27)(28,29)
(1,21)(2,34)(3,31)(5,20)(6,27)(7,16)(8,19)(9,14)(10,24)(12,26)(13,36)(15,23)(22,35)(29,30)(32,33)
(1,21)(2,19)(3,9)(4,20)(6,25)(7,31)(8,26)(10,23)(12,34)(13,36)(14,16)(15,33)(22,35)(24,32)(28,30)
(1,17)(2,28)(4,31)(5,9)(6,23)(7,14)(8,30)(10,15)(11,35)(12,29)(16,20)(18,36)(19,26)(24,27)(25,33)
(1,17)(2,30)(3,7)(4,9)(5,16)(6,33)(8,29)(11,35)(12,28)(15,32)(18,36)(19,34)(20,31)(23,27)(24,25)
(1,17)(2,29)(3,14)(4,16)(5,31)(6,24)(8,28)(9,20)(10,32)(11,35)(12,30)(18,36)(23,25)(26,34)(27,33)
(1,18)(2,32)(3,33)(4,20)(6,25)(7,23)(8,15)(9,26)(10,12)(11,36)(14,24)(16,19)(17,35)(28,30)(31,34)
(1,18)(2,10)(3,23)(5,20)(6,27)(7,24)(8,32)(9,19)(11,36)(12,15)(14,33)(16,34)(17,35)(26,31)(29,30)
(1,2)(5,6)(7,10)(8,11)(9,13)(12,22)(14,19)(15,26)(16,18)(17,23)(20,29)(21,24)(27,30)(31,35)(33,36)
(1,13)(2,27)(3,7)(4,23)(5,33)(6,12)(8,25)(9,30)(15,32)(16,28)(19,34)(20,24)(21,35)(22,36)(29,31)
(1,13)(2,25)(3,14)(4,33)(5,24)(6,8)(9,29)(10,32)(12,27)(16,30)(20,23)(21,35)(22,36)(26,34)(28,31)
(2,7)(3,12)(5,20)(6,27)(8,14)(9,32)(10,16)(11,13)(15,31)(17,22)(18,21)(19,33)(23,26)(24,34)(29,30)
(2,3)(4,5)(7,8)(9,10)(11,13)(12,14)(15,16)(17,22)(18,21)(19,23)(24,26)(25,27)(28,29)(31,32)(33,34)
(2,14)(3,8)(4,20)(6,25)(7,12)(9,15)(10,31)(11,13)(16,32)(17,22)(18,21)(19,24)(23,34)(26,33)(28,30)
(2,20)(3,14)(4,12)(5,8)(6,31)(9,25)(10,32)(11,21)(13,17)(16,27)(18,22)(23,29)(24,28)(26,34)(30,33)
(2,5)(4,8)(6,9)(7,14)(10,15)(11,21)(12,20)(13,17)(16,25)(18,22)(19,26)(23,28)(24,30)(27,31)(29,33)
(1,7)(2,16)(3,17)(5,30)(6,29)(8,33)(10,21)(11,32)(13,14)(15,35)(18,34)(19,36)(20,27)(22,26)(23,31)
(1,32)(2,16)(3,36)(4,29)(5,25)(7,22)(8,33)(10,17)(11,26)(13,15)(14,18)(19,21)(23,31)(27,28)(34,35)
(1,22)(3,29)(4,10)(5,32)(6,19)(7,30)(8,12)(9,16)(13,35)(14,28)(15,20)(21,36)(23,24)(25,26)(27,34)
(1,11)(3,6)(4,19)(5,26)(7,25)(8,12)(9,16)(10,29)(14,27)(15,28)(17,36)(18,35)(20,34)(23,24)(30,32)
(1,31)(2,36)(3,15)(4,27)(5,28)(7,34)(8,17)(9,22)(11,16)(12,21)(13,24)(18,23)(19,32)(25,29)(33,35)
(1,13)(2,6)(4,24)(5,23)(7,14)(8,27)(9,28)(10,15)(12,25)(16,29)(19,26)(20,33)(21,35)(22,36)(30,31)
(1,23)(2,13)(4,27)(5,28)(7,10)(8,35)(9,17)(11,24)(12,18)(14,19)(15,26)(16,36)(21,31)(22,33)(25,29)
(1,4,7)(2,16,12)(3,21,27)(5,34,13)(6,26,11)(8,24,33)(9,31,23)(10,17,20)(14,18,30)(15,35,25)(19,36,28)(22,29,32)
(1,15,16)(2,18,26)(3,24,21)(4,5,6)(7,8,36)(9,13,34)(10,33,11)(12,22,32)(14,31,17)(19,23,35)(20,28,29)(25,27,30)
(1,16,15)(2,26,18)(3,21,24)(4,6,5)(7,36,8)(9,34,13)(10,11,33)(12,32,22)(14,17,31)(19,35,23)(20,29,28)(25,30,27)
(1,7,12)(2,13,32)(3,33,22)(4,27,20)(5,30,28)(6,25,29)(8,17,26)(9,35,15)(10,23,18)(11,14,16)(19,24,36)(21,34,31)
(1,33,29)(2,5,35)(3,26,19)(4,18,24)(6,21,23)(7,32,14)(8,30,22)(9,28,11)(10,15,34)(12,25,17)(13,16,20)(27,36,31)
(1,29,33)(2,35,5)(3,19,26)(4,24,18)(6,23,21)(7,14,32)(8,22,30)(9,11,28)(10,34,15)(12,17,25)(13,20,16)(27,31,36)
(1,16,25)(2,6,11)(3,26,19)(4,36,8)(5,21,9)(7,32,14)(10,15,34)(12,29,13)(17,33,20)(18,31,30)(22,24,27)(23,28,35)
(1,25,16)(2,11,6)(3,19,26)(4,8,36)(5,9,21)(7,14,32)(10,34,15)(12,13,29)(17,20,33)(18,30,31)(22,27,24)(23,35,28)
(1,12,20)(2,28,21)(3,26,19)(4,22,31)(5,11,23)(6,35,9)(7,32,14)(8,27,18)(10,15,34)(13,33,25)(16,29,17)(24,30,36)
(1,20,12)(2,21,28)(3,19,26)(4,31,22)(5,23,11)(6,9,35)(7,14,32)(8,18,27)(10,34,15)(13,25,33)(16,17,29)(24,36,30)
(1,31,6)(2,20,36)(3,14,15)(4,21,16)(5,17,24)(7,34,26)(8,28,13)(9,29,18)(10,19,32)(11,12,27)(22,23,25)(30,35,33)
(1,6,31)(2,36,20)(3,15,14)(4,16,21)(5,24,17)(7,26,34)(8,13,28)(9,18,29)(10,32,19)(11,27,12)(22,25,23)(30,33,35)
(1,24,28)(2,29,22)(3,14,15)(4,35,12)(5,13,31)(6,17,8)(7,34,26)(9,25,36)(10,19,32)(11,16,30)(18,23,20)(21,33,27)
(1,28,24)(2,22,29)(3,15,14)(4,12,35)(5,31,13)(6,8,17)(7,26,34)(9,36,25)(10,32,19)(11,30,16)(18,20,23)(21,27,33)
(1,2,4)(3,10,7)(5,22,16)(6,18,12)(8,29,21)(9,30,17)(11,24,20)(13,23,27)(14,19,34)(15,32,26)(25,35,31)(28,36,33)
(1,4,2)(3,7,10)(5,16,22)(6,12,18)(8,21,29)(9,17,30)(11,20,24)(13,27,23)(14,34,19)(15,26,32)(25,31,35)(28,33,36)
(1,33,19)(2,7,35)(3,13,23)(4,30,29)(5,25,20)(6,27,28)(8,32,21)(9,14,18)(10,17,24)(11,12,26)(15,36,31)(16,34,22)
(1,19,33)(2,35,7)(3,23,13)(4,29,30)(5,20,25)(6,28,27)(8,21,32)(9,18,14)(10,24,17)(11,26,12)(15,31,36)(16,22,34)
(1,23,30)(2,27,17)(3,10,7)(4,13,9)(5,18,33)(6,36,16)(8,20,35)(11,31,29)(12,28,22)(14,19,34)(15,32,26)(21,24,25)
(1,30,23)(2,17,27)(3,7,10)(4,9,13)(5,33,18)(6,16,36)(8,35,20)(11,29,31)(12,22,28)(14,34,19)(15,26,32)(21,25,24)
(1,9,27)(2,30,13)(3,10,7)(4,17,23)(5,36,12)(6,22,33)(8,25,11)(14,19,34)(15,32,26)(16,28,18)(20,21,31)(24,29,35)
(1,27,9)(2,13,30)(3,7,10)(4,23,17)(5,12,36)(6,33,22)(8,11,25)(14,34,19)(15,26,32)(16,18,28)(20,31,21)(24,35,29)
(1,12,7)(2,32,13)(3,22,33)(4,20,27)(5,28,30)(6,29,25)(8,26,17)(9,15,35)(10,18,23)(11,16,14)(19,36,24)(21,31,34)
(1,7,4)(2,12,16)(3,27,21)(5,13,34)(6,11,26)(8,33,24)(9,23,31)(10,20,17)(14,30,18)(15,25,35)(19,28,36)(22,32,29)
(1,27,15)(2,23,24)(3,13,6)(4,10,18)(5,7,36)(8,12,31)(9,33,16)(11,28,14)(17,25,26)(19,35,29)(20,34,22)(21,30,32)
(1,15,27)(2,24,23)(3,6,13)(4,18,10)(5,36,7)(8,31,12)(9,16,33)(11,14,28)(17,26,25)(19,29,35)(20,22,34)(21,32,30)
(1,28,34)(2,23,24)(3,35,4)(5,26,21)(6,19,18)(7,17,30)(8,12,31)(9,33,16)(10,13,29)(11,20,15)(14,22,27)(25,32,36)
(1,34,28)(2,24,23)(3,4,35)(5,21,26)(6,18,19)(7,30,17)(8,31,12)(9,16,33)(10,29,13)(11,15,20)(14,27,22)(25,36,32)
(1,8,5)(2,25,18)(3,14,15)(4,11,33)(6,13,24)(7,34,26)(9,20,22)(10,19,32)(12,30,21)(16,27,35)(17,31,28)(23,29,36)
(1,5,8)(2,18,25)(3,15,14)(4,33,11)(6,24,13)(7,26,34)(9,22,20)(10,32,19)(12,21,30)(16,35,27)(17,28,31)(23,36,29)
(1,26,24)(2,21,15)(3,16,18)(4,5,6)(7,33,13)(8,11,34)(9,36,10)(12,35,14)(17,32,23)(19,31,22)(20,28,29)(25,27,30)
(1,24,26)(2,15,21)(3,18,16)(4,6,5)(7,13,33)(8,34,11)(9,10,36)(12,14,35)(17,23,32)(19,22,31)(20,29,28)(25,30,27)
(1,13,11)(2,14,27)(3,25,12)(4,24,34)(5,33,26)(6,8,7)(9,32,28)(10,29,31)(15,30,16)(17,36,22)(18,35,21)(19,20,23)
(1,11,13)(2,27,14)(3,12,25)(4,34,24)(5,26,33)(6,7,8)(9,28,32)(10,31,29)(15,16,30)(17,22,36)(18,21,35)(19,23,20)
(1,31,10)(2,14,36)(3,17,9)(4,20,27)(5,28,30)(6,29,25)(7,21,23)(8,15,22)(11,24,32)(12,34,18)(13,16,19)(26,35,33)
(1,10,31)(2,36,14)(3,9,17)(4,27,20)(5,30,28)(6,25,29)(7,23,21)(8,22,15)(11,32,24)(12,18,34)(13,19,16)(26,33,35)
(1,8,14)(2,34,17)(3,11,31)(4,30,29)(5,25,20)(6,27,28)(7,22,24)(9,19,21)(10,35,16)(12,15,13)(18,33,32)(23,26,36)
(1,2,3)(4,6,5)(7,11,9)(8,10,13)(12,19,17)(14,22,23)(15,18,24)(16,26,21)(20,29,28)(25,30,27)(31,32,35)(33,34,36)
(1,3,2)(4,5,6)(7,9,11)(8,13,10)(12,17,19)(14,23,22)(15,24,18)(16,21,26)(20,28,29)(25,27,30)(31,35,32)(33,36,34)
(1,23,34)(2,19,11)(3,35,8)(4,20,27)(5,28,30)(6,29,25)(7,18,31)(9,26,22)(10,21,12)(13,24,14)(15,17,33)(16,32,36)
(1,34,23)(2,11,19)(3,8,35)(4,27,20)(5,30,28)(6,25,29)(7,31,18)(9,22,26)(10,12,21)(13,14,24)(15,33,17)(16,36,32)
(1,9,32)(2,10,22)(3,36,12)(4,30,29)(5,25,20)(6,27,28)(7,17,16)(8,19,18)(11,23,15)(13,31,26)(14,21,33)(24,34,35)
(1,18,21)(2,23,9)(3,10,19)(4,20,5)(6,27,25)(7,32,26)(8,24,31)(11,13,36)(12,33,16)(14,15,34)(17,22,35)(28,30,29)
(1,21,18)(2,9,23)(3,19,10)(4,5,20)(6,25,27)(7,26,32)(8,31,24)(11,36,13)(12,16,33)(14,34,15)(17,35,22)(28,29,30)
(1,20,14)(2,23,24)(3,18,29)(4,19,13)(5,32,17)(6,10,35)(7,21,25)(8,12,31)(9,33,16)(11,27,34)(15,22,28)(26,36,30)
(1,14,20)(2,24,23)(3,29,18)(4,13,19)(5,17,32)(6,35,10)(7,25,21)(8,31,12)(9,16,33)(11,34,27)(15,28,22)(26,30,36)
(1,5,3)(2,8,9)(4,15,17)(6,14,21)(7,18,28)(10,22,30)(11,25,19)(12,33,23)(13,20,26)(16,24,31)(27,32,35)(29,34,36)
(1,3,5)(2,9,8)(4,17,15)(6,21,14)(7,28,18)(10,30,22)(11,19,25)(12,23,33)(13,26,20)(16,31,24)(27,35,32)(29,36,34)
(1,21,17)(2,19,29)(3,20,16)(4,9,14)(5,31,7)(6,23,32)(8,34,30)(10,25,24)(11,35,22)(12,26,28)(13,18,36)(15,27,33)
(1,17,21)(2,29,19)(3,16,20)(4,14,9)(5,7,31)(6,32,23)(8,30,34)(10,24,25)(11,22,35)(12,28,26)(13,36,18)(15,33,27)
(1,25,10)(2,8,9)(3,11,30)(4,14,36)(5,19,22)(6,34,17)(7,13,27)(12,33,23)(15,21,29)(16,24,31)(18,20,32)(26,35,28)
(1,10,25)(2,9,8)(3,30,11)(4,36,14)(5,22,19)(6,17,34)(7,27,13)(12,23,33)(15,29,21)(16,31,24)(18,32,20)(26,28,35)
(1,21,17)(2,34,28)(3,4,31)(5,16,14)(6,24,15)(7,20,9)(8,26,29)(10,27,23)(11,35,22)(12,19,30)(13,18,36)(25,33,32)
(1,30,19)(2,8,9)(3,22,25)(4,34,21)(5,10,11)(6,15,36)(7,35,20)(12,33,23)(13,28,32)(14,17,29)(16,24,31)(18,27,26)
(1,19,30)(2,9,8)(3,25,22)(4,21,34)(5,11,10)(6,36,15)(7,20,35)(12,23,33)(13,32,28)(14,29,17)(16,31,24)(18,26,27)
(1,17,21)(2,28,34)(3,31,4)(5,14,16)(6,15,24)(7,9,20)(8,29,26)(10,23,27)(11,22,35)(12,30,19)(13,36,18)(25,32,33)
(1,21,17)(2,26,30)(3,5,9)(4,16,7)(6,33,10)(8,19,28)(11,35,22)(12,34,29)(13,18,36)(14,20,31)(15,25,23)(24,32,27)
(1,17,21)(2,30,26)(3,9,5)(4,7,16)(6,10,33)(8,28,19)(11,22,35)(12,29,34)(13,36,18)(14,31,20)(15,23,25)(24,27,32)
(1,32,9)(2,22,10)(3,12,36)(4,29,30)(5,20,25)(6,28,27)(7,16,17)(8,18,19)(11,15,23)(13,26,31)(14,33,21)(24,35,34)
(1,17,13)(2,31,33)(3,14,7)(4,28,25)(5,29,27)(6,20,30)(8,16,23)(9,24,12)(10,15,32)(11,21,35)(18,22,36)(19,34,26)
(1,11,13)(2,6,3)(4,26,23)(5,19,24)(7,12,27)(8,25,14)(9,29,15)(10,16,28)(17,22,36)(18,21,35)(20,34,33)(30,32,31)
(1,13,11)(2,3,6)(4,23,26)(5,24,19)(7,27,12)(8,14,25)(9,15,29)(10,28,16)(17,36,22)(18,35,21)(20,33,34)(30,31,32)
(1,11,13)(2,25,7)(3,8,27)(4,19,33)(5,34,23)(6,14,12)(9,30,10)(15,31,28)(16,29,32)(17,22,36)(18,21,35)(20,26,24)
(1,13,11)(2,7,25)(3,27,8)(4,33,19)(5,23,34)(6,12,14)(9,10,30)(15,28,31)(16,32,29)(17,36,22)(18,35,21)(20,24,26)
(1,22,18)(2,15,20)(3,28,23)(4,8,32)(5,12,10)(6,31,19)(7,30,33)(9,26,27)(11,36,21)(13,17,35)(14,29,24)(16,34,25)
(1,18,22)(2,20,15)(3,23,28)(4,32,8)(5,10,12)(6,19,31)(7,33,30)(9,27,26)(11,21,36)(13,35,17)(14,24,29)(16,25,34)
(1,18,21)(2,33,31)(3,32,34)(4,5,20)(6,25,27)(7,15,19)(8,23,16)(9,12,24)(10,26,14)(11,13,36)(17,22,35)(28,29,30)
(1,29,26)(2,16,12)(3,17,28)(4,32,11)(5,14,35)(6,7,22)(8,24,33)(9,31,23)(10,36,27)(13,30,15)(18,25,34)(19,21,20)
(1,32,6)(2,12,16)(3,20,36)(4,22,26)(5,18,15)(7,29,11)(8,33,24)(9,23,31)(10,28,21)(13,14,25)(17,19,27)(30,35,34)
(1,6,32)(2,16,12)(3,36,20)(4,26,22)(5,15,18)(7,11,29)(8,24,33)(9,31,23)(10,21,28)(13,25,14)(17,27,19)(30,34,35)
(1,14,8)(2,17,34)(3,31,11)(4,29,30)(5,20,25)(6,28,27)(7,24,22)(9,21,19)(10,16,35)(12,13,15)(18,32,33)(23,36,26)
(1,13,17)(2,33,31)(3,7,14)(4,25,28)(5,27,29)(6,30,20)(8,23,16)(9,12,24)(10,32,15)(11,35,21)(18,36,22)(19,26,34)
(1,36,35)(2,16,24)(3,32,34)(4,6,29)(5,25,30)(7,15,19)(8,9,33)(10,26,14)(11,17,18)(12,31,23)(13,22,21)(20,27,28)
(1,35,36)(2,24,16)(3,34,32)(4,29,6)(5,30,25)(7,19,15)(8,33,9)(10,14,26)(11,18,17)(12,23,31)(13,21,22)(20,28,27)
(1,36,35)(2,9,23)(3,10,19)(4,25,28)(5,27,29)(6,30,20)(7,32,26)(8,31,24)(11,17,18)(12,16,33)(13,22,21)(14,15,34)
(1,35,36)(2,23,9)(3,19,10)(4,28,25)(5,29,27)(6,20,30)(7,26,32)(8,24,31)(11,18,17)(12,33,16)(13,21,22)(14,34,15)
(1,18,22)(2,5,32)(3,33,29)(4,15,12)(6,26,16)(7,24,28)(8,20,10)(9,25,19)(11,21,36)(13,35,17)(14,23,30)(27,34,31)
(1,22,18)(2,32,5)(3,29,33)(4,12,15)(6,16,26)(7,28,24)(8,10,20)(9,19,25)(11,36,21)(13,17,35)(14,30,23)(27,31,34)
(1,36,35)(2,31,33)(3,15,26)(4,27,30)(5,6,28)(7,10,34)(8,16,23)(9,24,12)(11,17,18)(13,22,21)(14,32,19)(20,25,29)
(1,35,36)(2,33,31)(3,26,15)(4,30,27)(5,28,6)(7,34,10)(8,23,16)(9,12,24)(11,18,17)(13,21,22)(14,19,32)(20,29,25)
(1,22,11)(2,8,12)(3,15,26)(4,30,27)(5,28,6)(7,10,34)(9,31,16)(13,18,35)(14,32,19)(17,36,21)(20,29,25)(23,24,33)
(1,11,22)(2,12,8)(3,26,15)(4,27,30)(5,6,28)(7,34,10)(9,16,31)(13,35,18)(14,19,32)(17,21,36)(20,25,29)(23,33,24)
(1,22,18)(2,10,4)(3,30,24)(5,8,15)(6,9,34)(7,29,23)(11,36,21)(12,32,20)(13,17,35)(14,28,33)(16,19,27)(25,31,26)
(1,18,22)(2,4,10)(3,24,30)(5,15,8)(6,34,9)(7,23,29)(11,21,36)(12,20,32)(13,35,17)(14,33,28)(16,27,19)(25,26,31)
(1,22,11)(2,12,8)(3,32,34)(4,28,25)(5,29,27)(6,20,30)(7,15,19)(9,16,31)(10,26,14)(13,18,35)(17,36,21)(23,33,24)
(1,11,22)(2,8,12)(3,34,32)(4,25,28)(5,27,29)(6,30,20)(7,19,15)(9,31,16)(10,14,26)(13,35,18)(17,21,36)(23,24,33)
(1,17,13)(2,16,24)(3,7,14)(4,29,6)(5,30,25)(8,9,33)(10,32,15)(11,21,35)(12,31,23)(18,22,36)(19,26,34)(20,28,27)
(1,13,17)(2,24,16)(3,14,7)(4,6,29)(5,25,30)(8,33,9)(10,15,32)(11,35,21)(12,23,31)(18,36,22)(19,34,26)(20,27,28)
(1,26,29)(2,12,16)(3,28,17)(4,11,32)(5,35,14)(6,22,7)(8,33,24)(9,23,31)(10,27,36)(13,15,30)(18,34,25)(19,20,21)
(1,21,18)(2,31,33)(3,34,32)(4,20,5)(6,27,25)(7,19,15)(8,16,23)(9,24,12)(10,14,26)(11,36,13)(17,35,22)(28,30,29)
(1,21,18)(2,16,24)(3,26,15)(7,34,10)(8,9,33)(11,36,13)(12,31,23)(14,19,32)(17,35,22)
(1,17,13)(2,9,23)(4,30,27)(5,28,6)(8,31,24)(11,21,35)(12,16,33)(18,22,36)(20,29,25)
(1,13,17)(2,23,9)(4,27,30)(5,6,28)(8,24,31)(11,35,21)(12,33,16)(18,36,22)(20,25,29)
(1,11,22)(3,19,10)(4,6,29)(5,25,30)(7,26,32)(13,35,18)(14,34,15)(17,21,36)(20,27,28)
(2,12,8)(3,7,14)(4,20,5)(6,27,25)(9,16,31)(10,32,15)(19,26,34)(23,33,24)(28,30,29)
(1,18,21)(2,24,16)(3,15,26)(7,10,34)(8,33,9)(11,13,36)(12,23,31)(14,32,19)(17,22,35)
(2,8,12)(3,14,7)(4,5,20)(6,25,27)(9,31,16)(10,15,32)(19,34,26)(23,24,33)(28,29,30)
(1,22,11)(3,10,19)(4,29,6)(5,30,25)(7,32,26)(13,18,35)(14,15,34)(17,36,21)(20,28,27)
(1,4,24,14)(2,34,13,20)(3,21,6,31)(5,16,15,17)(7,18,29,8)(9,26,36,28)(10,35,25,12)(11,27,23,19)(22,30,33,32)
(1,8,34,4)(2,14,30,21)(3,25,35,16)(5,11,24,7)(6,13,33,26)(9,19,29,17)(10,20,22,31)(12,15,27,18)(23,32,28,36)
(1,14,29,2)(3,20,24,22)(4,8,17,19)(5,31,35,10)(6,12,13,32)(7,25,16,11)(9,21,34,30)(15,28,23,18)(26,27,33,36)
(1,4,34,8)(2,21,30,14)(3,16,35,25)(5,7,24,11)(6,26,33,13)(9,17,29,19)(10,31,22,20)(12,18,27,15)(23,36,28,32)
(1,2,29,14)(3,22,24,20)(4,19,17,8)(5,10,35,31)(6,32,13,12)(7,11,16,25)(9,30,34,21)(15,18,23,28)(26,36,33,27)
(1,15,4,31)(2,36,7,28)(3,6,16,17)(5,24,21,14)(8,18,34,20)(9,13,26,29)(10,27,12,22)(11,32,30,23)(19,25,33,35)
(1,14,24,4)(2,20,13,34)(3,31,6,21)(5,17,15,16)(7,8,29,18)(9,28,36,26)(10,12,25,35)(11,19,23,27)(22,32,33,30)
(1,26,25,23)(2,21,32,27)(3,5,33,13)(4,16,36,10)(6,9,18,7)(8,35,14,28)(11,19,20,12)(15,30,24,17)(22,34,29,31)
(1,23,25,26)(2,27,32,21)(3,13,33,5)(4,10,36,16)(6,7,18,9)(8,28,14,35)(11,12,20,19)(15,17,24,30)(22,31,29,34)
(1,7,30,8)(2,13,10,25)(3,27,9,11)(4,33,22,14)(5,12,17,34)(6,23,36,19)(15,20,16,35)(18,32,29,24)(21,26,28,31)
(1,8,30,7)(2,25,10,13)(3,11,9,27)(4,14,22,33)(5,34,17,12)(6,19,36,23)(15,35,16,20)(18,24,29,32)(21,31,28,26)
(1,32,5,16)(2,22,15,6)(3,29,8,36)(4,12,18,26)(7,20,33,21)(9,17,14,25)(10,28,24,11)(13,19,30,31)(23,35,34,27)
(1,34,6,33)(2,35,3,30)(4,24,13,7)(5,8,11,26)(9,22,19,28)(10,29,23,17)(12,21,15,25)(14,27,16,18)(20,31,36,32)
(1,16,5,32)(2,6,15,22)(3,36,8,29)(4,26,18,12)(7,21,33,20)(9,25,14,17)(10,11,24,28)(13,31,30,19)(23,27,34,35)
(1,10,20,9)(2,18,19,5)(3,4,23,21)(6,24,35,26)(7,27,31,17)(8,22,32,25)(11,15,29,33)(12,36,14,30)(13,34,28,16)
(1,9,20,10)(2,5,19,18)(3,21,23,4)(6,26,35,24)(7,17,31,27)(8,25,32,22)(11,33,29,15)(12,30,14,36)(13,16,28,34)
(1,19,27,24)(2,11,34,4)(3,25,31,18)(5,9,36,15)(6,8,21,10)(7,29,12,35)(13,14,20,23)(16,22,26,30)(17,32,28,33)
(1,24,27,19)(2,4,34,11)(3,18,31,25)(5,15,36,9)(6,10,21,8)(7,35,12,29)(13,23,20,14)(16,30,26,22)(17,33,28,32)
(1,3,23,20)(2,28,18,14)(4,17,10,31)(5,13,19,12)(6,35,32,8)(7,9,27,21)(11,26,33,25)(15,24,29,22)(16,30,36,34)
(1,20,23,3)(2,14,18,28)(4,31,10,17)(5,12,19,13)(6,8,32,35)(7,21,27,9)(11,25,33,26)(15,22,29,24)(16,34,36,30)
(1,32,2,25)(3,33,4,36)(5,18,10,9)(6,13,7,16)(8,20,22,19)(11,14,12,29)(15,23,30,21)(17,26,24,27)(28,35,34,31)
(1,31,4,15)(2,28,7,36)(3,17,16,6)(5,14,21,24)(8,20,34,18)(9,29,26,13)(10,22,12,27)(11,23,30,32)(19,35,33,25)
(1,33,6,34)(2,30,3,35)(4,7,13,24)(5,26,11,8)(9,28,19,22)(10,17,23,29)(12,25,15,21)(14,18,16,27)(20,32,36,31)
(1,6,12,15)(2,26,22,5)(3,11,28,8)(4,16,32,18)(7,36,20,24)(9,19,35,30)(10,21,29,33)(13,27,31,14)(17,25,23,34)
(1,10,8,27)(2,30,11,7)(3,9,25,13)(4,22,34,12)(5,36,14,23)(6,17,19,33)(15,31,20,18)(16,29,35,26)(21,32,24,28)
(1,27,8,10)(2,7,11,30)(3,13,25,9)(4,12,34,22)(5,23,14,36)(6,33,19,17)(15,18,20,31)(16,26,35,29)(21,28,24,32)
(1,26,31,30)(2,6,36,10)(3,16,27,22)(4,11,15,9)(5,21,34,8)(7,12,28,17)(13,32,23,29)(14,33,20,35)(18,19,24,25)
(1,30,31,26)(2,10,36,6)(3,22,27,16)(4,9,15,11)(5,8,34,21)(7,17,28,12)(13,29,23,32)(14,35,20,33)(18,25,24,19)
(1,34,9,29)(2,4,21,19)(3,24,5,35)(6,18,26,23)(7,31,25,22)(8,30,17,14)(10,16,20,11)(12,27,36,32)(13,15,33,28)
(1,29,9,34)(2,19,21,4)(3,35,5,24)(6,23,26,18)(7,22,25,31)(8,14,17,30)(10,11,20,16)(12,32,36,27)(13,28,33,15)
(1,19,16,28)(2,29,17,3)(4,35,7,23)(5,11,32,31)(6,22,14,9)(8,25,36,15)(10,24,30,13)(12,20,21,26)(18,34,33,27)
(1,28,16,19)(2,3,17,29)(4,23,7,35)(5,31,32,11)(6,9,14,22)(8,15,36,25)(10,13,30,24)(12,26,21,20)(18,27,33,34)
(1,3,28,12)(2,17,26,20)(4,9,35,32)(5,23,22,7)(6,31,11,14)(8,13,15,27)(10,30,33,18)(16,21,19,29)(24,36,34,25)
(1,12,28,3)(2,20,26,17)(4,32,35,9)(5,7,22,23)(6,14,11,31)(8,27,15,13)(10,18,33,30)(16,29,19,21)(24,25,34,36)
(1,31,3,27)(2,34,5,36)(4,21,9,10)(6,11,8,15)(7,20,17,23)(12,14,28,13)(16,19,30,18)(22,24,26,25)(29,35,33,32)
(1,27,3,31)(2,36,5,34)(4,10,9,21)(6,15,8,11)(7,23,17,20)(12,13,28,14)(16,18,30,19)(22,25,26,24)(29,32,33,35)
(1,25,7,9)(2,11,27,10)(3,8,13,30)(4,19,12,36)(5,14,33,17)(6,34,23,22)(15,24,35,28)(16,21,20,32)(18,29,26,31)
(1,9,7,25)(2,10,27,11)(3,30,13,8)(4,36,12,19)(5,17,33,14)(6,22,23,34)(15,28,35,24)(16,32,20,21)(18,31,26,29)
(1,23,15,29)(2,3,28,22)(4,13,31,32)(5,35,8,19)(6,17,12,10)(7,27,36,16)(9,26,30,11)(14,20,18,24)(21,33,34,25)
(1,29,15,23)(2,22,28,3)(4,32,31,13)(5,19,8,35)(6,10,12,17)(7,16,36,27)(9,11,30,26)(14,24,18,20)(21,25,34,33)
(1,2,19,20)(3,29,21,12)(4,11,23,14)(5,22,9,32)(6,35,31,7)(8,10,25,18)(13,24,34,27)(15,30,36,33)(16,26,28,17)
(1,20,19,2)(3,12,21,29)(4,14,23,11)(5,32,9,22)(6,7,31,35)(8,18,25,10)(13,27,34,24)(15,33,36,30)(16,17,28,26)
(1,24,32,30)(2,15,25,17)(3,6,36,9)(4,18,33,7)(5,13,16,10)(8,14,29,22)(11,31,19,28)(12,34,20,35)(21,23,26,27)
(1,30,32,24)(2,17,25,15)(3,9,36,6)(4,7,33,18)(5,10,16,13)(8,22,29,14)(11,28,19,31)(12,35,20,34)(21,27,26,23)
(1,16,14,6)(2,7,29,13)(3,4,17,24)(5,21,31,15)(8,26,20,36)(9,34,28,18)(10,30,35,23)(11,12,32,25)(19,27,22,33)
(1,6,14,16)(2,13,29,7)(3,24,17,4)(5,15,31,21)(8,36,20,26)(9,18,28,34)(10,23,35,30)(11,25,32,12)(19,33,22,27)
(1,33,10,28)(2,26,4,35)(3,5,18,23)(6,21,24,19)(7,30,22,12)(8,32,27,17)(9,15,20,13)(11,16,34,29)(14,25,36,31)
(1,5,33,7)(2,15,35,27)(3,18,30,12)(4,8,26,13)(6,24,34,11)(9,32,17,20)(10,22,28,23)(14,21,25,16)(19,36,29,31)
(1,28,10,33)(2,35,4,26)(3,23,18,5)(6,19,24,21)(7,12,22,30)(8,17,27,32)(9,13,20,15)(11,29,34,16)(14,31,36,25)
(1,7,33,5)(2,27,35,15)(3,12,30,18)(4,13,26,8)(6,11,34,24)(9,20,17,32)(10,23,28,22)(14,16,25,21)(19,31,29,36)
(1,25,2,32)(3,36,4,33)(5,9,10,18)(6,16,7,13)(8,19,22,20)(11,29,12,14)(15,21,30,23)(17,27,24,26)(28,31,34,35)
(1,12,26,5)(2,32,6,18)(3,20,11,33)(4,22,16,15)(7,28,21,8)(9,14,27,35)(10,29,36,24)(13,23,19,25)(17,31,34,30)
(1,5,26,12)(2,18,6,32)(3,33,11,20)(4,15,16,22)(7,8,21,28)(9,35,27,14)(10,24,36,29)(13,25,19,23)(17,30,34,31)
(1,15,12,6)(2,5,22,26)(3,8,28,11)(4,18,32,16)(7,24,20,36)(9,30,35,19)(10,33,29,21)(13,14,31,27)(17,34,23,25)
(1,10,13,32,17,15)(2,23,33,16,31,8)(3,18,7,36,14,22)(4,27,25,29,28,5)(6,20,30)(9,24,12)(11,19,35,26,21,34)
(1,11,35,18,36,17)(2,34,23,15,9,14)(3,8,19,24,10,31)(4,27,28,5,25,29)(6,30,20)(7,12,26,33,32,16)(13,22,21)
(1,17,36,18,35,11)(2,7,9,32,23,26)(3,16,10,33,19,12)(4,30,25,20,28,6)(5,29,27)(8,14,31,15,24,34)(13,21,22)
(1,11,35,18,36,17)(2,26,23,32,9,7)(3,12,19,33,10,16)(4,6,28,20,25,30)(5,27,29)(8,34,24,15,31,14)(13,22,21)
(1,17,36,18,35,11)(2,3,9,10,23,19)(4,28,25)(5,30,27,20,29,6)(7,31,32,24,26,8)(12,14,16,15,33,34)(13,21,22)
(1,11,35,18,36,17)(2,19,23,10,9,3)(4,25,28)(5,6,29,20,27,30)(7,8,26,24,32,31)(12,34,33,15,16,14)(13,22,21)
(1,36,35)(2,6,24,4,16,29)(3,15,34,7,32,19)(5,31,30,12,25,23)(8,27,33,20,9,28)(10,26,14)(11,13,18,21,17,22)
(1,35,36)(2,29,16,4,24,6)(3,19,32,7,34,15)(5,23,25,12,30,31)(8,28,9,20,33,27)(10,14,26)(11,22,17,21,18,13)
(1,36,35)(2,27,24,20,16,28)(3,10,34,14,32,26)(4,31,29,12,6,23)(5,9,30,8,25,33)(7,15,19)(11,13,18,21,17,22)
(1,35,36)(2,28,16,20,24,27)(3,26,32,14,34,10)(4,23,6,12,29,31)(5,33,25,8,30,9)(7,19,15)(11,22,17,21,18,13)
(1,36,35)(2,25,24,5,16,30)(3,32,34)(4,9,29,8,6,33)(7,10,19,14,15,26)(11,13,18,21,17,22)(12,27,23,20,31,28)
(1,35,36)(2,30,16,5,24,25)(3,34,32)(4,33,6,8,29,9)(7,26,15,14,19,10)(11,22,17,21,18,13)(12,28,31,20,23,27)
(1,36,35)(2,32,23,7,9,26)(3,16,19,12,10,33)(4,25,28)(5,6,29,20,27,30)(8,15,24,14,31,34)(11,22,18,13,17,21)
(1,35,36)(2,26,9,7,23,32)(3,33,10,12,19,16)(4,28,25)(5,30,27,20,29,6)(8,34,31,14,24,15)(11,21,17,13,18,22)
(1,36,35)(2,15,23,14,9,34)(3,31,19,8,10,24)(4,6,28,20,25,30)(5,27,29)(7,16,26,12,32,33)(11,22,18,13,17,21)
(1,35,36)(2,34,9,14,23,15)(3,24,10,8,19,31)(4,30,25,20,28,6)(5,29,27)(7,33,32,12,26,16)(11,21,17,13,18,22)
(1,36,35)(2,10,23,3,9,19)(4,27,28,5,25,29)(6,30,20)(7,31,26,8,32,24)(11,22,18,13,17,21)(12,15,33,14,16,34)
(1,35,36)(2,19,9,3,23,10)(4,29,25,5,28,27)(6,20,30)(7,24,32,8,26,31)(11,21,17,13,18,22)(12,34,16,14,33,15)
(1,12,22,2,11,8)(3,27,15,4,26,30)(5,7,28,10,6,34)(9,13,31,18,16,35)(14,20,32,29,19,25)(17,23,36,24,21,33)
(1,8,11,2,22,12)(3,30,26,4,15,27)(5,34,6,10,28,7)(9,35,16,18,31,13)(14,25,19,29,32,20)(17,33,21,24,36,23)
(1,12,11,8,22,2)(3,20,26,25,15,29)(4,7,27,34,30,10)(5,32,6,14,28,19)(9,18,16,13,31,35)(17,23,21,33,36,24)
(1,2,22,8,11,12)(3,29,15,25,26,20)(4,10,30,34,27,7)(5,19,28,14,6,32)(9,35,31,13,16,18)(17,24,36,33,21,23)
(1,16,22,9,11,31)(2,36,8,21,12,17)(3,6,15,5,26,28)(4,32,30,19,27,14)(7,29,10,25,34,20)(13,24,18,33,35,23)
(1,31,11,9,22,16)(2,17,12,21,8,36)(3,28,26,5,15,6)(4,14,27,19,30,32)(7,20,34,25,10,29)(13,23,35,33,18,24)
(1,16,11,31,22,9)(2,21,12,36,8,17)(3,4,26,27,15,30)(5,7,6,34,28,10)(13,24,35,23,18,33)(14,29,19,20,32,25)
(1,9,22,31,11,16)(2,17,8,36,12,21)(3,30,15,27,26,4)(5,10,28,34,6,7)(13,33,18,23,35,24)(14,25,32,20,19,29)
(1,27,18,6,21,25)(2,31,33)(3,34,32)(4,36,5,11,20,13)(7,10,15,26,19,14)(8,12,23,24,16,9)(17,30,22,28,35,29)
(1,2,22,12,11,8)(3,10,32,26,34,14)(4,29,28,27,25,5)(6,30,20)(7,19,15)(9,18,16,35,31,13)(17,23,36,33,21,24)
(1,8,11,12,22,2)(3,14,34,26,32,10)(4,5,25,27,28,29)(6,20,30)(7,15,19)(9,13,31,35,16,18)(17,24,21,33,36,23)
(1,25,21,6,18,27)(2,33,31)(3,32,34)(4,13,20,11,5,36)(7,14,19,26,15,10)(8,9,16,24,23,12)(17,29,35,28,22,30)
(1,31,22,9,11,16)(2,21,12,17,8,36)(3,34,32)(4,20,28,30,25,6)(5,27,29)(7,14,15,10,19,26)(13,24,18,23,35,33)
(1,16,11,9,22,31)(2,36,8,17,12,21)(3,32,34)(4,6,25,30,28,20)(5,29,27)(7,26,19,10,15,14)(13,33,35,23,18,24)
(1,15,17,32,13,10)(2,8,31,16,33,23)(3,22,14,36,7,18)(4,5,28,29,25,27)(6,30,20)(9,12,24)(11,34,21,26,35,19)
(1,2,11,8,22,12)(3,19,34,15,32,7)(4,6,25,30,28,20)(5,29,27)(9,35,31,18,16,13)(10,26,14)(17,23,21,24,36,33)
(1,12,22,8,11,2)(3,7,32,15,34,19)(4,20,28,30,25,6)(5,27,29)(9,13,16,18,31,35)(10,14,26)(17,33,36,24,21,23)
(1,9,22,16,11,31)(2,36,12,21,8,17)(3,10,32,26,34,14)(4,25,28)(5,30,29,6,27,20)(7,19,15)(13,23,18,33,35,24)
(1,22,35,13,36,21)(2,28,24,27,16,20)(3,15,34,7,32,19)(4,12,29,23,6,31)(5,8,30,33,25,9)(10,26,14)(11,17,18)
(1,31,11,16,22,9)(2,17,8,21,12,36)(3,14,34,26,32,10)(4,28,25)(5,20,27,6,29,30)(7,15,19)(13,24,35,33,18,23)
(1,15,13,32,17,10)(2,5,24,25,16,30)(3,18,14,36,7,22)(4,8,6,33,29,9)(11,26,35,19,21,34)(12,28,23,20,31,27)
(1,17,36,18,35,11)(2,14,9,15,23,34)(3,31,10,24,19,8)(4,29,25,5,28,27)(6,20,30)(7,16,32,33,26,12)(13,21,22)
(1,10,17,32,13,15)(2,30,16,25,24,5)(3,22,7,36,14,18)(4,9,29,33,6,8)(11,34,21,19,35,26)(12,27,31,20,23,28)
(1,14,17,3,13,7)(2,25,16,5,24,30)(4,8,29,9,6,33)(10,11,32,21,15,35)(12,20,31,28,23,27)(18,34,22,19,36,26)
(1,34,17,26,13,19)(2,8,31,16,33,23)(3,11,14,21,7,35)(4,30,28,6,25,20)(5,27,29)(9,12,24)(10,22,15,36,32,18)
(1,7,13,3,17,14)(2,30,24,5,16,25)(4,33,6,9,29,8)(10,35,15,21,32,11)(12,27,23,28,31,20)(18,26,36,19,22,34)
(1,26,13,19,17,34)(2,28,24,20,16,27)(3,35,14,21,7,11)(4,12,6,23,29,31)(5,33,25,9,30,8)(10,22,15,18,32,36)
(1,19,13,26,17,34)(2,23,33,16,31,8)(3,35,7,21,14,11)(4,20,25,6,28,30)(5,29,27)(9,24,12)(10,18,32,36,15,22)
(1,34,17,19,13,26)(2,27,16,20,24,28)(3,11,7,21,14,35)(4,31,29,23,6,12)(5,8,30,9,25,33)(10,36,32,18,15,22)
(1,21,36,13,35,22)(2,20,16,27,24,28)(3,19,32,7,34,15)(4,31,6,23,29,12)(5,9,25,33,30,8)(10,14,26)(11,18,17)
(1,14,17,7,13,3)(2,8,31,16,33,23)(4,25,28)(5,20,29,30,27,6)(9,12,24)(10,11,15,21,32,35)(18,19,22,34,36,26)
(1,13,35,21,36,22)(2,3,23,19,9,10)(4,6,28,20,25,30)(5,27,29)(7,24,26,31,32,8)(11,17,18)(12,14,33,34,16,15)
(1,15,17,10,13,32)(2,6,16,4,24,29)(3,36,7,18,14,22)(5,31,30,23,25,12)(8,28,9,27,33,20)(11,26,21,34,35,19)
(1,32,13,10,17,15)(2,29,24,4,16,6)(3,22,14,18,7,36)(5,12,25,23,30,31)(8,20,33,27,9,28)(11,19,35,34,21,26)
(1,3,17,7,13,14)(2,28,16,27,24,20)(4,23,29,12,6,31)(5,9,30,33,25,8)(10,35,32,11,15,21)(18,19,22,26,36,34)
(1,14,13,7,17,3)(2,20,24,27,16,28)(4,31,6,12,29,23)(5,8,25,33,30,9)(10,21,15,11,32,35)(18,34,36,26,22,19)
(1,29,21,30,18,28)(2,19,9,10,23,3)(4,35,5,22,20,17)(6,11,25,36,27,13)(7,24,26,8,32,31)(12,14,16,34,33,15)
(1,22,35,13,36,21)(2,30,24,25,16,5)(3,10,34,14,32,26)(4,8,29,33,6,9)(7,15,19)(11,17,18)(12,28,23,27,31,20)
(1,28,18,30,21,29)(2,3,23,10,9,19)(4,17,20,22,5,35)(6,13,27,36,25,11)(7,31,32,8,26,24)(12,15,33,34,16,14)
(1,4,18,20,21,5)(2,10,23,19,9,3)(6,22,27,35,25,17)(7,24,32,31,26,8)(11,30,13,29,36,28)(12,34,33,14,16,15)
(1,3,13,7,17,14)(2,23,33,16,31,8)(4,28,25)(5,6,27,30,29,20)(9,24,12)(10,35,32,21,15,11)(18,26,36,34,22,19)
(1,5,21,20,18,4)(2,3,9,19,23,10)(6,17,25,35,27,22)(7,8,26,31,32,24)(11,28,36,29,13,30)(12,15,16,14,33,34)
(1,25,21,27,18,6)(2,14,9,34,23,15)(3,8,19,31,10,24)(4,13,5,11,20,36)(7,33,26,12,32,16)(17,30,35,28,22,29)
(1,25,18,27,21,6)(2,8,33,23,31,16)(3,14,32,10,34,26)(4,11,5,13,20,36)(7,19,15)(9,24,12)(17,29,22,30,35,28)
(1,6,18,27,21,25)(2,15,23,34,9,14)(3,24,10,31,19,8)(4,36,20,11,5,13)(7,16,32,12,26,33)(17,29,22,28,35,30)
(1,27,18,25,21,6)(2,7,23,32,9,26)(3,12,10,33,19,16)(4,13,20,36,5,11)(8,34,24,14,31,15)(17,28,22,30,35,29)
(1,6,21,27,18,25)(2,16,31,23,33,8)(3,26,34,10,32,14)(4,36,20,13,5,11)(7,15,19)(9,12,24)(17,28,35,30,22,29)
(1,6,21,25,18,27)(2,26,9,32,23,7)(3,16,19,33,10,12)(4,11,5,36,20,13)(8,15,31,14,24,34)(17,29,35,30,22,28)
(1,4,21,5,18,20)(2,34,9,15,23,14)(3,24,19,8,10,31)(6,35,25,22,27,17)(7,16,26,33,32,12)(11,30,36,28,13,29)
(1,20,18,5,21,4)(2,14,23,15,9,34)(3,31,10,8,19,24)(6,17,27,22,25,35)(7,12,32,33,26,16)(11,29,13,28,36,30)
(1,30,21,28,18,29)(2,7,9,26,23,32)(3,33,19,12,10,16)(4,17,5,35,20,22)(6,13,25,11,27,36)(8,34,31,15,24,14)
(1,29,18,28,21,30)(2,32,23,26,9,7)(3,16,10,12,19,33)(4,22,20,35,5,17)(6,36,27,11,25,13)(8,14,24,15,31,34)
(1,21,36,13,35,22)(2,5,16,25,24,30)(3,26,32,14,34,10)(4,9,6,33,29,8)(7,19,15)(11,18,17)(12,20,31,27,23,28)
(1,22,35,13,36,21)(2,29,24,6,16,4)(3,32,34)(5,12,30,23,25,31)(7,10,19,14,15,26)(8,28,33,27,9,20)(11,17,18)
(1,21,36,13,35,22)(2,4,16,6,24,29)(3,34,32)(5,31,25,23,30,12)(7,26,15,14,19,10)(8,20,9,27,33,28)(11,18,17)
(1,22,36,21,35,13)(2,10,9,19,23,3)(4,30,25,20,28,6)(5,29,27)(7,8,32,31,26,24)(11,18,17)(12,15,16,34,33,14)
(1,13,35,21,36,22)(2,7,23,26,9,32)(3,33,19,16,10,12)(4,27,28,5,25,29)(6,30,20)(8,14,24,34,31,15)(11,17,18)
(1,22,36,21,35,13)(2,32,9,26,23,7)(3,12,10,16,19,33)(4,29,25,5,28,27)(6,20,30)(8,15,31,34,24,14)(11,18,17)
(1,13,35,21,36,22)(2,14,23,34,9,15)(3,24,19,31,10,8)(4,25,28)(5,6,29,20,27,30)(7,33,26,16,32,12)(11,17,18)
(1,22,36,21,35,13)(2,15,9,34,23,14)(3,8,10,31,19,24)(4,28,25)(5,30,27,20,29,6)(7,12,32,16,26,33)(11,18,17)
(1,18,35,17,36,11)(2,5,24,30,16,25)(3,15,34,7,32,19)(4,33,29,9,6,8)(10,26,14)(12,20,23,28,31,27)(13,22,21)
(1,11,36,17,35,18)(2,25,16,30,24,5)(3,19,32,7,34,15)(4,8,6,9,29,33)(10,14,26)(12,27,31,28,23,20)(13,21,22)
(1,18,35,17,36,11)(2,4,24,29,16,6)(3,10,34,14,32,26)(5,23,30,31,25,12)(7,15,19)(8,20,33,28,9,27)(13,22,21)
(1,11,36,17,35,18)(2,6,16,29,24,4)(3,26,32,14,34,10)(5,12,25,31,30,23)(7,19,15)(8,27,9,28,33,20)(13,21,22)
(1,18,35,17,36,11)(2,20,24,28,16,27)(3,32,34)(4,23,29,31,6,12)(5,33,30,9,25,8)(7,10,19,14,15,26)(13,22,21)
(1,11,36,17,35,18)(2,27,16,28,24,20)(3,34,32)(4,12,6,31,29,23)(5,8,25,9,30,33)(7,26,15,14,19,10)(13,21,22)
(1,13,36,22,35,21)(2,33,31)(3,25,15,29,26,20)(4,7,27,10,30,34)(5,14,6,32,28,19)(8,24,16,12,23,9)(11,18,17)
(1,21,35,22,36,13)(2,31,33)(3,20,26,29,15,25)(4,34,30,10,27,7)(5,19,28,32,6,14)(8,9,23,12,16,24)(11,17,18)
(1,18,36,11,35,17)(2,33,31)(3,5,15,6,26,28)(4,32,27,19,30,14)(7,20,10,25,34,29)(8,24,16,12,23,9)(13,21,22)
(1,17,35,11,36,18)(2,31,33)(3,28,26,6,15,5)(4,14,30,19,27,32)(7,29,34,25,10,20)(8,9,23,12,16,24)(13,22,21)
(1,24,22,23,11,33)(2,35,12,13,8,18)(3,34,32)(4,29,28,27,25,5)(6,30,20)(7,14,15,10,19,26)(9,21,16,17,31,36)
(1,5,18,20,21,4)(2,8,33,23,31,16)(3,15,32,19,34,7)(6,22,25,35,27,17)(9,24,12)(10,14,26)(11,30,13,28,36,29)
(1,33,11,23,22,24)(2,18,8,13,12,35)(3,32,34)(4,5,25,27,28,29)(6,20,30)(7,26,19,10,15,14)(9,36,31,17,16,21)
(1,23,11,24,22,33)(2,35,8,18,12,13)(3,19,34,15,32,7)(4,28,25)(5,20,27,6,29,30)(9,21,31,36,16,17)(10,26,14)
(1,33,22,24,11,23)(2,13,12,18,8,35)(3,7,32,15,34,19)(4,25,28)(5,30,29,6,27,20)(9,17,16,36,31,21)(10,14,26)
(1,9,11,31,22,16)(2,21,8,36,12,17)(3,19,34,15,32,7)(4,5,25,27,28,29)(6,20,30)(10,26,14)(13,23,35,24,18,33)
(1,30,21,29,18,28)(2,33,31)(3,7,34,19,32,15)(4,35,20,22,5,17)(6,13,27,11,25,36)(8,9,16,24,23,12)(10,26,14)
(1,16,22,31,11,9)(2,17,12,36,8,21)(3,7,32,15,34,19)(4,29,28,27,25,5)(6,30,20)(10,14,26)(13,33,18,24,35,23)
(1,8,22,2,11,12)(3,34,32)(4,25,28)(5,30,29,6,27,20)(7,14,15,10,19,26)(9,35,16,13,31,18)(17,24,36,23,21,33)
(1,28,18,29,21,30)(2,31,33)(3,15,32,19,34,7)(4,17,5,22,20,35)(6,36,25,11,27,13)(8,12,23,24,16,9)(10,14,26)
(1,12,11,2,22,8)(3,32,34)(4,28,25)(5,20,27,6,29,30)(7,26,19,10,15,14)(9,18,31,13,16,35)(17,33,21,23,36,24)
(1,30,18,29,21,28)(2,34,23,14,9,15)(3,8,10,24,19,31)(4,35,20,17,5,22)(6,11,27,13,25,36)(7,33,32,16,26,12)
(1,28,21,29,18,30)(2,15,9,14,23,34)(3,31,19,24,10,8)(4,22,5,17,20,35)(6,36,25,13,27,11)(7,12,26,16,32,33)
(1,5,18,4,21,20)(2,26,23,7,9,32)(3,33,10,16,19,12)(6,35,27,17,25,22)(8,15,24,34,31,14)(11,28,13,30,36,29)
(1,35,36)(2,24,31,12,33,9)(3,29,15,20,26,25)(4,34,27,7,30,10)(5,19,6,14,28,32)(8,23,16)(11,13,17,22,18,21)
(1,20,21,4,18,5)(2,32,9,7,23,26)(3,12,19,16,10,33)(6,22,25,17,27,35)(8,14,31,34,24,15)(11,29,36,30,13,28)
(1,25,18,6,21,27)(2,19,23,3,9,10)(4,11,20,13,5,36)(7,8,32,24,26,31)(12,14,33,15,16,34)(17,30,22,29,35,28)
(1,17,35,11,36,18)(2,16,33,8,31,23)(3,29,26,25,15,20)(4,7,30,34,27,10)(5,14,28,19,6,32)(9,24,12)(13,22,21)
(1,29,21,28,18,30)(2,16,31,23,33,8)(3,32,34)(4,17,20,35,5,22)(6,36,27,13,25,11)(7,14,19,26,15,10)(9,12,24)
(1,32,13,15,17,10)(2,12,33,24,31,9)(3,22,7,18,14,36)(4,20,25,6,28,30)(5,29,27)(8,16,23)(11,26,35,34,21,19)
(1,24,22,33,11,23)(2,18,8,35,12,13)(3,4,15,30,26,27)(5,34,28,7,6,10)(9,21,31,17,16,36)(14,29,32,25,19,20)
(1,10,17,15,13,32)(2,9,31,24,33,12)(3,36,14,18,7,22)(4,30,28,6,25,20)(5,27,29)(8,23,16)(11,19,21,34,35,26)
(1,26,13,34,17,19)(2,12,33,24,31,9)(3,11,7,35,14,21)(4,28,25)(5,6,27,30,29,20)(8,16,23)(10,22,32,18,15,36)
(1,23,11,33,22,24)(2,13,12,35,8,18)(3,27,26,30,15,4)(5,10,6,7,28,34)(9,36,16,17,31,21)(14,20,19,25,32,29)
(1,19,17,34,13,26)(2,9,31,24,33,12)(3,21,14,35,7,11)(4,25,28)(5,20,29,30,27,6)(8,23,16)(10,36,15,18,32,22)
(1,7,13,14,17,3)(2,12,33,24,31,9)(4,27,25,29,28,5)(6,20,30)(8,16,23)(10,11,32,35,15,21)(18,34,36,19,22,26)
(1,36,35)(2,31,33)(3,27,26,4,15,30)(5,10,28,7,6,34)(8,9,23,12,16,24)(11,21,18,22,17,13)(14,25,19,20,32,29)
(1,3,17,14,13,7)(2,9,31,24,33,12)(4,5,28,29,25,27)(6,30,20)(8,23,16)(10,21,15,35,32,11)(18,26,22,19,36,34)
(1,27,21,25,18,6)(2,12,31,9,33,24)(3,7,34,19,32,15)(4,11,20,36,5,13)(8,23,16)(10,26,14)(17,30,35,29,22,28)
(1,36,35)(2,9,33,12,31,24)(3,25,26,20,15,29)(4,10,30,7,27,34)(5,32,28,14,6,19)(8,16,23)(11,21,18,22,17,13)
(1,27,21,6,18,25)(2,10,9,3,23,19)(4,36,5,13,20,11)(7,31,26,24,32,8)(12,34,16,15,33,14)(17,28,35,29,22,30)
(1,32,17,15,13,10)(2,20,16,28,24,27)(3,18,7,22,14,36)(4,12,29,31,6,23)(5,33,30,8,25,9)(11,19,21,26,35,34)
(1,10,13,15,17,32)(2,27,24,28,16,20)(3,36,14,22,7,18)(4,23,6,31,29,12)(5,9,25,8,30,33)(11,34,35,26,21,19)
(1,14,13,3,17,7)(2,31,33)(4,20,25,6,28,30)(5,29,27)(8,24,23,9,16,12)(10,21,32,11,15,35)(18,19,36,26,22,34)
(1,33,22,23,11,24)(2,13,8,18,12,35)(3,25,15,20,26,29)(4,7,30,10,27,34)(5,32,28,19,6,14)(9,36,31,21,16,17)
(1,24,11,23,22,33)(2,35,12,18,8,13)(3,29,26,20,15,25)(4,34,27,10,30,7)(5,14,6,19,28,32)(9,17,16,21,31,36)
(1,6,18,25,21,27)(2,24,33,9,31,12)(3,15,32,19,34,7)(4,13,5,36,20,11)(8,16,23)(10,14,26)(17,28,22,29,35,30)
(1,20,21,5,18,4)(2,12,31,9,33,24)(3,32,34)(6,22,27,17,25,35)(7,14,19,26,15,10)(8,23,16)(11,28,36,30,13,29)
(1,7,17,14,13,3)(2,4,16,29,24,6)(5,12,30,31,25,23)(8,27,9,20,33,28)(10,21,32,35,15,11)(18,26,22,34,36,19)
(1,4,18,5,21,20)(2,24,33,9,31,12)(3,34,32)(6,35,25,17,27,22)(7,10,15,26,19,14)(8,16,23)(11,29,13,30,36,28)
(1,28,21,30,18,29)(2,12,31,9,33,24)(3,26,34,10,32,14)(4,22,20,17,5,35)(6,11,27,36,25,13)(7,15,19)(8,23,16)
(1,3,13,14,17,7)(2,6,24,29,16,4)(5,23,25,31,30,12)(8,28,33,20,9,27)(10,11,15,35,32,21)(18,19,36,34,22,26)
(1,29,18,30,21,28)(2,24,33,9,31,12)(3,14,32,10,34,26)(4,35,5,17,20,22)(6,13,25,36,27,11)(7,19,15)(8,16,23)
(1,26,17,19,13,34)(2,33,31)(3,35,14,11,7,21)(4,5,28,29,25,27)(6,30,20)(8,12,16,9,23,24)(10,18,15,22,32,36)
(1,23,22,33,11,24)(2,18,12,35,8,13)(3,10,32,26,34,14)(4,20,28,30,25,6)(5,27,29)(7,19,15)(9,36,16,21,31,17)
(1,24,11,33,22,23)(2,13,8,35,12,18)(3,14,34,26,32,10)(4,6,25,30,28,20)(5,29,27)(7,15,19)(9,17,31,21,16,36)
(1,19,13,34,17,26)(2,25,24,30,16,5)(3,11,14,35,7,21)(4,9,6,8,29,33)(10,36,15,22,32,18)(12,20,23,27,31,28)
(1,26,17,34,13,19)(2,5,16,30,24,25)(3,21,7,35,14,11)(4,33,29,8,6,9)(10,18,32,22,15,36)(12,28,31,27,23,20)
(1,34,13,19,17,26)(2,31,33)(3,21,7,11,14,35)(4,27,25,29,28,5)(6,20,30)(8,24,23,9,16,12)(10,36,32,22,15,18)
(1,32,17,10,13,15)(2,33,31)(3,18,14,22,7,36)(4,25,28)(5,20,29,30,27,6)(8,12,16,9,23,24)(11,26,21,19,35,34)
(1,15,13,10,17,32)(2,31,33)(3,36,7,22,14,18)(4,28,25)(5,6,27,30,29,20)(8,24,23,9,16,12)(11,34,35,19,21,26)
(1,5,21,4,18,20)(2,33,31)(3,26,34,10,32,14)(6,35,27,22,25,17)(7,15,19)(8,9,16,24,23,12)(11,30,36,29,13,28)
(1,21,35,22,36,13)(2,16,33,8,31,23)(3,4,26,30,15,27)(5,34,28,10,6,7)(9,24,12)(11,17,18)(14,20,19,29,32,25)
(1,13,36,22,35,21)(2,23,31,8,33,16)(3,27,15,30,26,4)(5,7,6,10,28,34)(9,12,24)(11,18,17)(14,25,32,29,19,20)
(1,20,18,4,21,5)(2,31,33)(3,14,32,10,34,26)(6,17,25,22,27,35)(7,19,15)(8,12,23,24,16,9)(11,28,13,29,36,30)
(1,7,17,3,13,14)(2,33,31)(4,30,28,6,25,20)(5,27,29)(8,12,16,9,23,24)(10,35,15,11,32,21)(18,34,22,26,36,19)
(1,17,35,11,36,18)(2,9,33,12,31,24)(3,30,26,27,15,4)(5,7,28,34,6,10)(8,16,23)(13,22,21)(14,29,19,25,32,20)
(1,18,36,11,35,17)(2,24,31,12,33,9)(3,4,15,27,26,30)(5,10,6,34,28,7)(8,23,16)(13,21,22)(14,20,32,25,19,29)
(1,36,35)(2,16,33,8,31,23)(3,6,26,5,15,28)(4,32,30,14,27,19)(7,25,34,20,10,29)(9,24,12)(11,21,18,22,17,13)
(1,35,36)(2,23,31,8,33,16)(3,28,15,5,26,6)(4,19,27,14,30,32)(7,29,10,20,34,25)(9,12,24)(11,13,17,22,18,21)
(1,33,11,24,22,23)(2,18,12,13,8,35)(3,5,26,6,15,28)(4,32,27,14,30,19)(7,25,34,29,10,20)(9,21,16,36,31,17)
(1,23,22,24,11,33)(2,35,8,13,12,18)(3,28,15,6,26,5)(4,19,30,14,27,32)(7,20,10,29,34,25)(9,17,31,36,16,21)
(1,9,11,16,22,31)(2,36,12,17,8,21)(3,25,26,29,15,20)(4,10,27,7,30,34)(5,19,6,32,28,14)(13,33,35,24,18,23)
(1,31,22,16,11,9)(2,21,8,17,12,36)(3,20,15,29,26,25)(4,34,30,7,27,10)(5,14,28,32,6,19)(13,23,18,24,35,33)
(1,2,11,12,22,8)(3,6,26,28,15,5)(4,19,27,32,30,14)(7,29,34,20,10,25)(9,13,16,35,31,18)(17,24,21,23,36,33)
(1,8,22,12,11,2)(3,5,15,28,26,6)(4,14,30,32,27,19)(7,25,10,20,34,29)(9,18,31,35,16,13)(17,33,36,23,21,24)
(1,13,36,22,35,21)(2,24,31,12,33,9)(3,6,15,28,26,5)(4,14,27,32,30,19)(7,25,10,29,34,20)(8,23,16)(11,18,17)
(1,21,35,22,36,13)(2,9,33,12,31,24)(3,5,26,28,15,6)(4,19,30,32,27,14)(7,20,34,29,10,25)(8,16,23)(11,17,18)
(1,35,36)(2,33,31)(3,30,15,4,26,27)(5,34,6,7,28,10)(8,24,16,12,23,9)(11,13,17,22,18,21)(14,29,32,20,19,25)
(1,19,17,26,13,34)(2,29,16,6,24,4)(3,35,7,11,14,21)(5,23,30,12,25,31)(8,20,9,28,33,27)(10,22,32,36,15,18)
(1,4,21,20,18,5)(2,16,31,23,33,8)(3,7,34,19,32,15)(6,17,27,35,25,22)(9,12,24)(10,26,14)(11,29,36,28,13,30)
(1,30,18,28,21,29)(2,8,33,23,31,16)(3,34,32)(4,22,5,35,20,17)(6,11,25,13,27,36)(7,10,15,26,19,14)(9,24,12)
(1,34,13,26,17,19)(2,4,24,6,16,29)(3,21,14,11,7,35)(5,31,25,12,30,23)(8,27,33,28,9,20)(10,18,15,36,32,22)
(1,18,36,11,35,17)(2,23,31,8,33,16)(3,20,15,25,26,29)(4,10,27,34,30,7)(5,32,6,19,28,14)(9,12,24)(13,21,22)
(1,28,16,13,5,12,17,6,33)(2,35,4,23,21,27,9,11,30)(3,26,7)(8,22,29,24,18,20,31,36,25)(10,19,34)(14,15,32)
(1,22,17)(2,28,7,8,29,3,12,30,14)(4,15,16,5,32,9,20,10,31)(6,26,33,25,19,23,27,34,24)(11,35,13)(18,36,21)
(1,22,17)(2,29,14,8,30,7,12,28,3)(4,32,31,5,10,16,20,15,9)(6,19,24,25,34,33,27,26,23)(11,35,13)(18,36,21)
(1,22,17)(2,30,3,8,28,14,12,29,7)(4,10,9,5,15,31,20,32,16)(6,34,23,25,26,24,27,19,33)(11,35,13)(18,36,21)
(1,17,22)(2,7,29,12,14,28,8,3,30)(4,16,32,20,31,15,5,9,10)(6,33,19,27,24,26,25,23,34)(11,13,35)(18,21,36)
(1,17,22)(2,3,28,12,7,30,8,14,29)(4,9,15,20,16,10,5,31,32)(6,23,26,27,33,34,25,24,19)(11,13,35)(18,21,36)
(1,12,28,17,16,6,13,33,5)(2,27,35,9,4,11,23,30,21)(3,7,26)(8,20,22,31,29,36,24,25,18)(10,34,19)(14,32,15)
(1,17,22)(2,14,30,12,3,29,8,7,28)(4,31,10,20,9,32,5,16,15)(6,24,34,27,23,19,25,33,26)(11,13,35)(18,21,36)
(1,16,5,17,33,28,13,12,6)(2,4,21,9,30,35,23,27,11)(3,7,26)(8,29,18,31,25,22,24,20,36)(10,34,19)(14,32,15)
(1,6,12,13,28,33,17,5,16)(2,11,27,23,35,30,9,21,4)(3,26,7)(8,36,20,24,22,25,31,18,29)(10,19,34)(14,15,32)
(1,11,21)(2,19,20,12,26,5,8,34,4)(3,25,31,7,6,9,14,27,16)(10,29,23,32,28,33,15,30,24)(13,36,17)(18,22,35)
(1,11,21)(2,26,4,12,34,20,8,19,5)(3,6,16,7,27,31,14,25,9)(10,28,24,32,30,23,15,29,33)(13,36,17)(18,22,35)
(1,19,27,22,3,20,11,10,28)(2,23,12)(4,35,7,29,13,32,6,18,26)(5,21,34,30,17,14,25,36,15)(8,9,31)(16,24,33)
(1,3,28,22,10,27,11,19,20)(2,23,12)(4,13,26,29,18,7,6,35,32)(5,17,15,30,36,34,25,21,14)(8,9,31)(16,24,33)
(1,10,20,22,19,28,11,3,27)(2,23,12)(4,18,32,29,35,26,6,13,7)(5,36,14,30,21,15,25,17,34)(8,9,31)(16,24,33)
(1,27,3,11,28,19,22,20,10)(2,12,23)(4,7,13,6,26,35,29,32,18)(5,34,17,25,15,21,30,14,36)(8,31,9)(16,33,24)
(1,5,33,13,6,16,17,28,12)(2,21,30,23,11,4,9,35,27)(3,26,7)(8,18,25,24,36,29,31,22,20)(10,19,34)(14,15,32)
(1,33,6,17,12,5,13,16,28)(2,30,11,9,27,21,23,4,35)(3,7,26)(8,25,36,31,20,18,24,29,22)(10,34,19)(14,32,15)
(1,20,23,13,25,9,17,29,2)(3,14,19)(4,12,18,27,33,36,30,16,22)(5,31,35,6,8,21,28,24,11)(7,32,10)(15,34,26)
(1,25,2,13,29,23,17,20,9)(3,14,19)(4,33,22,27,16,18,30,12,36)(5,8,11,6,24,35,28,31,21)(7,32,10)(15,34,26)
(1,29,9,13,20,2,17,25,23)(3,14,19)(4,16,36,27,12,22,30,33,18)(5,24,21,6,31,11,28,8,35)(7,32,10)(15,34,26)
(1,23,25,17,2,20,13,9,29)(3,19,14)(4,18,33,30,22,12,27,36,16)(5,35,8,28,11,31,6,21,24)(7,10,32)(15,26,34)
(1,9,20,17,23,29,13,2,25)(3,19,14)(4,36,12,30,18,16,27,22,33)(5,21,31,28,35,24,6,11,8)(7,10,32)(15,26,34)
(1,2,29,17,9,25,13,23,20)(3,19,14)(4,22,16,30,36,33,27,18,12)(5,11,24,28,21,8,6,35,31)(7,10,32)(15,26,34)
(1,20,19,11,27,10,22,28,3)(2,12,23)(4,32,35,6,7,18,29,26,13)(5,14,21,25,34,36,30,15,17)(8,31,9)(16,33,24)
(1,28,10,11,20,3,22,27,19)(2,12,23)(4,26,18,6,32,13,29,7,35)(5,15,36,25,14,17,30,34,21)(8,31,9)(16,33,24)
(1,27,8,13,30,24,17,4,31)(2,36,5,23,22,6,9,18,28)(3,10,15)(7,34,14)(11,25,33,35,29,16,21,20,12)(19,32,26)
(1,30,31,13,4,8,17,27,24)(2,22,28,23,18,5,9,36,6)(3,10,15)(7,34,14)(11,29,12,35,20,33,21,25,16)(19,32,26)
(1,4,24,13,27,31,17,30,8)(2,18,6,23,36,28,9,22,5)(3,10,15)(7,34,14)(11,20,16,35,25,12,21,29,33)(19,32,26)
(1,8,30,17,31,27,13,24,4)(2,5,22,9,28,36,23,6,18)(3,15,10)(7,14,34)(11,33,29,21,12,25,35,16,20)(19,26,32)
(1,24,27,17,8,4,13,31,30)(2,6,36,9,5,18,23,28,22)(3,15,10)(7,14,34)(11,16,25,21,33,20,35,12,29)(19,26,32)
(1,31,4,17,24,30,13,8,27)(2,28,18,9,6,22,23,5,36)(3,15,10)(7,14,34)(11,12,20,21,16,29,35,33,25)(19,26,32)
(1,11,21)(2,34,5,12,19,4,8,26,20)(3,27,9,7,25,16,14,6,31)(10,30,33,32,29,24,15,28,23)(13,36,17)(18,22,35)
(1,21,11)(2,20,26,8,4,19,12,5,34)(3,31,6,14,16,25,7,9,27)(10,23,28,15,24,29,32,33,30)(13,17,36)(18,35,22)
(1,21,11)(2,5,19,8,20,34,12,4,26)(3,9,25,14,31,27,7,16,6)(10,33,29,15,23,30,32,24,28)(13,17,36)(18,35,22)
(1,3,23,18,15,31,21,26,12)(2,13,10,24,36,34,16,11,7)(4,6,27)(5,28,20)(8,17,19,33,22,14,9,35,32)(25,30,29)
(1,21,11)(2,4,34,8,5,26,12,20,19)(3,16,27,14,9,6,7,31,25)(10,24,30,15,33,28,32,23,29)(13,17,36)(18,35,22)
(1,6,14,11,29,34,22,4,15)(2,24,8)(3,13,25,19,35,30,10,18,5)(7,36,20,26,17,27,32,21,28)(9,23,33)(12,16,31)
(1,29,15,11,4,14,22,6,34)(2,24,8)(3,35,5,19,18,25,10,13,30)(7,17,28,26,21,20,32,36,27)(9,23,33)(12,16,31)
(1,34,6,22,14,4,11,15,29)(2,8,24)(3,30,13,10,25,18,19,5,35)(7,27,36,32,20,21,26,28,17)(9,33,23)(12,31,16)
(1,15,4,22,34,29,11,14,6)(2,8,24)(3,5,18,10,30,35,19,25,13)(7,28,21,32,27,17,26,20,36)(9,33,23)(12,31,16)
(1,14,29,22,15,6,11,34,4)(2,8,24)(3,25,35,10,5,13,19,30,18)(7,20,17,32,28,36,26,27,21)(9,33,23)(12,31,16)
(1,32,5,22,26,30,11,7,25)(2,16,9)(3,29,21,10,6,17,19,4,36)(8,12,33)(13,14,20,18,15,28,35,34,27)(23,24,31)
(1,13,18)(2,25,10,8,27,15,12,6,32)(3,33,4,14,23,5,7,24,20)(9,30,34,31,28,26,16,29,19)(11,36,22)(17,35,21)
(1,13,18)(2,27,32,8,6,10,12,25,15)(3,23,20,14,24,4,7,33,5)(9,28,19,31,29,34,16,30,26)(11,36,22)(17,35,21)
(1,13,18)(2,6,15,8,25,32,12,27,10)(3,24,5,14,33,20,7,23,4)(9,29,26,31,30,19,16,28,34)(11,36,22)(17,35,21)
(1,16,14,21,24,19,18,2,32)(3,36,8,26,13,9,15,11,33)(4,29,20)(5,6,25)(7,17,31,34,35,23,10,22,12)(27,30,28)
(1,24,32,21,2,14,18,16,19)(3,13,33,26,11,8,15,36,9)(4,29,20)(5,6,25)(7,35,12,34,22,31,10,17,23)(27,30,28)
(1,2,19,21,16,32,18,24,14)(3,11,9,26,36,33,15,13,8)(4,29,20)(5,6,25)(7,22,23,34,17,12,10,35,31)(27,30,28)
(1,14,24,18,32,16,21,19,2)(3,8,13,15,33,36,26,9,11)(4,20,29)(5,25,6)(7,31,35,10,12,17,34,23,22)(27,28,30)
(1,19,16,18,14,2,21,32,24)(3,9,36,15,8,11,26,33,13)(4,20,29)(5,25,6)(7,23,17,10,31,22,34,12,35)(27,28,30)
(1,32,2,18,19,24,21,14,16)(3,33,11,15,9,13,26,8,36)(4,20,29)(5,25,6)(7,12,22,10,23,35,34,31,17)(27,28,30)
(1,18,13)(2,10,27,12,32,25,8,15,6)(3,4,23,7,20,33,14,5,24)(9,34,28,16,19,30,31,26,29)(11,22,36)(17,21,35)
(1,15,12,18,26,23,21,3,31)(2,36,7,24,11,10,16,13,34)(4,6,27)(5,28,20)(8,22,32,33,35,19,9,17,14)(25,30,29)
(1,26,25,22,7,5,11,32,30)(2,16,9)(3,6,36,10,4,21,19,29,17)(8,12,33)(13,15,27,18,34,20,35,14,28)(23,24,31)
(1,18,13)(2,32,6,12,15,27,8,10,25)(3,20,24,7,5,23,14,4,33)(9,19,29,16,26,28,31,34,30)(11,22,36)(17,21,35)
(1,7,30,22,32,25,11,26,5)(2,16,9)(3,4,17,10,29,36,19,6,21)(8,12,33)(13,34,28,18,14,27,35,15,20)(23,24,31)
(1,5,26,11,25,32,22,30,7)(2,9,16)(3,21,6,19,36,29,10,17,4)(8,33,12)(13,20,15,35,27,14,18,28,34)(23,31,24)
(1,30,32,11,5,7,22,25,26)(2,9,16)(3,17,29,19,21,4,10,36,6)(8,33,12)(13,28,14,35,20,34,18,27,15)(23,31,24)
(1,25,7,11,30,26,22,5,32)(2,9,16)(3,36,4,19,17,6,10,21,29)(8,33,12)(13,27,34,35,28,15,18,20,14)(23,31,24)
(1,34,9,18,7,8,21,10,33)(2,35,3,24,17,15,16,22,26)(4,30,5)(6,29,28)(11,19,23,13,14,31,36,32,12)(20,27,25)
(1,7,33,18,10,9,21,34,8)(2,17,26,24,22,3,16,35,15)(4,30,5)(6,29,28)(11,14,12,13,32,23,36,19,31)(20,27,25)
(1,10,8,18,34,33,21,7,9)(2,22,15,24,35,26,16,17,3)(4,30,5)(6,29,28)(11,32,31,13,19,12,36,14,23)(20,27,25)
(1,9,7,21,33,34,18,8,10)(2,3,17,16,26,35,24,15,22)(4,5,30)(6,28,29)(11,23,14,36,12,19,13,31,32)(20,25,27)
(1,8,34,21,9,10,18,33,7)(2,15,35,16,3,22,24,26,17)(4,5,30)(6,28,29)(11,31,19,36,23,32,13,12,14)(20,25,27)
(1,33,10,21,8,7,18,9,34)(2,26,22,16,15,17,24,3,35)(4,5,30)(6,28,29)(11,12,32,36,31,14,13,23,19)(20,25,27)
(1,12,26,21,31,15,18,23,3)(2,7,11,16,34,36,24,10,13)(4,27,6)(5,20,28)(8,32,35,9,14,22,33,19,17)(25,29,30)
(1,31,3,21,23,26,18,12,15)(2,34,13,16,10,11,24,7,36)(4,27,6)(5,20,28)(8,14,17,9,19,35,33,32,22)(25,29,30)
(1,23,15,21,12,3,18,31,26)(2,10,36,16,7,13,24,34,11)(4,27,6)(5,20,28)(8,19,22,9,32,17,33,14,35)(25,29,30)
(1,26,31,18,3,12,21,15,23)(2,11,34,24,13,7,16,36,10)(4,6,27)(5,28,20)(8,35,14,33,17,32,9,22,19)(25,30,29)
(1,18,13)(2,15,25,12,10,6,8,32,27)(3,5,33,7,4,24,14,20,23)(9,26,30,16,34,29,31,19,28)(11,22,36)(17,21,35)
(1,4,34,11,6,15,22,29,14)(2,24,8)(3,18,30,19,13,5,10,35,25)(7,21,27,26,36,28,32,17,20)(9,23,33)(12,16,31)
(1,24,7,18,16,10,21,2,34)(3,35,12,15,17,23,26,22,31)(5,29,27)(6,30,20)(8,14,13,33,32,36,9,19,11)
(1,7,27,11,26,28,22,32,20)(2,33,31)(3,30,36,19,5,17,10,25,21)(4,13,34,6,35,15,29,18,14)(8,16,23)
(1,14,31,21,19,23,18,32,12)(2,13,15,16,11,3,24,36,26)(4,25,28)(5,29,27)(7,8,17,34,9,35,10,33,22)
(1,19,12,21,32,31,18,14,23)(2,11,26,16,36,15,24,13,3)(4,25,28)(5,29,27)(7,9,22,34,33,17,10,8,35)
(1,32,23,21,14,12,18,19,31)(2,36,3,16,13,26,24,11,15)(4,25,28)(5,29,27)(7,33,35,34,8,22,10,9,17)
(1,31,19,18,12,14,21,23,32)(2,15,11,24,26,13,16,3,36)(4,28,25)(5,27,29)(7,17,9,10,22,8,34,35,33)
(1,33,3,18,9,15,21,8,26)(2,32,17,24,19,22,16,14,35)(4,25,28)(6,20,30)(7,13,23,10,36,31,34,11,12)
(1,9,26,18,8,3,21,33,15)(2,19,35,24,14,17,16,32,22)(4,25,28)(6,20,30)(7,36,12,10,11,23,34,13,31)
(1,8,15,18,33,26,21,9,3)(2,14,22,24,32,35,16,19,17)(4,25,28)(6,20,30)(7,11,31,10,13,12,34,36,23)
(1,3,9,21,26,33,18,15,8)(2,17,19,16,35,32,24,22,14)(4,28,25)(6,30,20)(7,23,36,34,12,13,10,31,11)
(1,15,33,21,3,8,18,26,9)(2,22,32,16,17,14,24,35,19)(4,28,25)(6,30,20)(7,31,13,34,23,11,10,12,36)
(1,26,8,21,15,9,18,3,33)(2,35,14,16,22,19,24,17,32)(4,28,25)(6,30,20)(7,12,11,34,31,36,10,23,13)
(1,23,14,18,31,32,21,12,19)(2,3,13,24,15,36,16,26,11)(4,28,25)(5,27,29)(7,35,8,10,17,33,34,22,9)
(1,12,32,18,23,19,21,31,14)(2,26,36,24,3,11,16,15,13)(4,28,25)(5,27,29)(7,22,33,10,35,9,34,17,8)
(1,10,24,21,7,2,18,34,16)(3,23,35,26,12,22,15,31,17)(5,27,29)(6,20,30)(8,36,14,9,13,19,33,11,32)
(1,7,16,21,34,24,18,10,2)(3,12,17,26,31,35,15,23,22)(5,27,29)(6,20,30)(8,13,32,9,11,14,33,36,19)
(1,34,2,21,10,16,18,7,24)(3,31,22,26,23,17,15,12,35)(5,27,29)(6,20,30)(8,11,19,9,36,32,33,13,14)
(1,32,28,11,7,20,22,26,27)(2,33,31)(3,25,17,19,30,21,10,5,36)(4,18,15,6,13,14,29,35,34)(8,16,23)
(1,2,10,18,24,34,21,16,7)(3,22,23,15,35,31,26,17,12)(5,29,27)(6,30,20)(8,19,36,33,14,11,9,32,13)
(1,16,34,18,2,7,21,24,10)(3,17,31,15,22,12,26,35,23)(5,29,27)(6,30,20)(8,32,11,33,19,13,9,14,36)
(1,26,20,11,32,27,22,7,28)(2,33,31)(3,5,21,19,25,36,10,30,17)(4,35,14,6,18,34,29,13,15)(8,16,23)
(1,28,7,22,27,32,11,20,26)(2,31,33)(3,17,30,10,36,25,19,21,5)(4,15,13,29,34,18,6,14,35)(8,23,16)
(1,20,32,22,28,26,11,27,7)(2,31,33)(3,21,25,10,17,5,19,36,30)(4,14,18,29,15,35,6,34,13)(8,23,16)
(2,7,20,8,3,4,12,14,5)(6,16,32,25,9,10,27,31,15)(11,17,18)(13,21,22)(19,30,23,34,28,24,26,29,33)
(2,3,5,8,14,20,12,7,4)(6,9,15,25,31,32,27,16,10)(11,17,18)(13,21,22)(19,28,33,34,29,23,26,30,24)
(2,14,4,8,7,5,12,3,20)(6,31,10,25,16,15,27,9,32)(11,17,18)(13,21,22)(19,29,24,34,30,33,26,28,23)
(2,20,3,12,5,7,8,4,14)(6,32,9,27,15,16,25,10,31)(11,18,17)(13,22,21)(19,23,28,26,33,30,34,24,29)
(2,4,7,12,20,14,8,5,3)(6,10,16,27,32,31,25,15,9)(11,18,17)(13,22,21)(19,24,30,26,23,29,34,33,28)
(2,5,14,12,4,3,8,20,7)(6,15,31,27,10,9,25,32,16)(11,18,17)(13,22,21)(19,33,29,26,24,28,34,23,30)
(1,27,26,22,20,7,11,28,32)(2,31,33)(3,36,5,10,21,30,19,17,25)(4,34,35,29,14,13,6,15,18)(8,23,16)
(1,5,15,22,30,34,11,25,14)(2,33,31)(3,18,28,10,35,27,19,13,20)(4,26,36,29,7,21,6,32,17)(9,24,12)
(1,30,14,22,25,15,11,5,34)(2,33,31)(3,35,20,10,13,28,19,18,27)(4,7,17,29,32,36,6,26,21)(9,24,12)
(1,25,34,22,5,14,11,30,15)(2,33,31)(3,13,27,10,18,20,19,35,28)(4,32,21,29,26,17,6,7,36)(9,24,12)
(1,15,30,11,14,5,22,34,25)(2,31,33)(3,28,35,19,20,18,10,27,13)(4,36,7,6,17,26,29,21,32)(9,12,24)
(1,23,5,13,9,6,17,2,28)(4,35,8,27,21,24,30,11,31)(7,19,15)(10,26,14)(12,20,18,33,25,36,16,29,22)
(1,36,35)(2,6,26,12,27,34,8,25,19)(3,16,28,7,31,30,14,9,29)(4,15,33,20,10,24,5,32,23)(13,21,22)
(1,9,28,13,2,5,17,23,6)(4,21,31,27,11,8,30,35,24)(7,19,15)(10,26,14)(12,25,22,33,29,18,16,20,36)
(1,5,9,17,28,23,13,6,2)(4,8,21,30,31,35,27,24,11)(7,15,19)(10,14,26)(12,18,25,16,22,20,33,36,29)
(1,6,23,17,5,2,13,28,9)(4,24,35,30,8,11,27,31,21)(7,15,19)(10,14,26)(12,36,20,16,18,29,33,22,25)
(1,28,2,17,6,9,13,5,23)(4,31,11,30,24,21,27,8,35)(7,15,19)(10,14,26)(12,22,29,16,36,25,33,18,20)
(1,34,5,11,15,25,22,14,30)(2,31,33)(3,27,18,19,28,13,10,20,35)(4,21,26,6,36,32,29,17,7)(9,12,24)
(1,14,25,11,34,30,22,15,5)(2,31,33)(3,20,13,19,27,35,10,28,18)(4,17,32,6,21,7,29,36,26)(9,12,24)
(1,16,30,13,12,4,17,33,27)(2,29,35,23,20,21,9,25,11)(3,32,34)(5,36,8,6,22,24,28,18,31)(10,14,26)
(1,12,27,13,33,30,17,16,4)(2,20,11,23,25,35,9,29,21)(3,32,34)(5,22,31,6,18,8,28,36,24)(10,14,26)
(1,33,4,13,16,27,17,12,30)(2,25,21,23,29,11,9,20,35)(3,32,34)(5,18,24,6,36,31,28,22,8)(10,14,26)
(1,30,12,17,27,16,13,4,33)(2,35,20,9,11,29,23,21,25)(3,34,32)(5,8,22,28,31,36,6,24,18)(10,26,14)
(1,29,3,22,6,10,11,4,19)(5,32,13,30,26,18,25,7,35)(8,16,23)(9,12,24)(14,17,28,15,36,27,34,21,20)
(1,6,19,22,4,3,11,29,10)(5,26,35,30,7,13,25,32,18)(8,16,23)(9,12,24)(14,36,20,15,21,28,34,17,27)
(1,4,10,22,29,19,11,6,3)(5,7,18,30,32,35,25,26,13)(8,16,23)(9,12,24)(14,21,27,15,17,20,34,36,28)
(1,3,6,11,19,29,22,10,4)(5,13,26,25,35,32,30,18,7)(8,23,16)(9,24,12)(14,28,36,34,20,17,15,27,21)
(1,10,29,11,3,4,22,19,6)(5,18,32,25,13,7,30,35,26)(8,23,16)(9,24,12)(14,27,17,34,28,21,15,20,36)
(1,19,4,11,10,6,22,3,29)(5,35,7,25,18,26,30,13,32)(8,23,16)(9,24,12)(14,20,21,34,27,36,15,28,17)
(1,36,35)(2,27,19,12,25,26,8,6,34)(3,31,29,7,9,28,14,16,30)(4,10,23,20,32,33,5,15,24)(13,21,22)
(1,27,33,17,4,12,13,30,16)(2,11,25,9,21,20,23,35,29)(3,34,32)(5,31,18,28,24,22,6,8,36)(10,26,14)
(1,35,36)(2,30,15,12,29,10,8,28,32)(3,33,6,7,24,27,14,23,25)(4,34,31,20,19,9,5,26,16)(11,17,18)
(1,8,25,13,24,29,17,31,20)(2,30,36,23,4,22,9,27,18)(3,34,32)(5,11,33,6,35,16,28,21,12)(7,15,19)
(1,24,20,13,31,25,17,8,29)(2,4,18,23,27,36,9,30,22)(3,34,32)(5,35,12,6,21,33,28,11,16)(7,15,19)
(1,31,29,13,8,20,17,24,25)(2,27,22,23,30,18,9,4,36)(3,34,32)(5,21,16,6,11,12,28,35,33)(7,15,19)
(1,25,24,17,20,8,13,29,31)(2,36,4,9,18,30,23,22,27)(3,32,34)(5,33,35,28,12,11,6,16,21)(7,19,15)
(1,29,8,17,25,31,13,20,24)(2,22,30,9,36,27,23,18,4)(3,32,34)(5,16,11,28,33,21,6,12,35)(7,19,15)
(1,2,6,13,23,28,17,9,5)(4,11,24,27,35,31,30,21,8)(7,19,15)(10,26,14)(12,29,36,33,20,22,16,25,18)
(1,35,36)(2,29,32,12,28,15,8,30,10)(3,24,25,7,23,6,14,33,27)(4,19,16,20,26,31,5,34,9)(11,17,18)
(1,35,36)(2,28,10,12,30,32,8,29,15)(3,23,27,7,33,25,14,24,6)(4,26,9,20,34,16,5,19,31)(11,17,18)
(1,36,35)(2,32,28,8,10,29,12,15,30)(3,25,23,14,27,24,7,6,33)(4,16,26,5,9,19,20,31,34)(11,18,17)
(1,36,35)(2,15,29,8,32,30,12,10,28)(3,6,24,14,25,33,7,27,23)(4,31,19,5,16,34,20,9,26)(11,18,17)
(1,36,35)(2,10,30,8,15,28,12,32,29)(3,27,33,14,6,23,7,25,24)(4,9,34,5,31,26,20,16,19)(11,18,17)
(1,35,36)(2,26,27,8,19,6,12,34,25)(3,28,31,14,29,16,7,30,9)(4,33,10,5,23,15,20,24,32)(13,22,21)
(1,35,36)(2,19,25,8,34,27,12,26,6)(3,29,9,14,30,31,7,28,16)(4,23,32,5,24,10,20,33,15)(13,22,21)
(1,35,36)(2,34,6,8,26,25,12,19,27)(3,30,16,14,28,9,7,29,31)(4,24,15,5,33,32,20,23,10)(13,22,21)
(1,4,16,17,30,33,13,27,12)(2,21,29,9,35,25,23,11,20)(3,34,32)(5,24,36,28,8,18,6,31,22)(10,26,14)
(1,20,31,17,29,24,13,25,8)(2,18,27,9,22,4,23,36,30)(3,32,34)(5,12,21,28,16,35,6,33,11)(7,19,15)
(1,36,35)(2,25,34,12,6,19,8,27,26)(3,9,30,7,16,29,14,31,28)(4,32,24,20,15,23,5,10,33)(13,21,22)
(1,15,33,20,22,26,23,29,11,3,24,25)(2,6,13,14,8,5,18,32,12,28,35,19)(4,36,7,31,30,21,10,16,27,17,34,9)
(1,34,23,5,11,10,33,6,22,7,24,28)(2,30,13,15,12,4,35,3,8,27,18,26)(9,25,36,32,16,29,17,14,31,20,21,19)
(1,10,24,5,22,34,33,28,11,7,23,6)(2,4,18,15,8,30,35,26,12,27,13,3)(9,29,21,32,31,25,17,19,16,20,36,14)
(1,6,23,7,11,28,33,34,22,5,24,10)(2,3,13,27,12,26,35,30,8,15,18,4)(9,14,36,20,16,19,17,25,31,32,21,29)
(1,15,30,2,18,34,29,23,21,14,28,9)(3,5,8,22,10,4,24,35,19,20,31,17)(6,33,11,32,27,16,13,26,25,12,36,7)
(1,34,28,2,21,15,29,9,18,14,30,23)(3,4,31,22,19,5,24,17,10,20,8,35)(6,16,36,32,25,33,13,7,27,12,11,26)
(1,28,24,7,22,6,33,10,11,5,23,34)(2,26,18,27,8,3,35,4,12,15,13,30)(9,19,21,20,31,14,17,29,16,32,36,25)
(1,20,31,34,11,25,9,10,22,29,16,7)(2,32,17,4,12,14,21,27,8,19,36,30)(3,18,28,24,26,13,5,23,15,35,6,33)
(1,23,30,14,18,9,29,15,21,2,28,34)(3,35,8,20,10,17,24,5,19,22,31,4)(6,26,11,12,27,7,13,33,25,32,36,16)
(1,9,28,14,21,23,29,34,18,2,30,15)(3,17,31,20,19,35,24,4,10,22,8,5)(6,7,36,12,25,26,13,16,27,32,11,33)
(1,14,20,31,21,34,4,24,18,15,5,8)(2,13,32,28,9,11,7,29,23,36,26,30)(3,25,12,17,19,27,16,35,10,6,33,22)
(1,34,5,31,18,14,4,8,21,15,20,24)(2,11,26,28,23,13,7,30,9,36,32,29)(3,27,33,17,10,25,16,22,19,6,12,35)
(1,25,16,34,22,20,9,7,11,29,31,10)(2,14,36,4,8,32,21,30,12,19,17,27)(3,13,6,24,15,18,5,33,26,35,28,23)
(1,10,31,29,11,7,9,20,22,34,16,25)(2,27,17,19,12,30,21,32,8,4,36,14)(3,23,28,35,26,33,5,18,15,24,6,13)
(1,24,20,15,21,8,4,14,18,31,5,34)(2,29,32,36,9,30,7,13,23,28,26,11)(3,35,12,6,19,22,16,25,10,17,33,27)
(1,8,5,15,18,24,4,34,21,31,20,14)(2,30,26,36,23,29,7,11,9,28,32,13)(3,22,33,6,10,35,16,27,19,17,12,25)
(1,7,16,29,22,10,9,25,11,34,31,20)(2,30,36,19,8,27,21,14,12,4,17,32)(3,33,6,35,15,23,5,13,26,24,28,18)
(1,25,24,3,11,29,23,26,22,20,33,15)(2,19,35,28,12,32,18,5,8,14,13,6)(4,9,34,17,27,16,10,21,30,31,7,36)
(1,32,28,8,18,26,30,24,21,7,29,31)(2,36,3,25,23,11,10,6,9,13,19,27)(4,16,17,14,20,12,22,15,5,33,35,34)
(1,26,29,8,21,32,30,31,18,7,28,24)(2,11,19,25,9,36,10,27,23,13,3,6)(4,12,35,14,5,16,22,34,20,33,17,15)
(1,29,33,3,22,25,23,15,11,20,24,26)(2,32,13,28,8,19,18,6,12,14,35,5)(4,16,7,17,30,9,10,36,27,31,34,21)
(1,26,24,20,11,15,23,25,22,3,33,29)(2,5,35,14,12,6,18,19,8,28,13,32)(4,21,34,31,27,36,10,9,30,17,7,16)
(1,24,28,7,18,31,30,32,21,8,29,26)(2,6,3,13,23,27,10,36,9,25,19,11)(4,15,17,33,20,34,22,16,5,14,35,12)
(1,31,29,7,21,24,30,26,18,8,28,32)(2,27,19,13,9,6,10,11,23,25,3,36)(4,34,35,33,5,15,22,12,20,14,17,16)
(1,7,4,16,21,26,5,33,18,32,20,12)(2,17,34,6,9,35,15,25,23,22,14,27)(3,30,24,36,19,28,8,13,10,29,31,11)
(1,26,20,16,18,7,5,12,21,32,4,33)(2,35,14,6,23,17,15,27,9,22,34,25)(3,28,31,36,10,30,8,11,19,29,24,13)
(1,4,7,16,17,29,14,24,13,6,3,2)(5,10,12,21,30,32,31,35,25,15,23,11)(8,18,27,26,9,22,20,34,33,36,28,19)
(1,20,12,32,22,29,2,19,11,25,8,14)(3,21,27,33,15,17,4,23,26,36,30,24)(5,31,7,18,28,16,10,35,6,9,34,13)
(1,33,4,32,21,12,5,7,18,16,20,26)(2,25,34,22,9,27,15,17,23,6,14,35)(3,13,24,29,19,11,8,30,10,36,31,28)
(1,12,20,32,18,33,5,26,21,16,4,7)(2,27,14,22,23,25,15,35,9,6,34,17)(3,11,31,29,10,13,8,28,19,36,24,30)
(1,3,5,9,21,19,20,23,18,10,4,2)(6,8,17,26,25,31,35,32,27,24,22,7)(11,14,28,33,36,34,29,12,13,15,30,16)
(1,19,4,9,18,3,20,2,21,10,5,23)(6,31,22,26,27,8,35,7,25,24,17,32)(11,34,30,33,13,14,29,16,36,15,28,12)
(1,29,8,32,11,20,2,14,22,25,12,19)(3,17,30,33,26,21,4,24,15,36,27,23)(5,16,34,18,6,31,10,13,28,9,7,35)
(1,19,12,25,22,14,2,20,11,32,8,29)(3,23,27,36,15,24,4,21,26,33,30,17)(5,35,7,9,28,13,10,31,6,18,34,16)
(1,23,5,10,21,2,20,3,18,9,4,19)(6,32,17,24,25,7,35,8,27,26,22,31)(11,12,28,15,36,16,29,14,13,33,30,34)
(1,2,4,10,18,23,20,19,21,9,5,3)(6,7,22,24,27,32,35,31,25,26,17,8)(11,16,30,15,13,12,29,34,36,33,28,14)
(1,14,8,25,11,19,2,29,22,32,12,20)(3,24,30,36,26,23,4,17,15,33,27,21)(5,13,34,9,6,35,10,16,28,18,7,31)
(1,30,23,14,22,27,24,32,11,4,33,19)(2,7,35,20,8,10,13,29,12,34,18,25)(3,17,28,31,15,36,6,16,26,21,5,9)
(1,10,29,12,18,19,28,33,21,3,30,16)(2,22,32,20,23,35,26,5,9,17,7,4)(6,8,36,14,27,24,11,15,25,31,13,34)
(1,19,30,12,21,10,28,16,18,3,29,33)(2,35,7,20,9,22,26,4,23,17,32,5)(6,24,13,14,25,8,11,34,27,31,36,15)
(1,19,33,4,11,32,24,27,22,14,23,30)(2,25,18,34,12,29,13,10,8,20,35,7)(3,9,5,21,26,16,6,36,15,31,28,17)
(1,32,23,4,22,19,24,30,11,14,33,27)(2,29,35,34,8,25,13,7,12,20,18,10)(3,16,28,21,15,9,6,17,26,31,5,36)
(1,33,29,3,18,16,28,10,21,12,30,19)(2,5,32,17,23,4,26,22,9,20,7,35)(6,15,36,31,27,34,11,8,25,14,13,24)
(1,16,30,3,21,33,28,19,18,12,29,10)(2,4,7,17,9,5,26,35,23,20,32,22)(6,34,13,31,25,15,11,24,27,14,36,8)
(1,15,27,33,21,14,6,12,18,34,25,16)(2,22,10,30,9,17,3,28,23,35,19,29)(4,8,36,7,5,31,13,26,20,24,11,32)
(1,14,25,33,18,15,6,16,21,34,27,12)(2,17,19,30,23,22,3,29,9,35,10,28)(4,31,11,7,20,8,13,32,5,24,36,26)
(1,12,27,34,21,16,6,15,18,33,25,14)(2,28,10,35,9,29,3,22,23,30,19,17)(4,26,36,24,5,32,13,8,20,7,11,31)
(1,16,25,34,18,12,6,14,21,33,27,15)(2,29,19,35,23,28,3,17,9,30,10,22)(4,32,11,24,20,26,13,31,5,7,36,8)
(1,32,6,23,21,7,25,2,18,26,27,9)(3,20,16,13,19,4,33,11,10,5,12,36)(8,22,15,28,31,17,14,29,24,35,34,30)
(1,7,27,23,18,32,25,9,21,26,6,2)(3,4,12,13,10,20,33,36,19,5,16,11)(8,17,34,28,24,22,14,30,31,35,15,29)
(1,2,6,26,21,9,25,32,18,23,27,7)(3,11,16,5,19,36,33,20,10,13,12,4)(8,29,15,35,31,30,14,22,24,28,34,17)
(1,9,27,26,18,2,25,7,21,23,6,32)(3,36,12,5,10,11,33,4,19,13,16,20)(8,30,34,35,24,29,14,17,31,28,15,22)
(1,10,25,24,21,3,27,8,18,19,6,31)(2,36,14,4,9,13,34,5,23,11,15,20)(7,30,33,35,26,28,12,22,32,29,16,17)
(1,3,6,24,18,10,27,31,21,19,25,8)(2,13,15,4,23,36,34,20,9,11,14,5)(7,28,16,35,32,30,12,17,26,29,33,22)
(1,8,25,19,21,31,27,10,18,24,6,3)(2,5,14,11,9,20,34,36,23,4,15,13)(7,22,33,29,26,17,12,30,32,35,16,28)
(1,31,6,19,18,8,27,3,21,24,25,10)(2,20,15,11,23,5,34,13,9,4,14,36)(7,17,16,29,32,22,12,28,26,35,33,30)
(1,12,7,27,13,23,3,28,17,31,14,20)(2,26,30,36,24,19,5,22,16,34,25,18)(4,11,33,10,6,35,9,15,29,21,8,32)
(1,23,14,27,17,12,3,20,13,31,7,28)(2,19,25,36,16,26,5,18,24,34,30,22)(4,35,8,10,29,11,9,32,6,21,33,15)
(1,27,9,26,22,4,31,3,11,30,16,15)(2,34,17,6,8,7,36,5,12,10,21,28)(13,25,33,32,18,20,23,19,35,29,24,14)
(1,4,16,26,11,27,31,15,22,30,9,3)(2,7,21,6,12,34,36,28,8,10,17,5)(13,20,24,32,35,25,23,14,18,29,33,19)
(1,28,7,31,13,20,3,12,17,27,14,23)(2,22,30,34,24,18,5,26,16,36,25,19)(4,15,33,21,6,32,9,11,29,10,8,35)
(1,20,14,31,17,28,3,23,13,27,7,12)(2,18,25,34,16,22,5,19,24,36,30,26)(4,32,8,21,29,15,9,35,6,10,33,11)
(1,3,9,30,22,15,31,27,11,26,16,4)(2,5,17,10,8,28,36,34,12,6,21,7)(13,19,33,29,18,14,23,25,35,32,24,20)
(1,15,16,30,11,3,31,4,22,26,9,27)(2,28,21,10,12,5,36,7,8,6,17,34)(13,14,24,29,35,19,23,20,18,32,33,25)
(1,12,32,29,17,31,15,6,13,23,10,4)(2,7,20,22,16,14,28,36,24,3,27,18)(5,11,33,19,30,21,8,26,25,35,9,34)
(1,31,10,29,13,12,15,4,17,23,32,6)(2,14,27,22,24,7,28,18,16,3,20,36)(5,21,9,19,25,11,8,34,30,35,33,26)
(1,30,12,10,11,4,8,7,22,27,2,34)(3,35,20,9,26,18,25,16,15,13,29,31)(5,33,32,36,6,24,14,17,28,23,19,21)
(1,4,2,10,22,30,8,34,11,27,12,7)(3,18,29,9,15,35,25,31,26,13,20,16)(5,24,19,36,28,33,14,21,6,23,32,17)
(1,6,32,23,17,4,15,12,13,29,10,31)(2,36,20,3,16,18,28,7,24,22,27,14)(5,26,33,35,30,34,8,11,25,19,9,21)
(1,4,10,23,13,6,15,31,17,29,32,12)(2,18,27,3,24,36,28,14,16,22,20,7)(5,34,9,35,25,26,8,21,30,19,33,11)
(1,16,34,20,17,24,19,28,13,2,26,27)(3,6,11,12,7,4,21,31,14,29,35,23)(5,36,8,32,30,18,9,15,25,22,33,10)
(1,24,26,20,13,16,19,27,17,2,34,28)(3,4,35,12,14,6,21,23,7,29,11,31)(5,18,33,32,25,36,9,10,30,22,8,15)
(1,7,12,27,11,34,8,30,22,10,2,4)(3,16,20,13,26,31,25,35,15,9,29,18)(5,17,32,23,6,21,14,33,28,36,19,24)
(1,34,2,27,22,7,8,4,11,10,12,30)(3,31,29,13,15,16,25,18,26,9,20,35)(5,21,19,23,28,17,14,24,6,36,32,33)
(1,28,34,2,17,27,19,16,13,20,26,24)(3,31,11,29,7,23,21,6,14,12,35,4)(5,15,8,22,30,10,9,36,25,32,33,18)
(1,27,26,2,13,28,19,24,17,20,34,16)(3,23,35,29,14,31,21,4,7,12,11,6)(5,10,33,22,25,15,9,18,30,32,8,36)
(1,16,15,30,13,2,32,5,17,24,10,25)(3,29,18,9,14,4,36,8,7,6,22,33)(11,12,26,28,35,23,19,20,21,31,34,27)
(1,2,10,30,17,16,32,25,13,24,15,5)(3,4,22,9,7,29,36,33,14,6,18,8)(11,23,34,28,21,12,19,27,35,31,26,20)
(1,28,2,15,11,5,12,3,22,6,8,26)(4,31,19,18,27,9,32,13,30,16,14,35)(7,17,29,24,34,21,20,23,10,36,25,33)
(1,2,3,6,13,24,14,29,17,16,7,4)(5,11,23,15,25,35,31,32,30,21,12,10)(8,19,28,36,33,34,20,22,9,26,27,18)
(1,5,15,24,13,25,32,16,17,30,10,2)(3,8,18,6,14,33,36,29,7,9,22,4)(11,20,26,31,35,27,19,12,21,28,34,23)
(1,25,10,24,17,5,32,2,13,30,15,16)(3,33,22,6,7,8,36,4,14,9,18,29)(11,27,34,31,21,20,19,23,35,28,26,12)
(1,3,2,6,11,26,12,28,22,15,8,5)(4,13,19,16,27,35,32,31,30,18,14,9)(7,23,29,36,34,33,20,17,10,24,25,21)
(1,26,8,6,22,3,12,5,11,15,2,28)(4,35,14,16,30,13,32,9,27,18,19,31)(7,33,25,36,10,23,20,21,34,24,29,17)
(1,5,9,19,11,6,16,32,22,28,31,14)(2,26,36,29,12,15,17,20,8,3,21,25)(4,33,10,35,27,24,7,18,30,23,34,13)
(1,6,31,19,22,5,16,14,11,28,9,32)(2,15,21,29,8,26,17,25,12,3,36,20)(4,24,34,35,30,33,7,13,27,23,10,18)
(1,33,3,25,17,8,7,5,13,9,14,30)(2,32,28,11,16,15,27,21,24,10,20,35)(4,18,23,19,29,22,12,26,6,36,31,34)
(1,8,14,25,13,33,7,30,17,9,3,5)(2,15,20,11,24,32,27,35,16,10,28,21)(4,22,31,19,6,18,12,34,29,36,23,26)
(1,32,9,28,11,14,16,5,22,19,31,6)(2,20,36,3,12,25,17,26,8,29,21,15)(4,18,10,23,27,13,7,33,30,35,34,24)
(1,14,31,28,22,32,16,6,11,19,9,5)(2,25,21,3,8,20,17,15,12,29,36,26)(4,13,34,23,30,18,7,24,27,35,10,33)
(1,5,3,9,17,30,7,33,13,25,14,8)(2,21,28,10,16,35,27,32,24,11,20,15)(4,26,23,36,29,34,12,18,6,19,31,22)
(1,30,14,9,13,5,7,8,17,25,3,33)(2,35,20,10,24,21,27,15,16,11,28,32)(4,34,31,36,6,26,12,22,29,19,23,18)
(1,33,19,4,13,9,34,6,17,8,26,29)(2,7,25,21,24,3,30,11,16,14,5,35)(10,27,36,31,15,28,22,12,32,20,18,23)
(1,9,26,4,17,33,34,29,13,8,19,6)(2,3,5,21,16,7,30,35,24,14,25,11)(10,28,18,31,32,27,22,23,15,20,36,12)
(1,6,19,8,13,29,34,33,17,4,26,9)(2,11,25,14,24,35,30,7,16,21,5,3)(10,12,36,20,15,23,22,27,32,31,18,28)
(1,29,26,8,17,6,34,9,13,4,19,33)(2,35,5,14,16,11,30,3,24,21,25,7)(10,23,18,20,32,12,22,28,15,31,36,27)
(1,8,15,28,17,9,10,27,13,33,32,20)(2,34,6,35,16,19,4,11,24,26,29,21)(3,30,36,23,7,25,18,12,14,5,22,31)
(1,9,32,28,13,8,10,20,17,33,15,27)(2,19,29,35,24,34,4,21,16,26,6,11)(3,25,22,23,14,30,18,31,7,5,36,12)
(1,27,15,33,17,20,10,8,13,28,32,9)(2,11,6,26,16,21,4,34,24,35,29,19)(3,12,36,5,7,31,18,30,14,23,22,25)
(1,20,32,33,13,27,10,9,17,28,15,8)(2,21,29,26,24,11,4,19,16,35,6,34)(3,31,22,5,14,12,18,25,7,23,36,30)
(1,31,19,5,17,23,26,30,13,12,34,25)(2,15,29,18,16,10,6,22,24,32,4,36)(3,28,35,33,7,27,11,8,14,20,21,9)
(1,23,34,5,13,31,26,25,17,12,19,30)(2,10,4,18,24,15,6,36,16,32,29,22)(3,27,21,33,14,28,11,9,7,20,35,8)
(1,30,19,12,17,25,26,31,13,5,34,23)(2,22,29,32,16,36,6,15,24,18,4,10)(3,8,35,20,7,9,11,28,14,33,21,27)
(1,25,34,12,13,30,26,23,17,5,19,31)(2,36,4,32,24,22,6,10,16,18,29,15)(3,9,21,20,14,8,11,27,7,33,35,28)
(1,24,7,6,17,2,14,4,13,16,3,29)(5,35,12,15,30,11,31,10,25,21,23,32)(8,34,27,36,9,19,20,18,33,26,28,22)
(1,5,8,15,22,28,12,26,11,6,2,3)(4,9,14,18,30,31,32,35,27,16,19,13)(7,21,25,24,10,17,20,33,34,36,29,23)
(1,27,33,14,11,30,24,19,22,4,23,32)(2,10,18,20,12,7,13,25,8,34,35,29)(3,36,5,31,26,17,6,9,15,21,28,16)
(1,29,3,16,13,4,14,2,17,6,7,24)(5,32,23,21,25,10,31,11,30,15,12,35)(8,22,28,26,33,18,20,19,9,36,27,34)