(1,18)(2,15)(3,25)(4,8)(5,10)(6,13)(7,19)(9,17)(11,12)(14,29)(16,33)(20,36)(21,24)(22,27)(23,31)(26,32)(28,34)(30,35)
(1,36)(2,21)(3,18)(4,13)(5,11)(6,29)(7,22)(8,17)(9,19)(10,23)(12,31)(14,27)(15,28)(16,32)(20,35)(24,34)(25,33)(26,30)
(1,17)(2,32)(3,24)(4,27)(5,10)(6,33)(7,36)(8,25)(9,14)(11,12)(13,19)(15,18)(16,34)(20,28)(21,35)(22,30)(23,31)(26,29)
(1,2)(3,4)(5,10)(6,7)(8,22)(9,18)(11,12)(13,16)(14,32)(15,26)(17,29)(19,20)(21,25)(23,31)(24,30)(27,35)(28,33)(34,36)
(1,23)(2,34)(3,8)(4,27)(5,33)(6,16)(7,20)(9,19)(10,36)(11,25)(12,30)(13,14)(15,28)(17,18)(21,24)(22,35)(26,31)(29,32)
(1,12)(2,34)(3,29)(4,9)(5,33)(6,35)(7,20)(8,32)(10,25)(11,36)(13,14)(15,24)(16,22)(17,18)(19,27)(21,28)(23,30)(26,31)
(1,27)(2,34)(3,23)(4,36)(5,20)(6,8)(7,17)(9,30)(10,35)(11,16)(12,32)(13,33)(14,26)(15,24)(18,31)(19,25)(21,28)(22,29)
(1,34)(2,36)(3,35)(4,27)(5,29)(6,31)(7,23)(8,12)(9,14)(10,17)(11,22)(13,19)(15,33)(16,20)(18,32)(21,30)(24,25)(26,28)
(1,21)(2,26)(3,16)(4,9)(5,7)(6,11)(8,23)(10,22)(12,29)(13,14)(15,30)(17,31)(18,20)(19,27)(24,36)(25,28)(32,35)(33,34)
(1,8)(2,34)(3,16)(4,23)(5,14)(6,25)(7,33)(9,11)(10,27)(12,19)(13,31)(15,24)(17,26)(18,20)(21,28)(22,36)(29,30)(32,35)
(1,24)(2,33)(3,19)(4,32)(5,31)(6,8)(7,17)(9,35)(10,12)(11,23)(13,18)(14,20)(15,25)(16,27)(21,36)(22,29)(26,34)(28,30)
(1,7)(2,15)(3,35)(4,12)(5,19)(6,26)(8,30)(9,31)(10,13)(11,27)(14,23)(16,20)(17,36)(18,32)(21,24)(22,25)(28,34)(29,33)
(1,13)(2,15)(3,12)(4,25)(5,32)(6,7)(8,22)(9,33)(10,18)(11,35)(14,36)(16,31)(17,29)(19,26)(20,23)(21,24)(27,30)(28,34)
(1,36)(2,13)(3,22)(4,21)(5,31)(6,32)(7,18)(8,35)(9,28)(10,23)(11,12)(14,34)(15,19)(16,29)(17,20)(24,27)(25,30)(26,33)
(1,10)(2,14)(3,35)(4,24)(5,26)(6,29)(7,17)(8,22)(9,15)(11,30)(12,25)(13,34)(16,32)(18,20)(19,28)(21,27)(23,36)(31,33)
(1,36)(2,34)(3,35)(4,27)(5,31)(6,29)(7,17)(8,22)(9,19)(10,23)(11,12)(13,14)(15,28)(16,32)(18,20)(21,24)(25,30)(26,33)
(1,35)(2,34)(3,36)(4,29)(5,31)(6,27)(7,14)(8,19)(9,22)(10,12)(11,23)(13,17)(15,24)(16,30)(18,33)(20,26)(21,28)(25,32)
(1,11)(2,14)(3,16)(4,28)(5,26)(6,8)(7,17)(9,21)(10,30)(12,36)(13,34)(15,27)(18,20)(19,24)(22,29)(23,25)(31,33)(32,35)
(1,6)(2,3)(4,13)(5,11)(7,25)(8,26)(9,19)(10,23)(12,31)(14,27)(15,16)(17,30)(18,21)(20,24)(22,33)(28,32)(29,36)(34,35)
(1,28)(2,30)(3,14)(4,20)(5,11)(6,29)(7,22)(8,17)(9,16)(10,23)(12,31)(13,35)(15,36)(18,27)(19,32)(21,26)(24,33)(25,34)
(1,23)(2,21)(3,7)(4,13)(5,30)(6,16)(8,20)(9,19)(10,36)(11,26)(12,33)(14,27)(15,28)(17,35)(18,22)(24,34)(25,31)(29,32)
(1,9)(2,21)(3,5)(4,26)(6,29)(7,22)(8,17)(10,16)(11,18)(12,20)(13,30)(14,25)(15,28)(19,36)(23,32)(24,34)(27,33)(31,35)
(1,15)(2,25)(3,18)(4,13)(5,8)(6,10)(7,12)(9,19)(11,17)(14,27)(16,32)(20,35)(21,33)(22,31)(23,29)(24,26)(28,36)(30,34)
(1,29)(2,21)(3,18)(4,5)(6,36)(7,30)(8,33)(9,10)(11,13)(12,14)(15,28)(16,32)(17,25)(19,23)(20,35)(22,26)(24,34)(27,31)
(1,16)(2,21)(3,26)(4,7)(5,11)(6,9)(8,14)(10,23)(12,31)(13,22)(15,28)(17,27)(18,30)(19,29)(20,25)(24,34)(32,36)(33,35)
(1,22)(2,20)(3,28)(4,9)(5,31)(6,30)(7,26)(8,36)(10,12)(11,23)(13,14)(15,35)(16,21)(17,33)(18,34)(19,27)(24,32)(25,29)
(1,6)(2,20)(3,24)(4,27)(5,31)(7,26)(8,25)(9,19)(10,23)(11,12)(13,14)(15,16)(17,33)(18,34)(21,35)(22,30)(28,32)(29,36)
(1,25)(2,34)(3,16)(4,9)(5,31)(6,8)(7,17)(10,12)(11,23)(13,14)(15,24)(18,20)(19,27)(21,28)(22,29)(26,33)(30,36)(32,35)
(1,26)(2,15)(3,35)(4,27)(5,10)(6,7)(8,22)(9,14)(11,12)(13,19)(16,20)(17,29)(18,32)(21,24)(23,31)(25,30)(28,34)(33,36)
(1,28)(2,33)(3,4)(5,31)(6,29)(7,17)(8,22)(9,16)(10,23)(11,12)(13,18)(14,20)(15,36)(19,32)(21,25)(24,30)(26,34)(27,35)
(1,9)(2,34)(3,12)(4,25)(5,20)(6,29)(7,17)(8,22)(10,16)(11,35)(13,33)(14,26)(15,28)(18,31)(19,36)(21,24)(23,32)(27,30)
(1,19)(2,7)(3,35)(4,30)(5,31)(6,15)(8,24)(9,36)(10,23)(11,12)(13,26)(14,33)(16,32)(17,34)(18,20)(21,22)(25,27)(28,29)
(1,32)(2,5)(3,30)(4,27)(6,29)(7,17)(8,22)(9,19)(10,15)(11,21)(12,24)(13,14)(16,36)(18,26)(20,33)(23,28)(25,35)(31,34)
(1,36)(2,34)(3,27)(4,35)(5,17)(6,23)(7,31)(8,11)(9,32)(10,29)(12,22)(13,20)(14,18)(15,28)(16,19)(21,24)(25,30)(26,33)
(1,15)(2,26)(3,35)(4,27)(5,7)(6,10)(8,12)(9,19)(11,22)(13,14)(16,32)(17,31)(18,20)(21,30)(23,29)(24,25)(28,36)(33,34)
(1,29)(2,34)(3,35)(4,12)(5,14)(6,36)(7,33)(8,30)(9,10)(11,27)(13,31)(15,28)(16,32)(17,26)(18,20)(19,23)(21,24)(22,25)
(1,16)(2,34)(3,25)(4,8)(5,31)(6,9)(7,14)(10,23)(11,12)(13,17)(15,28)(18,33)(19,29)(20,26)(21,24)(22,27)(30,35)(32,36)
(1,26)(2,6)(3,11)(4,27)(5,16)(7,15)(8,21)(9,14)(10,20)(12,35)(13,19)(17,28)(18,23)(22,24)(25,30)(29,34)(31,32)(33,36)
(1,26)(2,16)(3,21)(4,11)(5,9)(6,7)(8,22)(10,14)(12,27)(13,23)(15,20)(17,29)(18,28)(19,31)(24,35)(25,30)(32,34)(33,36)
(1,26)(2,10)(3,35)(4,22)(5,15)(6,14)(7,9)(8,27)(11,24)(12,21)(13,29)(16,20)(17,19)(18,32)(23,34)(25,30)(28,31)(33,36)
(1,25)(2,17)(3,10)(4,9)(5,18)(6,24)(7,34)(8,15)(11,32)(12,16)(13,14)(19,27)(20,31)(21,29)(22,28)(23,35)(26,33)(30,36)
(1,25)(2,18)(3,15)(4,10)(5,13)(6,8)(7,17)(9,12)(11,19)(14,31)(16,24)(20,34)(21,32)(22,29)(23,27)(26,33)(28,35)(30,36)
(1,25)(2,31)(3,16)(4,6)(5,34)(7,13)(8,9)(10,24)(11,28)(12,15)(14,17)(18,20)(19,22)(21,23)(26,33)(27,29)(30,36)(32,35)
(1,5)(2,15)(3,8)(4,27)(6,18)(7,32)(9,14)(10,26)(11,25)(12,30)(13,19)(16,17)(20,29)(21,24)(22,35)(23,33)(28,34)(31,36)
(1,25)(2,13)(3,6)(4,15)(5,31)(7,18)(8,16)(9,24)(10,12)(11,23)(14,34)(17,20)(19,21)(22,32)(26,33)(27,28)(29,35)(30,36)
(1,26)(2,9)(3,22)(4,21)(5,10)(6,20)(7,16)(8,35)(11,12)(13,28)(14,15)(17,32)(18,29)(19,34)(23,31)(24,27)(25,30)(33,36)
(1,4)(2,7)(3,16)(5,31)(6,21)(8,28)(9,25)(10,12)(11,23)(13,26)(14,33)(15,22)(17,34)(18,20)(19,30)(24,29)(27,36)(32,35)
(1,10)(2,4)(3,18)(5,25)(6,29)(7,22)(8,17)(9,15)(11,33)(12,26)(13,21)(14,24)(16,32)(19,28)(20,35)(23,36)(27,34)(30,31)
(1,32)(2,12)(3,33)(4,13)(5,24)(6,29)(7,22)(8,17)(9,19)(10,15)(11,34)(14,27)(16,36)(18,25)(20,30)(21,31)(23,28)(26,35)
(1,19)(2,8)(3,18)(4,33)(5,11)(6,15)(7,24)(9,36)(10,23)(12,31)(13,25)(14,30)(16,32)(17,21)(20,35)(22,34)(26,27)(28,29)
(1,14)(2,29)(3,35)(4,30)(5,10)(6,34)(7,28)(8,24)(9,26)(11,12)(13,36)(15,17)(16,20)(18,32)(19,33)(21,22)(23,31)(25,27)
(1,20)(2,23)(3,30)(4,27)(5,28)(6,7)(8,22)(9,14)(10,34)(11,21)(12,24)(13,19)(15,31)(16,26)(17,29)(18,36)(25,35)(32,33)
(1,26)(2,15)(3,27)(4,35)(5,6)(7,10)(8,11)(9,20)(12,22)(13,32)(14,16)(17,23)(18,19)(21,24)(25,30)(28,34)(29,31)(33,36)
(1,31)(2,19)(3,35)(4,24)(5,36)(6,7)(8,22)(9,34)(10,33)(11,30)(12,25)(13,15)(14,28)(16,20)(17,29)(18,32)(21,27)(23,26)
(1,36)(2,22)(3,31)(4,13)(5,35)(6,28)(7,21)(8,34)(9,19)(10,32)(11,20)(12,18)(14,27)(15,29)(16,23)(17,24)(25,33)(26,30)
(1,36)(2,35)(3,34)(4,31)(5,27)(6,29)(7,22)(8,17)(9,23)(10,19)(11,14)(12,13)(15,32)(16,28)(18,24)(20,21)(25,33)(26,30)
(1,36)(2,11)(3,18)(4,17)(5,21)(6,19)(7,27)(8,13)(9,29)(10,28)(12,34)(14,22)(15,23)(16,32)(20,35)(24,31)(25,33)(26,30)
(1,3)(2,5)(4,9)(6,8)(7,17)(10,21)(11,15)(12,28)(13,14)(16,25)(18,26)(19,27)(20,33)(22,29)(23,24)(30,32)(31,34)(35,36)
(1,36)(2,21)(3,13)(4,18)(5,22)(6,23)(7,11)(8,31)(9,32)(10,29)(12,17)(14,35)(15,28)(16,19)(20,27)(24,34)(25,33)(26,30)
(1,36)(2,17)(3,11)(4,27)(5,18)(6,28)(7,34)(8,21)(9,19)(10,32)(12,35)(13,14)(15,29)(16,23)(20,31)(22,24)(25,30)(26,33)
(1,36)(2,18)(3,21)(4,11)(5,13)(6,29)(7,17)(8,22)(9,23)(10,19)(12,27)(14,31)(15,32)(16,28)(20,34)(24,35)(25,30)(26,33)
(1,36)(2,31)(3,35)(4,22)(5,34)(6,19)(7,13)(8,27)(9,29)(10,28)(11,24)(12,21)(14,17)(15,23)(16,32)(18,20)(25,30)(26,33)
(1,25)(2,34)(3,9)(4,16)(5,17)(6,12)(7,31)(8,10)(11,29)(13,20)(14,18)(15,24)(19,35)(21,28)(22,23)(26,33)(27,32)(30,36)
(1,36)(2,27)(3,17)(4,34)(5,11)(6,32)(7,35)(8,18)(9,28)(10,23)(12,31)(13,24)(14,21)(15,19)(16,29)(20,22)(25,33)(26,30)
(1,6)(2,24)(3,20)(4,31)(5,27)(7,25)(8,26)(9,23)(10,19)(11,14)(12,13)(17,30)(18,35)(21,34)(22,33)(29,36)
(1,12)(2,13)(3,32)(4,15)(5,33)(6,22)(8,29)(9,24)(10,25)(11,36)(14,34)(16,35)(19,21)(23,30)(26,31)(27,28)
(1,30)(2,20)(3,28)(4,23)(5,14)(6,22)(8,29)(9,11)(10,27)(12,19)(13,31)(15,35)(16,21)(18,34)(24,32)(25,36)
(1,30)(2,5)(3,32)(4,29)(6,27)(7,14)(8,19)(9,22)(10,21)(11,15)(12,28)(13,17)(16,35)(23,24)(25,36)(31,34)
(1,11)(3,6)(4,19)(5,26)(7,18)(8,16)(9,27)(10,30)(12,36)(15,21)(17,20)(22,32)(23,25)(24,28)(29,35)(31,33)
(1,33)(2,23)(4,8)(5,28)(6,13)(7,19)(9,17)(10,34)(11,21)(12,24)(14,29)(15,31)(16,18)(20,32)(22,27)(26,36)
(1,33)(2,29)(3,12)(5,32)(6,34)(7,28)(8,24)(9,13)(10,18)(11,35)(14,19)(15,17)(16,31)(20,23)(21,22)(26,36)
(2,4)(3,7)(5,12)(6,16)(8,20)(9,15)(11,31)(13,21)(14,24)(17,35)(18,22)(19,28)(25,26)(27,34)(29,32)(30,33)
(1,35)(2,31)(3,36)(4,19)(5,34)(6,22)(8,29)(9,27)(10,24)(11,28)(12,15)(16,30)(18,33)(20,26)(21,23)(25,32)
(2,24)(3,14)(4,20)(5,8)(6,10)(7,12)(9,16)(11,17)(13,35)(18,27)(19,32)(21,34)(22,31)(23,29)(25,26)(30,33)
(1,28)(2,30)(3,20)(4,14)(5,22)(6,23)(7,11)(8,31)(10,29)(12,17)(13,27)(15,36)(18,35)(21,26)(24,33)(25,34)
(1,27)(2,17)(3,32)(4,36)(6,24)(7,34)(8,15)(9,30)(10,11)(12,23)(13,33)(14,26)(16,35)(19,25)(21,29)(22,28)
(1,32)(2,24)(3,33)(4,17)(5,12)(6,19)(7,27)(8,13)(9,29)(11,31)(14,22)(16,36)(18,25)(20,30)(21,34)(26,35)
(1,33)(2,32)(3,24)(4,12)(5,19)(6,17)(7,29)(9,31)(10,13)(11,27)(14,23)(15,18)(16,34)(20,28)(21,35)(26,36)
(1,23)(2,27)(3,20)(4,34)(5,30)(7,8)(9,28)(10,36)(11,26)(12,33)(13,24)(14,21)(15,19)(17,22)(18,35)(25,31)
(1,15)(2,25)(3,13)(4,18)(5,12)(7,8)(9,32)(11,31)(14,35)(16,19)(17,22)(20,27)(21,33)(24,26)(28,36)(30,34)
(1,29)(2,35)(3,34)(4,14)(5,12)(6,36)(7,30)(8,33)(11,31)(13,27)(15,32)(16,28)(17,25)(18,24)(20,21)(22,26)
(1,18)(2,10)(3,25)(5,15)(6,17)(7,29)(9,13)(11,24)(12,21)(14,19)(16,33)(20,36)(23,34)(26,32)(28,31)(30,35)
(1,33)(2,28)(3,4)(5,29)(6,31)(7,23)(8,12)(9,18)(10,17)(11,22)(13,16)(14,32)(15,34)(19,20)(26,36)(27,35)
(1,9)(2,22)(3,20)(4,26)(5,12)(6,28)(7,21)(8,34)(11,31)(13,30)(14,25)(15,29)(17,24)(18,35)(19,36)(27,33)
(1,16)(2,11)(3,26)(4,14)(5,21)(7,8)(10,28)(12,34)(13,27)(15,23)(17,22)(18,30)(20,25)(24,31)(32,36)(33,35)
(1,10)(2,24)(3,17)(4,14)(5,25)(6,32)(7,35)(8,18)(11,33)(12,26)(13,27)(16,29)(20,22)(21,34)(23,36)(30,31)
(1,20)(2,28)(3,30)(4,22)(5,23)(6,14)(7,9)(8,27)(10,31)(13,29)(15,34)(16,26)(17,19)(18,36)(25,35)(32,33)
(1,31)(2,28)(3,22)(5,36)(6,20)(7,16)(8,35)(9,13)(10,33)(11,30)(12,25)(14,19)(15,34)(17,32)(18,29)(23,26)
(2,12)(3,20)(4,7)(5,24)(6,9)(8,14)(10,15)(11,34)(13,22)(17,27)(18,35)(19,29)(21,31)(23,28)(25,26)(30,33)
(2,3)(4,5)(7,8)(9,10)(11,13)(12,14)(15,16)(17,22)(18,21)(19,23)(20,24)(25,26)(27,31)(28,32)(30,33)(34,35)
(2,8)(3,5)(4,14)(6,15)(7,24)(10,16)(11,18)(12,20)(13,27)(17,21)(22,34)(23,32)(25,26)(28,29)(30,33)(31,35)
(1,3)(4,6)(7,13)(8,9)(10,11)(12,23)(14,17)(15,21)(16,25)(18,26)(19,22)(20,33)(24,28)(27,29)(30,32)(35,36)
(1,33)(2,19)(3,8)(4,24)(5,23)(6,18)(7,32)(9,34)(10,31)(13,15)(14,28)(16,17)(20,29)(21,27)(22,35)(26,36)
(1,30)(2,14)(3,29)(4,28)(6,35)(7,20)(8,32)(9,21)(10,11)(12,23)(13,34)(15,27)(16,22)(17,18)(19,24)(25,36)
(1,14)(2,28)(3,11)(4,30)(5,16)(6,17)(7,29)(9,26)(10,20)(12,35)(13,36)(15,34)(18,23)(19,33)(25,27)(31,32)
(1,30)(2,7)(3,23)(4,19)(5,20)(6,21)(8,28)(9,27)(10,35)(11,16)(12,32)(15,22)(17,34)(18,31)(24,29)(25,36)
(1,7)(2,16)(3,21)(5,23)(6,26)(8,30)(9,13)(10,31)(14,19)(15,20)(17,36)(18,28)(22,25)(24,35)(29,33)(32,34)
(1,5)(2,9)(4,21)(6,17)(7,29)(10,26)(11,25)(12,30)(13,28)(14,15)(16,18)(19,34)(20,32)(23,33)(24,27)(31,36)
(1,13)(2,6)(4,25)(5,23)(7,15)(8,21)(9,33)(10,31)(14,36)(16,18)(17,28)(19,26)(20,32)(22,24)(27,30)(29,34)
(1,22)(3,32)(4,10)(5,13)(6,30)(7,26)(8,36)(9,12)(11,19)(14,31)(15,21)(16,35)(17,33)(23,27)(24,28)(25,29)
(1,19)(2,24)(3,31)(4,33)(5,35)(7,8)(9,36)(10,32)(11,20)(12,18)(13,25)(14,30)(16,23)(17,22)(21,34)(26,27)
(1,34)(2,36)(3,27)(4,35)(5,23)(6,17)(7,29)(9,20)(10,31)(13,32)(14,16)(15,33)(18,19)(21,30)(24,25)(26,28)
(1,2)(5,6)(7,10)(8,11)(9,13)(12,22)(14,19)(15,26)(16,18)(17,23)(20,32)(21,25)(24,30)(28,33)(29,31)(34,36)
(1,24)(2,33)(3,32)(4,19)(5,17)(6,12)(7,31)(8,10)(9,27)(11,29)(15,25)(16,35)(21,36)(22,23)(26,34)(28,30)
(1,17)(2,28)(4,11)(5,9)(6,33)(7,36)(8,25)(10,14)(12,27)(13,23)(15,34)(16,18)(19,31)(20,32)(22,30)(26,29)
(1,8)(2,18)(3,15)(4,19)(6,25)(7,33)(9,27)(10,11)(12,23)(16,24)(17,26)(20,34)(21,32)(22,36)(28,35)(29,30)
(1,21)(2,26)(3,9)(4,16)(6,22)(8,29)(10,11)(12,23)(13,20)(14,18)(15,30)(19,35)(24,36)(25,28)(27,32)(33,34)
(1,30)(3,19)(4,32)(5,7)(6,11)(8,23)(9,35)(10,22)(12,29)(13,18)(14,20)(15,21)(16,27)(17,31)(24,28)(25,36)
(1,4)(3,10)(5,18)(6,22)(8,29)(9,25)(11,32)(12,16)(13,26)(14,33)(15,21)(19,30)(20,31)(23,35)(24,28)(27,36)
(1,15)(2,26)(3,27)(4,35)(9,32)(13,20)(14,18)(16,19)(21,30)(24,25)(28,36)(33,34)
(1,33)(2,28)(5,23)(6,17)(7,29)(9,13)(10,31)(14,19)(15,34)(16,18)(20,32)(26,36)
(1,28)(2,33)(5,17)(6,23)(7,31)(8,11)(10,29)(12,22)(15,36)(21,25)(24,30)(26,34)
(1,6)(4,11)(5,13)(7,26)(8,25)(9,23)(10,19)(12,27)(14,31)(17,33)(22,30)(29,36)
(1,29)(2,18)(3,21)(6,36)(7,33)(8,30)(15,32)(16,28)(17,26)(20,34)(22,25)(24,35)
(1,19)(3,11)(4,30)(5,18)(9,36)(10,32)(12,35)(13,26)(14,33)(16,23)(20,31)(25,27)
(1,30)(3,32)(4,19)(6,22)(8,29)(9,27)(10,11)(12,23)(15,21)(16,35)(24,28)(25,36)
(3,4)(5,7)(6,10)(8,12)(9,16)(11,22)(13,18)(14,20)(17,31)(19,32)(23,29)(27,35)
(1,16)(2,31)(3,25)(5,34)(10,28)(11,24)(12,21)(15,23)(18,33)(20,26)(30,35)(32,36)
(1,9)(2,17)(4,25)(6,28)(7,34)(8,21)(13,33)(14,26)(15,29)(19,36)(22,24)(27,30)
(2,7)(3,12)(5,20)(6,15)(8,24)(10,16)(11,35)(17,34)(18,31)(21,22)(23,32)(28,29)
(2,5)(4,8)(6,9)(7,14)(10,15)(11,21)(12,24)(13,17)(19,29)(22,27)(23,28)(31,34)
(2,20)(3,24)(4,12)(5,14)(9,10)(11,27)(13,31)(15,16)(18,34)(19,23)(21,35)(28,32)
(2,14)(3,8)(4,24)(6,16)(7,20)(9,15)(13,34)(17,18)(19,28)(21,27)(22,35)(29,32)
(1,10)(3,22)(5,26)(6,32)(7,18)(8,35)(11,30)(12,25)(16,29)(17,20)(23,36)(31,33)
(1,23)(2,13)(4,21)(5,33)(9,28)(10,36)(11,25)(12,30)(14,34)(15,19)(24,27)(26,31)
(1,32)(3,30)(4,22)(6,19)(7,13)(8,27)(9,29)(14,17)(16,36)(18,26)(20,33)(25,35)
(2,24)(3,20)(4,14)(5,12)(7,8)(11,31)(13,27)(17,22)(18,35)(21,34)(25,26)(30,33)
(1,22,34)(2,36,8)(3,13,23)(4,31,16)(5,32,27)(6,21,33)(7,28,25)(9,12,20)(10,35,14)(11,18,19)(15,30,17)(24,26,29)
(1,5,3)(2,8,9)(4,15,17)(6,14,21)(7,27,28)(10,18,25)(11,16,26)(12,32,33)(13,24,29)(19,34,22)(20,30,23)(31,35,36)
(1,35,13)(2,10,22)(3,14,36)(4,26,32)(5,29,21)(6,24,31)(7,15,12)(8,34,23)(9,30,18)(11,17,28)(16,27,33)(19,25,20)
(1,3,5)(2,9,8)(4,17,15)(6,21,14)(7,28,27)(10,25,18)(11,26,16)(12,33,32)(13,29,24)(19,22,34)(20,23,30)(31,36,35)
(1,8,5)(2,16,27)(3,14,15)(4,34,32)(6,11,26)(7,23,30)(9,24,18)(10,25,17)(12,33,29)(13,28,35)(19,21,20)(22,31,36)
(1,5,8)(2,27,16)(3,15,14)(4,32,34)(6,26,11)(7,30,23)(9,18,24)(10,17,25)(12,29,33)(13,35,28)(19,20,21)(22,36,31)
(1,12,20)(2,29,27)(3,33,23)(4,34,6)(5,32,30)(7,9,24)(8,13,28)(10,35,26)(11,18,36)(14,15,22)(16,25,31)(17,19,21)
(1,20,12)(2,27,29)(3,23,33)(4,6,34)(5,30,32)(7,24,9)(8,28,13)(10,26,35)(11,36,18)(14,22,15)(16,31,25)(17,21,19)
(1,4,2)(3,7,10)(5,16,22)(6,12,18)(8,31,32)(9,21,26)(11,20,29)(13,15,25)(14,28,30)(17,23,35)(19,24,33)(27,34,36)
(1,2,4)(3,10,7)(5,22,16)(6,18,12)(8,32,31)(9,26,21)(11,29,20)(13,25,15)(14,30,28)(17,35,23)(19,33,24)(27,36,34)
(1,18,22)(2,4,10)(3,29,26)(5,21,9)(6,33,35)(7,25,32)(8,36,20)(11,28,14)(12,15,13)(16,17,30)(19,31,24)(23,34,27)
(1,22,18)(2,10,4)(3,26,29)(5,9,21)(6,35,33)(7,32,25)(8,20,36)(11,14,28)(12,13,15)(16,30,17)(19,24,31)(23,27,34)
(1,2,3)(4,6,5)(7,11,9)(8,10,13)(12,19,17)(14,22,23)(15,18,25)(16,26,21)(20,30,28)(24,32,33)(27,29,31)(34,35,36)
(1,3,2)(4,5,6)(7,9,11)(8,13,10)(12,17,19)(14,23,22)(15,25,18)(16,21,26)(20,28,30)(24,33,32)(27,31,29)(34,36,35)
(1,34,22)(2,8,36)(3,23,13)(4,16,31)(5,27,32)(6,33,21)(7,25,28)(9,20,12)(10,14,35)(11,19,18)(15,17,30)(24,29,26)
(1,14,24)(2,30,19)(3,29,31)(4,28,33)(5,35,6)(7,11,32)(8,10,20)(9,34,25)(12,16,17)(13,21,36)(15,26,27)(18,22,23)
(1,14,8)(2,35,23)(3,10,34)(4,29,33)(5,24,16)(6,26,27)(7,30,19)(9,17,25)(11,15,20)(12,28,18)(13,22,36)(21,32,31)
(1,8,14)(2,23,35)(3,34,10)(4,33,29)(5,16,24)(6,27,26)(7,19,30)(9,25,17)(11,20,15)(12,18,28)(13,36,22)(21,31,32)
(1,31,21)(2,25,23)(3,6,13)(4,16,7)(5,24,36)(8,19,18)(9,20,22)(10,34,30)(11,15,33)(12,28,26)(14,35,29)(17,27,32)
(1,21,31)(2,23,25)(3,13,6)(4,7,16)(5,36,24)(8,18,19)(9,22,20)(10,30,34)(11,33,15)(12,26,28)(14,29,35)(17,32,27)
(1,13,11)(2,3,6)(4,23,26)(5,25,19)(7,21,16)(8,15,18)(9,31,30)(10,33,27)(12,36,14)(17,24,32)(20,22,28)(29,34,35)
(1,11,13)(2,6,3)(4,26,23)(5,19,25)(7,16,21)(8,18,15)(9,30,31)(10,27,33)(12,14,36)(17,32,24)(20,28,22)(29,35,34)
(1,28,32)(2,20,33)(3,30,24)(4,22,12)(5,14,17)(6,23,19)(7,31,13)(8,11,27)(9,29,10)(15,16,36)(18,26,34)(21,35,25)
(1,15,6)(2,7,26)(3,12,27)(4,35,11)(5,13,20)(8,25,24)(9,32,23)(10,19,16)(14,18,31)(17,33,34)(21,22,30)(28,29,36)
(1,6,15)(2,26,7)(3,27,12)(4,11,35)(5,20,13)(8,24,25)(9,23,32)(10,16,19)(14,31,18)(17,34,33)(21,30,22)(28,36,29)
(1,19,29)(2,18,5)(3,11,21)(4,8,30)(6,36,9)(7,33,14)(10,15,32)(12,24,35)(13,17,26)(16,23,28)(20,31,34)(22,25,27)
(1,29,19)(2,5,18)(3,21,11)(4,30,8)(6,9,36)(7,14,33)(10,32,15)(12,35,24)(13,26,17)(16,28,23)(20,34,31)(22,27,25)
(1,34,11)(2,12,36)(3,9,17)(4,29,18)(5,25,28)(6,20,27)(7,35,19)(8,16,14)(10,33,21)(13,22,32)(15,31,30)(23,26,24)
(1,11,34)(2,36,12)(3,17,9)(4,18,29)(5,28,25)(6,27,20)(7,19,35)(8,14,16)(10,21,33)(13,32,22)(15,30,31)(23,24,26)
(1,17,35)(2,11,19)(3,36,7)(4,28,31)(5,27,15)(6,18,30)(8,32,26)(9,34,12)(10,14,24)(13,21,23)(16,33,22)(20,25,29)
(1,35,17)(2,19,11)(3,7,36)(4,31,28)(5,15,27)(6,30,18)(8,26,32)(9,12,34)(10,24,14)(13,23,21)(16,22,33)(20,29,25)
(1,31,27)(2,22,32)(3,28,17)(4,36,5)(6,20,24)(7,35,15)(8,16,34)(9,33,11)(10,13,30)(12,19,26)(14,25,23)(18,21,29)
(1,13,35)(2,22,10)(3,36,14)(4,32,26)(5,21,29)(6,31,24)(7,12,15)(8,23,34)(9,18,30)(11,28,17)(16,33,27)(19,20,25)
(1,23,32)(2,7,13)(3,30,12)(4,21,22)(5,20,33)(6,19,15)(8,27,24)(9,28,29)(10,16,36)(11,35,25)(14,34,17)(18,26,31)
(1,32,23)(2,13,7)(3,12,30)(4,22,21)(5,33,20)(6,15,19)(8,24,27)(9,29,28)(10,36,16)(11,25,35)(14,17,34)(18,31,26)
(1,16,9)(2,31,17)(3,4,25)(5,7,34)(6,28,10)(8,21,12)(11,22,24)(13,33,18)(14,26,20)(15,23,29)(19,36,32)(27,30,35)
(1,9,16)(2,17,31)(3,25,4)(5,34,7)(6,10,28)(8,12,21)(11,24,22)(13,18,33)(14,20,26)(15,29,23)(19,32,36)(27,35,30)
(1,29,23)(2,18,13)(3,4,21)(5,33,7)(6,10,36)(8,12,30)(9,28,16)(11,25,22)(14,34,20)(15,32,19)(17,31,26)(24,35,27)
(1,12,7)(2,9,35)(3,34,19)(4,20,15)(5,29,30)(6,25,31)(8,33,23)(10,22,26)(11,17,36)(13,16,24)(14,32,21)(18,28,27)
(1,16,6)(2,14,31)(3,8,25)(4,11,24)(5,34,13)(7,26,20)(9,23,15)(10,28,19)(12,21,27)(17,33,18)(22,30,35)(29,36,32)
(1,6,16)(2,31,14)(3,25,8)(4,24,11)(5,13,34)(7,20,26)(9,15,23)(10,19,28)(12,27,21)(17,18,33)(22,35,30)(29,32,36)
(1,27,31)(2,32,22)(3,17,28)(4,5,36)(6,24,20)(7,15,35)(8,34,16)(9,11,33)(10,30,13)(12,26,19)(14,23,25)(18,29,21)
(1,10,15)(2,26,5)(3,22,27)(4,35,8)(6,9,32)(7,14,18)(11,21,30)(12,24,25)(13,20,17)(16,29,19)(23,28,36)(31,34,33)
(1,15,10)(2,5,26)(3,27,22)(4,8,35)(6,32,9)(7,18,14)(11,30,21)(12,25,24)(13,17,20)(16,19,29)(23,36,28)(31,33,34)
(1,32,28)(2,33,20)(3,24,30)(4,12,22)(5,17,14)(6,19,23)(7,13,31)(8,27,11)(9,10,29)(15,36,16)(18,34,26)(21,25,35)
(1,9,10)(2,20,17)(3,22,24)(4,12,25)(5,26,14)(6,28,32)(7,34,18)(8,21,35)(11,30,27)(13,31,33)(15,16,29)(19,23,36)
(1,7,12)(2,35,9)(3,19,34)(4,15,20)(5,30,29)(6,31,25)(8,23,33)(10,26,22)(11,36,17)(13,24,16)(14,21,32)(18,27,28)
(1,19,28)(2,33,14)(3,8,11)(4,24,30)(5,18,17)(6,23,16)(7,31,20)(9,15,36)(10,32,29)(12,35,22)(13,34,26)(21,25,27)
(1,28,19)(2,14,33)(3,11,8)(4,30,24)(5,17,18)(6,16,23)(7,20,31)(9,36,15)(10,29,32)(12,22,35)(13,26,34)(21,27,25)
(1,24,20)(2,32,30)(3,33,28)(4,17,23)(5,19,22)(6,12,14)(7,10,27)(8,31,9)(11,13,29)(15,35,26)(16,25,34)(18,36,21)
(1,20,24)(2,30,32)(3,28,33)(4,23,17)(5,22,19)(6,14,12)(7,27,10)(8,9,31)(11,29,13)(15,26,35)(16,34,25)(18,21,36)
(1,21,17)(2,29,25)(3,5,9)(4,18,10)(6,30,34)(7,36,24)(8,26,28)(11,14,16)(12,13,32)(15,22,33)(19,35,31)(20,23,27)
(1,17,21)(2,25,29)(3,9,5)(4,10,18)(6,34,30)(7,24,36)(8,28,26)(11,16,14)(12,32,13)(15,33,22)(19,31,35)(20,27,23)
(1,4,7)(2,16,12)(3,31,15)(5,28,35)(6,25,13)(8,33,19)(9,22,26)(10,21,20)(11,34,32)(14,29,30)(17,36,27)(18,23,24)
(1,7,4)(2,12,16)(3,15,31)(5,35,28)(6,13,25)(8,19,33)(9,26,22)(10,20,21)(11,32,34)(14,30,29)(17,27,36)(18,24,23)
(1,30,33)(2,28,24)(3,20,32)(4,14,19)(5,23,12)(6,22,17)(7,29,8)(9,27,13)(10,11,31)(15,21,34)(16,35,18)(25,26,36)
(1,33,30)(2,24,28)(3,32,20)(4,19,14)(5,12,23)(6,17,22)(7,8,29)(9,13,27)(10,31,11)(15,34,21)(16,18,35)(25,36,26)
(1,27,18)(2,6,11)(3,26,19)(4,20,36)(5,15,8)(7,23,21)(9,35,33)(10,24,17)(12,34,29)(13,16,30)(14,32,25)(22,31,28)
(1,18,27)(2,11,6)(3,19,26)(4,36,20)(5,8,15)(7,21,23)(9,33,35)(10,17,24)(12,29,34)(13,30,16)(14,25,32)(22,28,31)
(1,10,9)(2,17,20)(3,24,22)(4,25,12)(5,14,26)(6,32,28)(7,18,34)(8,35,21)(11,27,30)(13,33,31)(15,29,16)(19,36,23)
(1,23,29)(2,13,18)(3,21,4)(5,7,33)(6,36,10)(8,30,12)(9,16,28)(11,22,25)(14,20,34)(15,19,32)(17,26,31)(24,27,35)
(1,24,14)(2,19,30)(3,31,29)(4,33,28)(5,6,35)(7,32,11)(8,20,10)(9,25,34)(12,17,16)(13,36,21)(15,27,26)(18,23,22)
(1,19,10,6,32)(3,30,4,11,22)(5,7,18,26,13)(8,35,25,27,12)(9,23,29,16,36)(14,31,17,20,33)
(1,15,32,29,9)(2,18,17,14,26)(3,8,27,30,21)(4,25,24,35,22)(6,19,36,28,16)(7,13,33,34,20)
(1,28,10,16,29)(2,31,18,7,33)(3,22,25,21,12)(5,20,17,26,34)(6,36,15,23,32)(8,30,24,11,35)
(1,16,23,19,15)(2,26,20,31,13)(3,11,27,24,25)(4,21,30,35,12)(5,14,34,33,18)(9,28,36,32,10)
(1,10,29,28,16)(2,18,33,31,7)(3,25,12,22,21)(5,17,34,20,26)(6,15,32,36,23)(8,24,35,30,11)
(2,5,14,20,7)(3,8,24,12,4)(6,15,10,9,16)(11,27,35,22,21)(13,18,17,34,31)(19,32,29,28,23)
(2,14,7,5,20)(3,24,4,8,12)(6,10,16,15,9)(11,35,21,27,22)(13,17,31,18,34)(19,29,23,32,28)
(1,19,16,15,23)(2,31,26,13,20)(3,24,11,25,27)(4,35,21,12,30)(5,33,14,18,34)(9,32,28,10,36)
(2,20,5,7,14)(3,12,8,4,24)(6,9,15,16,10)(11,22,27,21,35)(13,34,18,31,17)(19,28,32,23,29)
(1,16,28,29,10)(2,7,31,33,18)(3,21,22,12,25)(5,26,20,34,17)(6,23,36,32,15)(8,11,30,35,24)
(1,32,6,10,19)(3,22,11,4,30)(5,13,26,18,7)(8,12,27,25,35)(9,36,16,29,23)(14,33,20,17,31)
(1,6,19,32,10)(3,11,30,22,4)(5,26,7,13,18)(8,27,35,12,25)(9,16,23,36,29)(14,20,31,33,17)
(1,10,32,19,6)(3,4,22,30,11)(5,18,13,7,26)(8,25,12,35,27)(9,29,36,23,16)(14,17,33,31,20)
(1,9,29,32,15)(2,26,14,17,18)(3,21,30,27,8)(4,22,35,24,25)(6,16,28,36,19)(7,20,34,33,13)
(1,28,6,9,23)(2,17,13,5,33)(4,11,25,21,8)(7,14,31,26,34)(10,36,15,29,19)(12,30,24,22,27)
(1,29,15,9,32)(2,14,18,26,17)(3,30,8,21,27)(4,35,25,22,24)(6,28,19,16,36)(7,34,13,20,33)
(2,7,20,14,5)(3,4,12,24,8)(6,16,9,10,15)(11,21,22,35,27)(13,31,34,17,18)(19,23,28,29,32)
(1,29,16,10,28)(2,33,7,18,31)(3,12,21,25,22)(5,34,26,17,20)(6,32,23,15,36)(8,35,11,24,30)
(1,15,19,23,16)(2,13,31,20,26)(3,25,24,27,11)(4,12,35,30,21)(5,18,33,34,14)(9,10,32,36,28)
(1,6,23,28,9)(2,13,33,17,5)(4,25,8,11,21)(7,31,34,14,26)(10,15,19,36,29)(12,24,27,30,22)
(1,23,9,6,28)(2,33,5,13,17)(4,8,21,25,11)(7,34,26,31,14)(10,19,29,15,36)(12,27,22,24,30)
(1,23,15,16,19)(2,20,13,26,31)(3,27,25,11,24)(4,30,12,21,35)(5,34,18,14,33)(9,36,10,28,32)
(1,32,9,15,29)(2,17,26,18,14)(3,27,21,8,30)(4,24,22,25,35)(6,36,16,19,28)(7,33,20,13,34)
(1,9,28,23,6)(2,5,17,33,13)(4,21,11,8,25)(7,26,14,34,31)(10,29,36,19,15)(12,22,30,27,24)
(1,28,6,36,15,29)(2,22,26,21,7,30)(3,31,27,18,12,14)(4,20,11,13,35,5)(8,33,24,17,25,34)(9,16,23,19,32,10)
(1,14,28,33,19,2)(3,8,11)(4,24,30)(5,16,17,23,18,6)(7,10,20,29,31,32)(9,34,36,13,15,26)(12,35,22)(21,25,27)
(1,4,28,30,19,24)(2,33,14)(3,29,11,32,8,10)(5,18,17)(6,12,16,22,23,35)(7,31,20)(9,21,36,27,15,25)(13,34,26)
(1,29,15,36,6,28)(2,30,7,21,26,22)(3,14,12,18,27,31)(4,5,35,13,11,20)(8,34,25,17,24,33)(9,10,32,19,23,16)
(1,11,15,30,10,21)(2,26,5)(3,6,27,32,22,9)(4,16,8,19,35,29)(7,14,18)(12,28,25,23,24,36)(13,20,17)(31,34,33)
(1,11,9,30,10,27)(2,17,20)(3,28,22,32,24,6)(4,36,12,19,25,23)(5,14,26)(7,18,34)(8,16,21,29,35,15)(13,33,31)
(1,27,10,30,9,11)(2,20,17)(3,6,24,32,22,28)(4,23,25,19,12,36)(5,26,14)(7,34,18)(8,15,35,29,21,16)(13,31,33)
(1,24,19,30,28,4)(2,14,33)(3,10,8,32,11,29)(5,17,18)(6,35,23,22,16,12)(7,20,31)(9,25,15,27,36,21)(13,26,34)
(1,35,2,36,3,34)(4,31,6,27,5,29)(7,19,11,17,9,12)(8,14,10,22,13,23)(15,30,18,28,25,20)(16,24,26,32,21,33)
(1,13,10,33,9,31)(2,32,17,28,20,6)(3,22,24)(4,12,25)(5,36,14,23,26,19)(7,15,18,29,34,16)(8,21,35)(11,30,27)
(1,31,30,10,33,11)(2,24,28)(3,6,20,22,32,17)(4,19,14)(5,25,23,26,12,36)(7,35,29,18,8,16)(9,13,27)(15,34,21)
(1,11,33,10,30,31)(2,28,24)(3,17,32,22,20,6)(4,14,19)(5,36,12,26,23,25)(7,16,8,18,29,35)(9,27,13)(15,21,34)
(1,33,30)(2,8,28,7,24,29)(3,23,20,12,32,5)(4,19,14)(6,34,22,15,17,21)(9,13,27)(10,18,11,16,31,35)(25,36,26)
(1,7,35,36,17,3)(2,12,19,34,11,9)(4,15,31,27,28,5)(6,20,30,29,18,25)(8,16,26,22,32,33)(10,13,24,23,14,21)
(1,4,33,19,30,14)(2,28,24)(3,31,32,11,20,10)(5,16,12,18,23,35)(6,22,17)(7,29,8)(9,25,13,36,27,26)(15,21,34)
(1,14,30,19,33,4)(2,24,28)(3,10,20,11,32,31)(5,35,23,18,12,16)(6,17,22)(7,8,29)(9,26,27,36,13,25)(15,34,21)
(1,12,13,36,11,14)(2,29,3,34,6,35)(4,33,23,27,26,10)(5,9,25,31,19,30)(7,32,21,17,16,24)(8,20,15,22,18,28)
(1,31,9,33,10,13)(2,6,20,28,17,32)(3,24,22)(4,25,12)(5,19,26,23,14,36)(7,16,34,29,18,15)(8,35,21)(11,27,30)
(1,30,33)(2,23,24,5,28,12)(3,20,32)(4,7,19,8,14,29)(6,27,17,9,22,13)(10,21,31,15,11,34)(16,35,18)(25,26,36)
(1,33,30)(2,12,28,5,24,23)(3,32,20)(4,29,14,8,19,7)(6,13,22,9,17,27)(10,34,11,15,31,21)(16,18,35)(25,36,26)
(1,30,33)(2,29,24,7,28,8)(3,5,32,12,20,23)(4,14,19)(6,21,17,15,22,34)(9,27,13)(10,35,31,16,11,18)(25,26,36)
(1,6,15)(2,25,7,24,26,8)(3,13,12,20,27,5)(4,31,35,14,11,18)(9,23,32)(10,16,19)(17,21,33,22,34,30)(28,36,29)
(1,2,19,33,28,14)(3,11,8)(4,30,24)(5,6,18,23,17,16)(7,32,31,29,20,10)(9,26,15,13,36,34)(12,22,35)(21,27,25)
(1,22,33,6,30,17)(2,28,24)(3,20,32)(4,31,19,11,14,10)(5,9,12,13,23,27)(7,36,8,26,29,25)(15,21,34)(16,35,18)
(1,32,28)(2,30,20,24,33,3)(4,5,22,14,12,17)(6,19,23)(7,27,31,8,13,11)(9,10,29)(15,36,16)(18,21,26,35,34,25)
(1,19,29)(2,35,5,24,18,12)(3,31,21,20,11,34)(4,7,30,14,8,33)(6,36,9)(10,15,32)(13,22,26,27,17,25)(16,23,28)
(1,5,30,23,33,12)(2,21,28,34,24,15)(3,29,20,8,32,7)(4,9,14,27,19,13)(6,18,22,16,17,35)(10,26,11,36,31,25)
(1,12,33,23,30,5)(2,15,24,34,28,21)(3,7,32,8,20,29)(4,13,19,27,14,9)(6,35,17,16,22,18)(10,25,31,36,11,26)
(1,19,16,36,9,32)(2,7,31,34,17,5)(3,30,4,35,25,27)(6,23,28,29,10,15)(8,11,21,22,12,24)(13,20,33,14,18,26)
(1,32,9,36,16,19)(2,5,17,34,31,7)(3,27,25,35,4,30)(6,15,10,29,28,23)(8,24,12,22,21,11)(13,26,18,14,33,20)
(1,29,19)(2,12,18,24,5,35)(3,34,11,20,21,31)(4,33,8,14,30,7)(6,9,36)(10,32,15)(13,25,17,27,26,22)(16,28,23)
(1,34,10,33,15,31)(2,23,26,28,5,36)(3,27,22)(4,8,35)(6,20,9,17,32,13)(7,16,14,29,18,19)(11,30,21)(12,25,24)
(1,31,15,33,10,34)(2,36,5,28,26,23)(3,22,27)(4,35,8)(6,13,32,17,9,20)(7,19,18,29,14,16)(11,21,30)(12,24,25)
(1,15,6)(2,8,26,24,7,25)(3,5,27,20,12,13)(4,18,11,14,35,31)(9,32,23)(10,19,16)(17,30,34,22,33,21)(28,29,36)
(1,6,19,36,29,9)(2,11,18,21,5,3)(4,26,8,13,30,17)(7,27,33,22,14,25)(10,16,15,23,32,28)(12,20,24,31,35,34)
(1,9,29,36,19,6)(2,3,5,21,18,11)(4,17,30,13,8,26)(7,25,14,22,33,27)(10,28,32,23,15,16)(12,34,35,31,24,20)
(1,16,28,36,32,15)(2,25,20,21,33,35)(3,34,30,18,24,26)(4,31,22,13,12,7)(5,8,14,11,17,27)(6,9,23,29,19,10)
(1,26,30,36,33,25)(2,22,28,17,24,6)(3,10,20,11,32,31)(4,9,14,27,19,13)(5,35,23,18,12,16)(7,21,29,34,8,15)
(1,25,33,36,30,26)(2,6,24,17,28,22)(3,31,32,11,20,10)(4,13,19,27,14,9)(5,16,12,18,23,35)(7,15,8,34,29,21)
(1,26,30,36,33,25)(2,11,28,31,24,10)(3,16,20,35,32,18)(4,6,14,22,19,17)(5,21,23,34,12,15)(7,27,29,13,8,9)
(1,25,33,36,30,26)(2,10,24,31,28,11)(3,18,32,35,20,16)(4,17,19,22,14,6)(5,15,12,34,23,21)(7,9,8,13,29,27)
(1,26,30,36,33,25)(2,35,28,18,24,16)(3,15,20,21,32,34)(4,10,14,11,19,31)(5,27,23,13,12,9)(6,7,22,29,17,8)
(1,25,33,36,30,26)(2,16,24,18,28,35)(3,34,32,21,20,15)(4,31,19,11,14,10)(5,9,12,13,23,27)(6,8,17,29,22,7)
(1,30,33)(2,32,24,20,28,3)(4,5,19,12,14,23)(6,22,17)(7,29,8)(9,11,13,10,27,31)(15,35,34,16,21,18)(25,26,36)
(1,33,30)(2,3,28,20,24,32)(4,23,14,12,19,5)(6,17,22)(7,8,29)(9,31,27,10,13,11)(15,18,21,16,34,35)(25,36,26)
(1,34,3,36,2,35)(4,29,5,27,6,31)(7,12,9,17,11,19)(8,23,13,22,10,14)(15,20,25,28,18,30)(16,33,21,32,26,24)
(1,35,6,30,16,22)(2,14,31)(3,29,25,32,8,36)(4,10,24,19,11,28)(5,34,13)(7,26,20)(9,12,15,27,23,21)(17,33,18)
(1,13,8,36,14,22)(2,3,23,34,35,10)(4,6,33,27,29,26)(5,21,16,31,24,32)(7,25,19,17,30,9)(11,28,20,12,15,18)
(1,8,34,36,22,2)(3,14,23,35,13,10)(4,5,16,27,31,32)(6,24,33,29,21,26)(7,15,25,17,28,30)(9,11,20,19,12,18)
(1,17,30,6,33,22)(2,24,28)(3,32,20)(4,10,14,11,19,31)(5,27,23,13,12,9)(7,25,29,26,8,36)(15,34,21)(16,18,35)
(1,8,33,29,30,7)(2,16,24,18,28,35)(3,34,32,21,20,15)(4,14,19)(5,23,12)(6,25,17,36,22,26)(9,27,13)(10,11,31)
(1,7,30,29,33,8)(2,35,28,18,24,16)(3,15,20,21,32,34)(4,19,14)(5,12,23)(6,26,22,36,17,25)(9,13,27)(10,31,11)
(1,3,17,36,35,7)(2,9,11,34,19,12)(4,5,28,27,31,15)(6,25,18,29,30,20)(8,33,32,22,26,16)(10,21,14,23,24,13)
(1,25,33,36,30,26)(2,15,24,34,28,21)(3,18,32,35,20,16)(4,13,19,27,14,9)(5,10,12,31,23,11)(6,8,17,29,22,7)
(1,2,22,36,34,8)(3,10,13,35,23,14)(4,32,31,27,16,5)(6,26,21,29,33,24)(7,30,28,17,25,15)(9,18,12,19,20,11)
(1,16,28,36,32,15)(2,26,20,34,33,18)(3,21,30,35,24,25)(4,11,22,27,12,8)(5,7,14,31,17,13)(6,9,23,29,19,10)
(1,26,30,36,33,25)(2,21,28,34,24,15)(3,16,20,35,32,18)(4,9,14,27,19,13)(5,11,23,31,12,10)(6,7,22,29,17,8)
(1,15,32,36,28,16)(2,18,33,34,20,26)(3,25,24,35,30,21)(4,8,12,27,22,11)(5,13,17,31,14,7)(6,10,19,29,23,9)
(1,2,6,26,15,7)(3,11,27,35,12,4)(5,19,20,10,13,16)(8,30,24,22,25,21)(9,18,23,14,32,31)(17,36,34,29,33,28)
(1,22,14,36,8,13)(2,10,35,34,23,3)(4,26,29,27,33,6)(5,32,24,31,16,21)(7,9,30,17,19,25)(11,18,15,12,20,28)
(1,34,32,26,28,18)(2,16,33,15,20,36)(3,25,24,35,30,21)(4,8,12,27,22,11)(5,9,17,10,14,29)(6,31,19,7,23,13)
(1,18,28,26,32,34)(2,36,20,15,33,16)(3,21,30,35,24,25)(4,11,22,27,12,8)(5,29,14,10,17,9)(6,13,23,7,19,31)
(1,28,32)(2,3,33,24,20,30)(4,17,12,14,22,5)(6,23,19)(7,11,13,8,31,27)(9,29,10)(15,16,36)(18,25,34,35,26,21)
(1,17,19,26,29,13)(2,10,18,15,5,32)(3,24,11,35,21,12)(4,25,8,27,30,22)(6,14,36,7,9,33)(16,34,23,20,28,31)
(1,24,6,25,15,8)(2,17,26,34,7,33)(3,10,27,16,12,19)(4,32,11,9,35,23)(5,14,20,31,13,18)(21,29,30,28,22,36)
(1,8,15,25,6,24)(2,33,7,34,26,17)(3,19,12,16,27,10)(4,23,35,9,11,32)(5,18,13,31,20,14)(21,36,22,28,30,29)
(1,21,32,25,28,35)(2,18,33,34,20,26)(3,36,24,16,30,15)(4,29,12,9,22,10)(5,13,17,31,14,7)(6,11,19,8,23,27)
(1,35,28,25,32,21)(2,26,20,34,33,18)(3,15,30,16,24,36)(4,10,22,9,12,29)(5,7,14,31,17,13)(6,27,23,8,19,11)
(1,27,29,25,19,22)(2,20,5,34,18,31)(3,23,21,16,11,28)(4,6,30,9,8,36)(7,26,14,17,33,13)(10,24,32,12,15,35)
(1,22,19,25,29,27)(2,31,18,34,5,20)(3,28,11,16,21,23)(4,36,8,9,30,6)(7,13,33,17,14,26)(10,35,15,12,32,24)
(1,14,29,33,19,7)(2,16,5,28,18,23)(3,11,21)(4,8,30)(6,26,9,17,36,13)(10,34,32,31,15,20)(12,24,35)(22,25,27)
(1,22,16,30,6,35)(2,31,14)(3,36,8,32,25,29)(4,28,11,19,24,10)(5,13,34)(7,20,26)(9,21,23,27,15,12)(17,18,33)
(1,7,15,26,6,2)(3,4,12,35,27,11)(5,16,13,10,20,19)(8,21,25,22,24,30)(9,31,32,14,23,18)(17,28,33,29,34,36)
(1,20,28,33,32,2)(3,24,30)(4,12,22)(5,6,14,23,17,19)(7,9,31,29,13,10)(8,27,11)(15,26,16,34,36,18)(21,25,35)
(1,34,6,33,15,17)(2,29,26,28,7,36)(3,12,27)(4,35,11)(5,9,20,23,13,32)(8,25,24)(10,14,16,31,19,18)(21,22,30)
(1,17,15,33,6,34)(2,36,7,28,26,29)(3,27,12)(4,11,35)(5,32,13,23,20,9)(8,24,25)(10,18,19,31,16,14)(21,30,22)
(1,4,29,30,19,8)(2,18,5)(3,10,21,32,11,15)(6,25,9,22,36,27)(7,33,14)(12,28,35,23,24,16)(13,17,26)(20,31,34)
(1,15,32,36,28,16)(2,35,33,21,20,25)(3,26,24,18,30,34)(4,7,12,13,22,31)(5,27,17,11,14,8)(6,10,19,29,23,9)
(1,24,32,30,28,3)(2,20,33)(4,6,12,19,22,23)(5,14,17)(7,31,13)(8,10,27,29,11,9)(15,35,36,21,16,25)(18,26,34)
(1,3,28,30,32,24)(2,33,20)(4,23,22,19,12,6)(5,17,14)(7,13,31)(8,9,11,29,27,10)(15,25,16,21,36,35)(18,34,26)
(1,21,6,30,15,22)(2,7,26)(3,23,27,32,12,9)(4,16,11,19,35,10)(5,13,20)(8,36,24,29,25,28)(14,18,31)(17,33,34)
(1,22,15,30,6,21)(2,26,7)(3,9,12,32,27,23)(4,10,35,19,11,16)(5,20,13)(8,28,25,29,24,36)(14,31,18)(17,34,33)
(1,24,17,36,21,7)(2,6,25,34,29,30)(3,31,9,35,5,19)(4,20,10,27,18,23)(8,33,28,22,26,15)(11,13,16,12,14,32)
(1,7,21,36,17,24)(2,30,29,34,25,6)(3,19,5,35,9,31)(4,23,18,27,10,20)(8,15,26,22,28,33)(11,32,14,12,16,13)
(1,27,7,36,4,17)(2,32,12,34,16,11)(3,5,15,35,31,28)(6,30,13,29,25,14)(8,26,19,22,33,9)(10,24,20,23,21,18)
(1,17,4,36,7,27)(2,11,16,34,12,32)(3,28,31,35,15,5)(6,14,25,29,13,30)(8,9,33,22,19,26)(10,18,21,23,20,24)
(1,21,20,36,24,18)(2,16,30,34,32,25)(3,26,28,35,33,15)(4,7,23,27,17,10)(5,9,22,31,19,8)(6,11,14,29,12,13)
(1,18,24,36,20,21)(2,25,32,34,30,16)(3,15,33,35,28,26)(4,10,17,27,23,7)(5,8,19,31,22,9)(6,13,12,29,14,11)
(1,14,11,36,13,12)(2,35,6,34,3,29)(4,10,26,27,23,33)(5,30,19,31,25,9)(7,24,16,17,21,32)(8,28,18,22,15,20)
(1,11,7,36,12,17)(2,19,35,34,9,3)(4,18,15,27,20,28)(5,6,30,31,29,25)(8,26,23,22,33,10)(13,32,24,14,16,21)
(1,17,12,36,7,11)(2,3,9,34,35,19)(4,28,20,27,15,18)(5,25,29,31,30,6)(8,10,33,22,23,26)(13,21,16,14,24,32)
(1,11,20,36,12,18)(2,6,27,34,29,4)(3,26,23,35,33,10)(5,16,30,31,32,25)(7,19,24,17,9,21)(8,14,28,22,13,15)
(1,18,12,36,20,11)(2,4,29,34,27,6)(3,10,33,35,23,26)(5,25,32,31,30,16)(7,21,9,17,24,19)(8,15,13,22,28,14)
(1,20,30,32,33,3)(2,24,28)(4,6,14,22,19,17)(5,12,23)(7,27,29,13,8,9)(10,31,11)(15,34,21)(16,26,35,36,18,25)
(1,3,33,32,30,20)(2,28,24)(4,17,19,22,14,6)(5,23,12)(7,9,8,13,29,27)(10,11,31)(15,21,34)(16,25,18,36,35,26)
(1,20,22,36,18,8)(2,27,10,34,4,23)(3,6,26,35,29,33)(5,24,9,31,21,19)(7,30,32,17,25,16)(11,15,14,12,28,13)
(1,15,19,36,28,9)(2,13,33,34,14,26)(3,12,8,35,11,22)(4,25,24,27,30,21)(5,7,18,31,17,20)(6,32,23,29,16,10)
(1,9,28,36,19,15)(2,26,14,34,33,13)(3,22,11,35,8,12)(4,21,30,27,24,25)(5,20,17,31,18,7)(6,10,16,29,23,32)
(1,8,18,36,22,20)(2,23,4,34,10,27)(3,33,29,35,26,6)(5,19,21,31,9,24)(7,16,25,17,32,30)(11,13,28,12,14,15)
(1,27,2,36,4,34)(3,17,10,35,7,23)(5,32,22,31,16,8)(6,11,18,29,12,20)(9,24,26,19,21,33)(13,28,25,14,15,30)
(1,34,4,36,2,27)(3,23,7,35,10,17)(5,8,16,31,22,32)(6,20,12,29,18,11)(9,33,21,19,26,24)(13,30,15,14,25,28)
(1,21,14,36,24,13)(2,9,30,34,19,25)(3,5,29,35,31,6)(4,26,28,27,33,15)(7,16,11,17,32,12)(8,18,10,22,20,23)
(1,13,29,26,19,17)(2,32,5,15,18,10)(3,12,21,35,11,24)(4,22,30,27,8,25)(6,33,9,7,36,14)(16,31,28,20,23,34)
(1,23,15,36,10,28)(2,33,5,34,26,31)(3,8,27,35,22,4)(6,19,32,29,9,16)(7,13,18,17,14,20)(11,24,30,12,21,25)
(1,19,10,36,9,23)(2,18,17,34,20,7)(3,8,24,35,22,21)(4,11,25,27,12,30)(5,33,14,31,26,13)(6,15,32,29,28,16)
(1,23,9,36,10,19)(2,7,20,34,17,18)(3,21,22,35,24,8)(4,30,12,27,25,11)(5,13,26,31,14,33)(6,16,28,29,32,15)
(1,13,24,36,14,21)(2,25,19,34,30,9)(3,6,31,35,29,5)(4,15,33,27,28,26)(7,12,32,17,11,16)(8,23,20,22,10,18)
(1,21,33,15,30,34)(2,36,24,26,28,25)(3,13,32,27,20,9)(4,18,19,35,14,16)(5,23,12)(6,22,17)(7,29,8)(10,11,31)
(1,21,10,30,15,11)(2,5,26)(3,9,22,32,27,6)(4,29,35,19,8,16)(7,18,14)(12,36,24,23,25,28)(13,17,20)(31,33,34)
(1,5,27,36,31,4)(2,8,32,34,22,16)(3,15,17,35,28,7)(6,18,24,29,20,21)(9,26,11,19,33,12)(10,14,30,23,13,25)
(1,4,31,36,27,5)(2,16,22,34,32,8)(3,7,28,35,17,15)(6,21,20,29,24,18)(9,12,33,19,11,26)(10,25,13,23,30,14)
(1,7,19,33,29,14)(2,23,18,28,5,16)(3,21,11)(4,30,8)(6,13,36,17,9,26)(10,20,15,31,32,34)(12,35,24)(22,27,25)
(1,2,32,33,28,20)(3,30,24)(4,22,12)(5,19,17,23,14,6)(7,10,13,29,31,9)(8,11,27)(15,18,36,34,16,26)(21,35,25)
(1,24,31,36,21,5)(2,10,25,34,23,30)(3,14,6,35,13,29)(4,17,16,27,7,32)(8,20,19,22,18,9)(11,26,15,12,33,28)
(1,6,19,36,29,9)(2,31,18,34,5,20)(3,24,11,35,21,12)(4,25,8,27,30,22)(7,13,33,17,14,26)(10,16,15,23,32,28)
(1,6,23,36,29,10)(2,20,13,34,18,14)(3,27,21,35,4,24)(5,26,7,31,33,17)(8,11,30,22,12,25)(9,15,16,19,28,32)
(1,10,29,36,23,6)(2,14,18,34,13,20)(3,24,4,35,21,27)(5,17,33,31,7,26)(8,25,12,22,30,11)(9,32,28,19,16,15)
(1,8,19,30,29,4)(2,5,18)(3,15,11,32,21,10)(6,27,36,22,9,25)(7,14,33)(12,16,24,23,35,28)(13,26,17)(20,34,31)
(1,10,32,36,23,16)(2,17,13,34,7,14)(3,25,12,35,30,11)(4,24,22,27,21,8)(5,18,33,31,20,26)(6,9,15,29,19,28)
(1,9,29,36,19,6)(2,20,5,34,18,31)(3,12,21,35,11,24)(4,22,30,27,8,25)(7,26,14,17,33,13)(10,28,32,23,15,16)
(1,32,6,36,16,29)(2,13,31,34,14,5)(3,22,25,35,8,30)(4,12,24,27,11,21)(7,33,20,17,26,18)(9,10,15,19,23,28)
(1,29,16,36,6,32)(2,5,14,34,31,13)(3,30,8,35,25,22)(4,21,11,27,24,12)(7,18,26,17,20,33)(9,28,23,19,15,10)
(1,29,15,36,6,28)(2,33,7,34,26,17)(3,4,12,35,27,11)(5,18,13,31,20,14)(8,21,25,22,24,30)(9,10,32,19,23,16)
(1,28,6,36,15,29)(2,17,26,34,7,33)(3,11,27,35,12,4)(5,14,20,31,13,18)(8,30,24,22,25,21)(9,16,23,19,32,10)
(1,3,13,36,35,14)(2,23,22,34,10,8)(4,33,32,27,26,16)(5,6,21,31,29,24)(7,28,12,17,15,11)(9,25,18,19,30,20)
(1,14,35,36,13,3)(2,8,10,34,22,23)(4,16,26,27,32,33)(5,24,29,31,21,6)(7,11,15,17,12,28)(9,20,30,19,18,25)
(1,5,21,36,31,24)(2,30,23,34,25,10)(3,29,13,35,6,14)(4,32,7,27,16,17)(8,9,18,22,19,20)(11,28,33,12,15,26)
(1,24,33,28,30,2)(3,20,32)(4,14,19)(5,6,12,17,23,22)(7,10,8,31,29,11)(9,27,13)(15,25,34,36,21,26)(16,35,18)
(1,2,30,28,33,24)(3,32,20)(4,19,14)(5,22,23,17,12,6)(7,11,29,31,8,10)(9,13,27)(15,26,21,36,34,25)(16,18,35)
(1,31,8,36,5,22)(2,4,16,34,27,32)(3,28,14,35,15,13)(6,33,11,29,26,12)(7,25,23,17,30,10)(9,20,24,19,18,21)
(1,22,5,36,8,31)(2,32,27,34,16,4)(3,13,15,35,14,28)(6,12,26,29,11,33)(7,10,30,17,23,25)(9,21,18,19,24,20)
(1,31,3,36,5,35)(2,22,9,34,8,19)(4,28,17,27,15,7)(6,13,21,29,14,24)(10,20,25,23,18,30)(11,32,26,12,16,33)
(1,35,5,36,3,31)(2,19,8,34,9,22)(4,7,15,27,17,28)(6,24,14,29,21,13)(10,30,18,23,25,20)(11,33,16,12,26,32)
(1,27,16,30,9,35)(2,17,31)(3,36,4,32,25,19)(5,34,7)(6,11,28,22,10,24)(8,23,21,29,12,15)(13,18,33)(14,20,26)
(1,23,9,36,10,19)(2,8,20,21,17,35)(3,34,22,18,24,7)(4,33,12,13,25,31)(5,27,26,11,14,30)(6,16,28,29,32,15)
(1,19,10,36,9,23)(2,35,17,21,20,8)(3,7,24,18,22,34)(4,31,25,13,12,33)(5,30,14,11,26,27)(6,15,32,29,28,16)
(1,35,9,30,16,27)(2,31,17)(3,19,25,32,4,36)(5,7,34)(6,24,10,22,28,11)(8,15,12,29,21,23)(13,33,18)(14,26,20)
(1,13,16,33,9,18)(2,6,31,28,17,10)(3,25,4)(5,15,7,23,34,29)(8,12,21)(11,24,22)(14,32,26,19,20,36)(27,35,30)
(1,18,9,33,16,13)(2,10,17,28,31,6)(3,4,25)(5,29,34,23,7,15)(8,21,12)(11,22,24)(14,36,20,19,26,32)(27,30,35)
(1,20,9,26,16,14)(2,23,17,15,31,29)(3,27,25,35,4,30)(5,6,34,10,7,28)(8,24,12,22,21,11)(13,36,18,19,33,32)
(1,14,16,26,9,20)(2,29,31,15,17,23)(3,30,4,35,25,27)(5,28,7,10,34,6)(8,11,21,22,12,24)(13,32,33,19,18,36)
(1,3,9,25,16,4)(2,5,17,34,31,7)(6,21,10,8,28,12)(11,29,24,23,22,15)(13,26,18,14,33,20)(19,30,32,27,36,35)
(1,28,10,36,15,23)(2,31,26,34,5,33)(3,4,22,35,27,8)(6,16,9,29,32,19)(7,20,14,17,18,13)(11,25,21,12,30,24)
(1,25,33,36,30,26)(2,15,24,34,28,21)(3,13,32,27,20,9)(4,18,19,35,14,16)(5,6,12,17,23,22)(7,10,8,31,29,11)
(1,26,30,36,33,25)(2,21,28,34,24,15)(3,9,20,27,32,13)(4,16,14,35,19,18)(5,22,23,17,12,6)(7,11,29,31,8,10)
(1,3,33,32,30,20)(2,23,24,5,28,12)(4,13,19,27,14,9)(6,8,17,29,22,7)(10,21,31,15,11,34)(16,25,18,36,35,26)
(1,23,15,36,10,28)(2,30,5,21,26,11)(3,7,27,18,22,14)(4,20,8,13,35,17)(6,19,32,29,9,16)(12,34,25,31,24,33)
(1,10,32,36,23,16)(2,22,13,21,7,4)(3,26,12,18,30,31)(5,35,33,11,20,25)(6,9,15,29,19,28)(8,14,24,17,27,34)
(1,16,23,36,32,10)(2,4,7,21,13,22)(3,31,30,18,12,26)(5,25,20,11,33,35)(6,28,19,29,15,9)(8,34,27,17,24,14)
(1,20,30,32,33,3)(2,12,28,5,24,23)(4,9,14,27,19,13)(6,7,22,29,17,8)(10,34,11,15,31,21)(16,26,35,36,18,25)
(1,3,6,25,16,8)(2,13,31,34,14,5)(4,23,24,9,11,15)(7,33,20,17,26,18)(10,21,19,12,28,27)(22,36,35,29,30,32)
(1,2,11,36,34,12)(3,19,17,35,9,7)(4,6,18,27,29,20)(5,30,28,31,25,15)(8,32,14,22,16,13)(10,26,21,23,33,24)
(1,12,34,36,11,2)(3,7,9,35,17,19)(4,20,29,27,18,6)(5,15,25,31,28,30)(8,13,16,22,14,32)(10,24,33,23,21,26)
(1,15,19,36,28,9)(2,27,33,21,14,25)(3,5,8,18,11,17)(4,26,24,13,30,34)(6,32,23,29,16,10)(7,35,31,22,20,12)
(1,9,28,36,19,15)(2,25,14,21,33,27)(3,17,11,18,8,5)(4,34,30,13,24,26)(6,10,16,29,23,32)(7,12,20,22,31,35)
(1,14,30,19,33,4)(2,8,28,7,24,29)(3,16,20,35,32,18)(5,11,23,31,12,10)(6,34,22,15,17,21)(9,26,27,36,13,25)
(1,32,6,36,16,29)(2,27,31,21,14,12)(3,17,25,18,8,33)(4,5,24,13,11,34)(7,30,20,22,26,35)(9,10,15,19,23,28)
(1,16,23,36,32,10)(2,14,7,34,13,17)(3,11,30,35,12,25)(4,8,21,27,22,24)(5,26,20,31,33,18)(6,28,19,29,15,9)
(1,6,23,36,29,10)(2,3,13,21,18,4)(5,25,7,11,33,22)(8,31,30,17,12,26)(9,15,16,19,28,32)(14,24,20,27,34,35)
(1,10,29,36,23,6)(2,4,18,21,13,3)(5,22,33,11,7,25)(8,26,12,17,30,31)(9,32,28,19,16,15)(14,35,34,27,20,24)
(1,13,30,9,33,27)(2,22,28,17,24,6)(3,32,20)(4,36,14,25,19,26)(5,12,23)(7,21,29,34,8,15)(10,31,11)(16,18,35)
(1,27,33,9,30,13)(2,6,24,17,28,22)(3,20,32)(4,26,19,25,14,36)(5,23,12)(7,15,8,34,29,21)(10,11,31)(16,35,18)
(1,30,33)(2,19,24,14,28,4)(3,7,32,8,20,29)(5,23,12)(6,35,17,16,22,18)(9,21,13,15,27,34)(10,11,31)(25,26,36)
(1,33,30)(2,4,28,14,24,19)(3,29,20,8,32,7)(5,12,23)(6,18,22,16,17,35)(9,34,27,15,13,21)(10,31,11)(25,36,26)
(1,31,30,10,33,11)(2,4,28,14,24,19)(3,16,20,35,32,18)(5,25,23,26,12,36)(6,7,22,29,17,8)(9,34,27,15,13,21)
(1,25,33,36,30,26)(2,9,24,13,28,27)(3,17,32,22,20,6)(4,34,19,21,14,15)(5,10,12,31,23,11)(7,16,8,18,29,35)
(1,26,30,36,33,25)(2,27,28,13,24,9)(3,6,20,22,32,17)(4,15,14,21,19,34)(5,11,23,31,12,10)(7,35,29,18,8,16)
(1,16,9)(2,11,17,24,31,22)(3,14,25,20,4,26)(5,8,34,12,7,21)(6,28,10)(13,30,18,27,33,35)(15,23,29)(19,36,32)
(1,32,9,36,16,19)(2,12,17,21,31,8)(3,13,25,18,4,33)(5,22,34,11,7,24)(6,15,10,29,28,23)(14,30,20,27,26,35)
(1,5,29,33,23,7)(2,9,18,28,13,16)(3,21,4)(6,26,10,17,36,31)(8,30,12)(11,22,25)(14,32,34,19,20,15)(24,27,35)
(1,18,30,16,33,35)(2,21,28,34,24,15)(3,36,20,25,32,26)(4,29,14,8,19,7)(5,11,23,31,12,10)(6,13,22,9,17,27)
(1,8,33,29,30,7)(2,15,24,34,28,21)(3,18,32,35,20,16)(4,5,19,12,14,23)(6,25,17,36,22,26)(9,11,13,10,27,31)
(1,7,30,29,33,8)(2,21,28,34,24,15)(3,16,20,35,32,18)(4,23,14,12,19,5)(6,26,22,36,17,25)(9,31,27,10,13,11)
(1,7,23,33,29,5)(2,16,13,28,18,9)(3,4,21)(6,31,36,17,10,26)(8,12,30)(11,25,22)(14,15,20,19,34,32)(24,35,27)
(1,5,32,33,23,20)(2,29,13,28,7,9)(3,30,12)(4,21,22)(6,14,15,17,19,34)(8,27,24)(10,18,36,31,16,26)(11,35,25)
(1,17,23,26,29,31)(2,32,13,15,18,19)(3,27,21,35,4,24)(5,36,7,10,33,6)(8,11,30,22,12,25)(9,34,16,14,28,20)
(1,27,28,25,19,21)(2,26,14,34,33,13)(3,6,11,16,8,23)(4,15,30,9,24,36)(5,20,17,31,18,7)(10,35,29,12,32,22)
(1,31,32,26,23,18)(2,6,13,15,7,19)(3,25,12,35,30,11)(4,24,22,27,21,8)(5,16,33,10,20,36)(9,34,29,14,28,17)
(1,10,9)(2,22,20,24,17,3)(4,26,12,14,25,5)(6,32,28)(7,35,34,8,18,21)(11,13,30,31,27,33)(15,29,16)(19,36,23)
(1,9,10)(2,3,17,24,20,22)(4,5,25,14,12,26)(6,28,32)(7,21,18,8,34,35)(11,33,27,31,30,13)(15,16,29)(19,23,36)
(1,10,15)(2,25,5,24,26,12)(3,17,27,20,22,13)(4,18,8,14,35,7)(6,9,32)(11,34,30,31,21,33)(16,29,19)(23,28,36)
(1,15,10)(2,12,26,24,5,25)(3,13,22,20,27,17)(4,7,35,14,8,18)(6,32,9)(11,33,21,31,30,34)(16,19,29)(23,36,28)
(1,4,16,25,9,3)(2,7,31,34,17,5)(6,12,28,8,10,21)(11,15,22,23,24,29)(13,20,33,14,18,26)(19,35,36,27,32,30)
(1,16,6)(2,4,31,24,14,11)(3,7,25,20,8,26)(5,21,13,12,34,27)(9,23,15)(10,28,19)(17,30,18,22,33,35)(29,36,32)
(1,6,16)(2,11,14,24,31,4)(3,26,8,20,25,7)(5,27,34,12,13,21)(9,15,23)(10,19,28)(17,35,33,22,18,30)(29,32,36)
(1,21,19,25,28,27)(2,13,33,34,14,26)(3,23,8,16,11,6)(4,36,24,9,30,15)(5,7,18,31,17,20)(10,22,32,12,29,35)
(1,13,28,26,19,34)(2,36,14,15,33,9)(3,22,11,35,8,12)(4,21,30,27,24,25)(5,32,17,10,18,29)(6,31,16,7,23,20)
(1,34,19,26,28,13)(2,9,33,15,14,36)(3,12,8,35,11,22)(4,25,24,27,30,21)(5,29,18,10,17,32)(6,20,23,7,16,31)
(1,35,23,25,32,11)(2,14,7,34,13,17)(3,10,30,16,12,36)(4,29,21,9,22,28)(5,26,20,31,33,18)(6,24,19,8,15,27)
(1,29,23)(2,35,13,24,18,27)(3,14,21,20,4,34)(5,30,7,12,33,8)(6,10,36)(9,28,16)(11,26,22,31,25,17)(15,32,19)
(1,23,29)(2,27,18,24,13,35)(3,34,4,20,21,14)(5,8,33,12,7,30)(6,36,10)(9,16,28)(11,17,25,31,22,26)(15,19,32)
(1,8,16,25,6,3)(2,5,14,34,31,13)(4,15,11,9,24,23)(7,18,26,17,20,33)(10,27,28,12,19,21)(22,32,30,29,35,36)
(1,4,33,19,30,14)(2,29,24,7,28,8)(3,18,32,35,20,16)(5,10,12,31,23,11)(6,21,17,15,22,34)(9,25,13,36,27,26)
(1,11,32,25,23,35)(2,17,13,34,7,14)(3,36,12,16,30,10)(4,28,22,9,21,29)(5,18,33,31,20,26)(6,27,15,8,19,24)
(1,12,15,25,10,24)(2,33,5,34,26,31)(3,29,27,16,22,19)(4,32,8,9,35,6)(7,13,18,17,14,20)(11,28,30,23,21,36)
(1,24,10,25,15,12)(2,31,26,34,5,33)(3,19,22,16,27,29)(4,6,35,9,8,32)(7,20,14,17,18,13)(11,36,21,23,30,28)
(1,12,9,25,10,4)(2,7,20,34,17,18)(3,15,22,16,24,29)(5,13,26,31,14,33)(6,35,28,8,32,21)(11,19,30,23,27,36)
(1,29,16,36,6,32)(2,12,14,21,31,27)(3,33,8,18,25,17)(4,34,11,13,24,5)(7,35,26,22,20,30)(9,28,23,19,15,10)
(1,23,32)(2,8,13,24,7,27)(3,33,12,20,30,5)(4,34,22,14,21,17)(6,19,15)(9,28,29)(10,16,36)(11,18,25,31,35,26)
(1,32,23)(2,27,7,24,13,8)(3,5,30,20,12,33)(4,17,21,14,22,34)(6,15,19)(9,29,28)(10,36,16)(11,26,35,31,25,18)
(1,30,33)(2,28,24)(3,14,32,4,20,19)(5,29,12,7,23,8)(6,11,17,10,22,31)(9,35,13,16,27,18)(15,21,34)(25,26,36)
(1,33,30)(2,24,28)(3,19,20,4,32,14)(5,8,23,7,12,29)(6,31,22,10,17,11)(9,18,27,16,13,35)(15,34,21)(25,36,26)
(1,4,10,25,9,12)(2,18,17,34,20,7)(3,29,24,16,22,15)(5,33,14,31,26,13)(6,21,32,8,28,35)(11,36,27,23,30,19)
(1,14,10,26,9,5)(2,16,17,15,20,29)(3,8,24,35,22,21)(4,11,25,27,12,30)(6,34,32,7,28,18)(13,23,33,19,31,36)
(1,5,9,26,10,14)(2,29,20,15,17,16)(3,21,22,35,24,8)(4,30,12,27,25,11)(6,18,28,7,32,34)(13,36,31,19,33,23)
(1,4,18,36,27,20)(2,29,11,34,6,12)(3,33,19,35,26,9)(5,28,8,31,15,22)(7,10,21,17,23,24)(13,32,30,14,16,25)
(1,2,30,28,33,24)(3,19,20,4,32,14)(5,11,23,31,12,10)(6,7,22,29,17,8)(9,18,27,16,13,35)(15,26,21,36,34,25)
(1,24,33,28,30,2)(3,14,32,4,20,19)(5,10,12,31,23,11)(6,8,17,29,22,7)(9,35,13,16,27,18)(15,25,34,36,21,26)
(1,17,30,6,33,22)(2,3,28,20,24,32)(4,9,14,27,19,13)(5,11,23,31,12,10)(7,25,29,26,8,36)(15,18,21,16,34,35)
(1,22,33,6,30,17)(2,32,24,20,28,3)(4,13,19,27,14,9)(5,10,12,31,23,11)(7,36,8,26,29,25)(15,35,34,16,21,18)
(1,20,27,36,18,4)(2,12,6,34,11,29)(3,9,26,35,19,33)(5,22,15,31,8,28)(7,24,23,17,21,10)(13,25,16,14,30,32)
(1,17,16,33,6,18)(2,10,14,28,31,19)(3,25,8)(4,24,11)(5,9,34,23,13,15)(7,32,26,29,20,36)(12,27,21)(22,35,30)
(1,21,33,15,30,34)(2,36,24,26,28,25)(3,18,32,35,20,16)(4,13,19,27,14,9)(5,29,12,7,23,8)(6,11,17,10,22,31)
(1,34,30,15,33,21)(2,25,28,26,24,36)(3,16,20,35,32,18)(4,9,14,27,19,13)(5,8,23,7,12,29)(6,31,22,10,17,11)
(1,18,6,33,16,17)(2,19,31,28,14,10)(3,8,25)(4,11,24)(5,15,13,23,34,9)(7,36,20,29,26,32)(12,21,27)(22,30,35)
(1,3,23,30,32,12)(2,13,7)(4,6,21,19,22,15)(5,33,20)(8,28,27,29,24,9)(10,25,16,11,36,35)(14,17,34)(18,31,26)
(1,12,32,30,23,3)(2,7,13)(4,15,22,19,21,6)(5,20,33)(8,9,24,29,27,28)(10,35,36,11,16,25)(14,34,17)(18,26,31)
(1,8,23,30,29,12)(2,18,13)(3,19,21,32,4,15)(5,33,7)(6,11,36,22,10,25)(9,24,16,27,28,35)(14,34,20)(17,31,26)
(1,12,29,30,23,8)(2,13,18)(3,15,4,32,21,19)(5,7,33)(6,25,10,22,36,11)(9,35,28,27,16,24)(14,20,34)(17,26,31)
(1,5,30,23,33,12)(2,27,28,13,24,9)(3,32,20)(4,15,14,21,19,34)(6,17,22)(7,8,29)(10,26,11,36,31,25)(16,18,35)
(1,13,30,9,33,27)(2,21,28,34,24,15)(3,23,20,12,32,5)(4,36,14,25,19,26)(6,7,22,29,17,8)(10,18,11,16,31,35)
(1,27,33,9,30,13)(2,15,24,34,28,21)(3,5,32,12,20,23)(4,26,19,25,14,36)(6,8,17,29,22,7)(10,35,31,16,11,18)
(1,12,33,23,30,5)(2,9,24,13,28,27)(3,20,32)(4,34,19,21,14,15)(6,22,17)(7,29,8)(10,25,31,36,11,26)(16,35,18)
(1,9,16)(2,22,31,24,17,11)(3,26,4,20,25,14)(5,21,7,12,34,8)(6,10,28)(13,35,33,27,18,30)(15,29,23)(19,32,36)
(1,18,30,16,33,35)(2,11,28,31,24,10)(3,36,20,25,32,26)(4,19,14)(5,21,23,34,12,15)(6,17,22)(7,8,29)(9,13,27)
(1,35,33,16,30,18)(2,10,24,31,28,11)(3,26,32,25,20,36)(4,14,19)(5,15,12,34,23,21)(6,22,17)(7,29,8)(9,27,13)
(1,11,33,10,30,31)(2,19,24,14,28,4)(3,18,32,35,20,16)(5,36,12,26,23,25)(6,8,17,29,22,7)(9,21,13,15,27,34)
(1,20,6,26,16,7)(2,9,31,15,14,23)(3,22,25,35,8,30)(4,12,24,27,11,21)(5,28,13,10,34,19)(17,36,18,29,33,32)
(1,7,16,26,6,20)(2,23,14,15,31,9)(3,30,8,35,25,22)(4,21,11,27,24,12)(5,19,34,10,13,28)(17,32,33,29,18,36)
(1,11,29,25,23,22)(2,14,18,34,13,20)(3,28,4,16,21,9)(5,17,33,31,7,26)(6,30,10,8,36,12)(15,27,32,24,19,35)
(1,19,16,36,9,32)(2,8,31,21,17,12)(3,33,4,18,25,13)(5,24,7,11,34,22)(6,23,28,29,10,15)(14,35,26,27,20,30)
(1,22,23,25,29,11)(2,20,13,34,18,14)(3,9,21,16,4,28)(5,26,7,31,33,17)(6,12,36,8,10,30)(15,35,19,24,32,27)
(1,19,28)(2,30,14,24,33,4)(3,7,11,20,8,31)(5,35,17,12,18,22)(6,23,16)(9,15,36)(10,32,29)(13,21,26,27,34,25)
(1,28,19)(2,4,33,24,14,30)(3,31,8,20,11,7)(5,22,18,12,17,35)(6,16,23)(9,36,15)(10,29,32)(13,25,34,27,26,21)
(1,35,33,16,30,18)(2,15,24,34,28,21)(3,26,32,25,20,36)(4,7,19,8,14,29)(5,10,12,31,23,11)(6,27,17,9,22,13)
(1,5,15,26,10,2)(3,8,27,35,22,4)(6,14,32,7,9,18)(11,24,30,12,21,25)(13,16,17,19,20,29)(23,34,36,31,28,33)
(1,2,10,26,15,5)(3,4,22,35,27,8)(6,18,9,7,32,14)(11,25,21,12,30,24)(13,29,20,19,17,16)(23,33,28,31,36,34)
(1,28,10,36,15,23)(2,11,26,21,5,30)(3,14,22,18,27,7)(4,17,35,13,8,20)(6,16,9,29,32,19)(12,33,24,31,25,34)
(1,20,23,33,32,5)(2,9,7,28,13,29)(3,12,30)(4,22,21)(6,34,19,17,15,14)(8,24,27)(10,26,16,31,36,18)(11,25,35)
(1,18,23,26,32,31)(2,19,7,15,13,6)(3,11,30,35,12,25)(4,8,21,27,22,24)(5,36,20,10,33,16)(9,17,28,14,29,34)
(1,31,29,26,23,17)(2,19,18,15,13,32)(3,24,4,35,21,27)(5,6,33,10,7,36)(8,25,12,22,30,11)(9,20,28,14,16,34)
(1,34,30,15,33,21)(2,25,28,26,24,36)(3,9,20,27,32,13)(4,16,14,35,19,18)(5,12,23)(6,17,22)(7,8,29)(10,31,11)
(1,19,28,10,6,36,9,15,23,29)(2,31,17,26,13,34,5,7,33,14)(3,35)(4,24,11,22,25,27,21,12,8,30)(16,32)(18,20)
(1,25)(2,31,14,18,7,34,5,13,20,17)(3,6,24,10,4,16,8,15,12,9)(11,19,35,29,21,23,27,32,22,28)(26,33)(30,36)
(1,25)(2,17,20,13,5,34,7,18,14,31)(3,9,12,15,8,16,4,10,24,6)(11,28,22,32,27,23,21,29,35,19)(26,33)(30,36)
(1,25)(2,18,5,17,14,34,20,31,7,13)(3,10,8,9,24,16,12,6,4,15)(11,29,27,28,35,23,22,19,21,32)(26,33)(30,36)
(1,26)(2,9,7,10,20,15,14,6,5,16)(3,21,4,22,12,35,24,27,8,11)(13,29,31,32,34,19,17,23,18,28)(25,30)(33,36)
(1,10,15,32,19,36,23,28,16,9)(2,18,13,33,31,34,20,14,26,5)(3,4,25,12,24,35,27,30,11,21)(6,29)(7,17)(8,22)
(1,32,23,9,15,36,16,10,19,28)(2,33,20,5,13,34,26,18,31,14)(3,12,27,21,25,35,11,4,24,30)(6,29)(7,17)(8,22)
(1,28,19,10,16,36,15,9,23,32)(2,14,31,18,26,34,13,5,20,33)(3,30,24,4,11,35,25,21,27,12)(6,29)(7,17)(8,22)
(1,9,16,28,23,36,19,32,15,10)(2,5,26,14,20,34,31,33,13,18)(3,21,11,30,27,35,24,12,25,4)(6,29)(7,17)(8,22)
(1,16,6,23,19,36,32,29,10,9)(2,34)(3,8,11,27,30,35,22,12,4,25)(5,14,26,20,7,31,13,33,18,17)(15,28)(21,24)
(1,23,32,9,6,36,10,16,19,29)(2,34)(3,27,22,25,11,35,4,8,30,12)(5,20,13,17,26,31,18,14,7,33)(15,28)(21,24)
(1,29,19,16,10,36,6,9,32,23)(2,34)(3,12,30,8,4,35,11,25,22,27)(5,33,7,14,18,31,26,17,13,20)(15,28)(21,24)
(1,9,10,29,32,36,19,23,6,16)(2,34)(3,25,4,12,22,35,30,27,11,8)(5,17,18,33,13,31,7,20,26,14)(15,28)(21,24)
(1,32,28,6,10,36,16,15,29,23)(2,17,31,26,18,34,7,5,33,20)(3,24,22,11,25,35,21,8,12,30)(4,27)(9,19)(13,14)
(1,6,16,23,28,36,29,32,10,15)(2,26,7,20,31,34,33,17,18,5)(3,11,21,30,22,35,12,24,25,8)(4,27)(9,19)(13,14)
(1,15,10,32,29,36,28,23,16,6)(2,5,18,17,33,34,31,20,7,26)(3,8,25,24,12,35,22,30,21,11)(4,27)(9,19)(13,14)
(1,23,29,15,16,36,10,6,28,32)(2,20,33,5,7,34,18,26,31,17)(3,30,12,8,21,35,25,11,22,24)(4,27)(9,19)(13,14)
(1,29,23,15,9,36,6,10,28,19)(2,14,33,7,5,34,13,26,17,31)(3,35)(4,30,8,12,21,27,25,22,11,24)(16,32)(18,20)
(1,15,6,19,23,36,28,29,9,10)(2,7,13,31,33,34,17,14,5,26)(3,35)(4,12,25,24,8,27,11,30,21,22)(16,32)(18,20)
(1,10,9,29,28,36,23,19,6,15)(2,26,5,14,17,34,33,31,13,7)(3,35)(4,22,21,30,11,27,8,24,25,12)(16,32)(18,20)
(1,26)(2,10,14,16,7,15,5,9,20,6)(3,22,24,11,4,35,8,21,12,27)(13,32,17,28,31,19,18,29,34,23)(25,30)(33,36)
(1,26)(2,6,20,9,5,15,7,16,14,10)(3,27,12,21,8,35,4,11,24,22)(13,23,34,29,18,19,31,28,17,32)(25,30)(33,36)
(1,26)(2,16,5,6,14,15,20,10,7,9)(3,11,8,27,24,35,12,22,4,21)(13,28,18,23,17,19,34,32,31,29)(25,30)(33,36)
(1,23,29,15,16,36,10,6,28,32)(2,3,33,12,7,21,18,25,31,22)(4,13)(5,8,34,35,26,11,17,24,20,30)(9,19)(14,27)
(1,28,32,6,9,36,15,16,29,19)(2,20,17,13,26,34,18,7,14,33)(3,22,27,25,21,35,8,4,30,24)(5,31)(10,23)(11,12)
(1,6,15,19,32,36,29,28,9,16)(2,13,18,33,17,34,14,20,26,7)(3,25,8,24,27,35,30,22,21,4)(5,31)(10,23)(11,12)
(1,16,9,28,29,36,32,19,15,6)(2,7,26,20,14,34,17,33,18,13)(3,4,21,22,30,35,27,24,8,25)(5,31)(10,23)(11,12)
(1,19,29,16,15,36,9,6,32,28)(2,33,14,7,18,34,26,13,17,20)(3,24,30,4,8,35,21,25,27,22)(5,31)(10,23)(11,12)
(1,29,23,15,9,36,6,10,28,19)(2,4,33,8,5,21,13,25,17,11)(3,18)(7,12,34,27,26,22,31,24,14,30)(16,32)(20,35)
(1,15,6,19,23,36,28,29,9,10)(2,8,13,11,33,21,17,4,5,25)(3,18)(7,27,31,30,34,22,14,12,26,24)(16,32)(20,35)
(1,10,9,29,28,36,23,19,6,15)(2,25,5,4,17,21,33,11,13,8)(3,18)(7,24,26,12,14,22,34,30,31,27)(16,32)(20,35)
(1,36)(2,27,7,11,20,21,14,22,5,35)(3,34,4,17,12,18,24,13,8,31)(6,23,16,28,9,29,10,32,15,19)(25,33)(26,30)
(1,36)(2,11,14,35,7,21,5,27,20,22)(3,17,24,31,4,18,8,34,12,13)(6,28,10,19,16,29,15,23,9,32)(25,33)(26,30)
(1,36)(2,22,20,27,5,21,7,35,14,11)(3,13,12,34,8,18,4,31,24,17)(6,32,9,23,15,29,16,19,10,28)(25,33)(26,30)
(1,36)(2,35,5,22,14,21,20,11,7,27)(3,31,8,13,24,18,12,17,4,34)(6,19,15,32,10,29,9,28,16,23)(25,33)(26,30)
(1,19,28,10,6,36,9,15,23,29)(2,11,17,25,13,21,5,8,33,4)(3,18)(7,30,14,24,31,22,26,27,34,12)(16,32)(20,35)
(1,7,23,34,9,26,6,31,28,14)(2,19,33,29,5,15,13,36,17,10)(3,35)(4,30,8,12,21,27,25,22,11,24)(16,20)(18,32)
(1,34,6,14,23,26,28,7,9,31)(2,29,13,10,33,15,17,19,5,36)(3,35)(4,12,25,24,8,27,11,30,21,22)(16,20)(18,32)
(1,31,9,7,28,26,23,14,6,34)(2,36,5,19,17,15,33,10,13,29)(3,35)(4,22,21,30,11,27,8,24,25,12)(16,20)(18,32)
(1,14,28,31,6,26,9,34,23,7)(2,10,17,36,13,15,5,29,33,19)(3,35)(4,24,11,22,25,27,21,12,8,30)(16,20)(18,32)
(1,28,32,6,9,36,15,16,29,19)(2,3,17,27,26,21,18,8,14,30)(4,33,24,20,22,13,25,34,35,7)(5,11)(10,23)(12,31)
(1,6,15,19,32,36,29,28,9,16)(2,27,18,30,17,21,14,3,26,8)(4,20,25,7,24,13,35,33,22,34)(5,11)(10,23)(12,31)
(1,16,9,28,29,36,32,19,15,6)(2,8,26,3,14,21,17,30,18,27)(4,34,22,33,35,13,24,7,25,20)(5,11)(10,23)(12,31)
(1,2,32,17,9,26,15,18,29,14)(3,22,27,25,21,35,8,4,30,24)(5,10)(6,13,36,34,16,7,19,33,28,20)(11,12)(23,31)
(1,17,15,14,32,26,29,2,9,18)(3,25,8,24,27,35,30,22,21,4)(5,10)(6,34,19,20,36,7,28,13,16,33)(11,12)(23,31)
(1,18,9,2,29,26,32,14,15,17)(3,4,21,22,30,35,27,24,8,25)(5,10)(6,33,16,13,28,7,36,20,19,34)(11,12)(23,31)
(1,14,29,18,15,26,9,17,32,2)(3,24,30,4,8,35,21,25,27,22)(5,10)(6,20,28,33,19,7,16,34,36,13)(11,12)(23,31)
(1,3,28,22,10,25,16,21,29,12)(2,17,31,26,18,34,7,5,33,20)(4,9)(6,11,36,35,15,8,23,30,32,24)(13,14)(19,27)
(1,22,16,12,28,25,29,3,10,21)(2,26,7,20,31,34,33,17,18,5)(4,9)(6,35,23,24,36,8,32,11,15,30)(13,14)(19,27)
(1,21,10,3,29,25,28,12,16,22)(2,5,18,17,33,34,31,20,7,26)(4,9)(6,30,15,11,32,8,36,24,23,35)(13,14)(19,27)
(1,12,29,21,16,25,10,22,28,3)(2,20,33,5,7,34,18,26,31,17)(4,9)(6,24,32,30,23,8,15,35,36,11)(13,14)(19,27)
(1,36)(2,13,7,31,20,34,14,17,5,18)(3,21,4,22,12,35,24,27,8,11)(6,23,16,28,9,29,10,32,15,19)(25,30)(26,33)
(1,36)(2,31,14,18,7,34,5,13,20,17)(3,22,24,11,4,35,8,21,12,27)(6,28,10,19,16,29,15,23,9,32)(25,30)(26,33)
(1,36)(2,17,20,13,5,34,7,18,14,31)(3,27,12,21,8,35,4,11,24,22)(6,32,9,23,15,29,16,19,10,28)(25,30)(26,33)
(1,36)(2,18,5,17,14,34,20,31,7,13)(3,11,8,27,24,35,12,22,4,21)(6,19,15,32,10,29,9,28,16,23)(25,30)(26,33)
(1,8,19,35,10,25,6,27,32,12)(2,34)(3,23,30,29,4,16,11,36,22,9)(5,33,7,14,18,31,26,17,13,20)(15,24)(21,28)
(1,35,6,12,19,25,32,8,10,27)(2,34)(3,29,11,9,30,16,22,23,4,36)(5,14,26,20,7,31,13,33,18,17)(15,24)(21,28)
(1,27,10,8,32,25,19,12,6,35)(2,34)(3,36,4,23,22,16,30,9,11,29)(5,17,18,33,13,31,7,20,26,14)(15,24)(21,28)
(1,12,32,27,6,25,10,35,19,8)(2,34)(3,9,22,36,11,16,4,29,30,23)(5,20,13,17,26,31,18,14,7,33)(15,24)(21,28)
(1,22,15,4,32,25,29,24,9,35)(2,13,18,33,17,34,14,20,26,7)(3,36,8,28,27,16,30,6,21,19)(5,31)(10,12)(11,23)
(1,4,29,35,15,25,9,22,32,24)(2,33,14,7,18,34,26,13,17,20)(3,28,30,19,8,16,21,36,27,6)(5,31)(10,12)(11,23)
(1,24,32,22,9,25,15,35,29,4)(2,20,17,13,26,34,18,7,14,33)(3,6,27,36,21,16,8,19,30,28)(5,31)(10,12)(11,23)
(1,35,9,24,29,25,32,4,15,22)(2,7,26,20,14,34,17,33,18,13)(3,19,21,6,30,16,27,28,8,36)(5,31)(10,12)(11,23)
(1,19,29,16,15,36,9,6,32,28)(2,30,14,8,18,21,26,27,17,3)(4,7,35,34,25,13,22,20,24,33)(5,11)(10,23)(12,31)
(1,32,28,6,10,36,16,15,29,23)(2,22,31,25,18,21,7,12,33,3)(4,13)(5,30,20,24,17,11,26,35,34,8)(9,19)(14,27)
(1,31,15,20,19,26,23,2,16,13)(3,4,25,12,24,35,27,30,11,21)(5,28,18,9,33,10,34,32,14,36)(6,7)(8,22)(17,29)
(1,20,23,13,15,26,16,31,19,2)(3,12,27,21,25,35,11,4,24,30)(5,9,34,36,18,10,14,28,33,32)(6,7)(8,22)(17,29)
(1,2,19,31,16,26,15,13,23,20)(3,30,24,4,11,35,25,21,27,12)(5,32,33,28,14,10,18,36,34,9)(6,7)(8,22)(17,29)
(1,13,16,2,23,26,19,20,15,31)(3,21,11,30,27,35,24,12,25,4)(5,36,14,32,34,10,33,9,18,28)(6,7)(8,22)(17,29)
(1,6,16,23,28,36,29,32,10,15)(2,25,7,3,31,21,33,22,18,12)(4,13)(5,24,26,8,20,11,34,30,17,35)(9,19)(14,27)
(1,15,10,32,29,36,28,23,16,6)(2,12,18,22,33,21,31,3,7,25)(4,13)(5,35,17,30,34,11,20,8,26,24)(9,19)(14,27)
(1,11,9,8,28,25,23,4,6,21)(2,26,5,14,17,34,33,31,13,7)(3,16)(10,27,29,24,36,12,19,22,15,30)(18,20)(32,35)
(1,5,32,13,6,26,10,18,19,7)(2,15)(3,27,22,25,11,35,4,8,30,12)(9,17,36,31,16,14,29,33,23,20)(21,24)(28,34)
(1,7,19,18,10,26,6,13,32,5)(2,15)(3,12,30,8,4,35,11,25,22,27)(9,20,23,33,29,14,16,31,36,17)(21,24)(28,34)
(1,13,10,7,32,26,19,5,6,18)(2,15)(3,25,4,12,22,35,30,27,11,8)(9,31,29,20,36,14,23,17,16,33)(21,24)(28,34)
(1,11,15,3,19,25,23,24,16,27)(2,18,13,33,31,34,20,14,26,5)(4,36,12,28,35,9,30,10,21,32)(6,8)(7,17)(22,29)
(1,3,23,27,15,25,16,11,19,24)(2,33,20,5,13,34,26,18,31,14)(4,28,30,32,12,9,21,36,35,10)(6,8)(7,17)(22,29)
(1,24,19,11,16,25,15,27,23,3)(2,14,31,18,26,34,13,5,20,33)(4,10,35,36,21,9,12,32,30,28)(6,8)(7,17)(22,29)
(1,27,16,24,23,25,19,3,15,11)(2,5,26,14,20,34,31,33,13,18)(4,32,21,10,30,9,35,28,12,36)(6,8)(7,17)(22,29)
(1,25)(2,13,7,31,20,34,14,17,5,18)(3,15,4,6,12,16,24,9,8,10)(11,32,21,19,22,23,35,28,27,29)(26,33)(30,36)
(1,29,19,16,10,36,6,9,32,23)(2,21)(3,5,30,7,4,18,11,26,22,13)(8,14,35,31,25,17,27,20,12,33)(15,28)(24,34)
(1,16,6,23,19,36,32,29,10,9)(2,21)(3,7,11,13,30,18,22,5,4,26)(8,31,27,33,35,17,12,14,25,20)(15,28)(24,34)
(1,9,10,29,32,36,19,23,6,16)(2,21)(3,26,4,5,22,18,30,13,11,7)(8,20,25,14,12,17,35,33,27,31)(15,28)(24,34)
(1,23,32,9,6,36,10,16,19,29)(2,21)(3,13,22,26,11,18,4,7,30,5)(8,33,12,20,27,17,25,31,35,14)(15,28)(24,34)
(1,10,15,32,19,36,23,28,16,9)(2,35,13,30,31,21,20,4,26,12)(3,14,25,5,24,18,27,33,11,34)(6,29)(7,22)(8,17)
(1,20,28,17,10,26,16,34,29,5)(2,6,31,36,18,15,7,23,33,32)(3,24,22,11,25,35,21,8,12,30)(4,27)(9,14)(13,19)
(1,17,16,5,28,26,29,20,10,34)(2,36,7,32,31,15,33,6,18,23)(3,11,21,30,22,35,12,24,25,8)(4,27)(9,14)(13,19)
(1,34,10,20,29,26,28,5,16,17)(2,23,18,6,33,15,31,32,7,36)(3,8,25,24,12,35,22,30,21,11)(4,27)(9,14)(13,19)
(1,5,29,34,16,26,10,17,28,20)(2,32,33,23,7,15,18,36,31,6)(3,30,12,8,21,35,25,11,22,24)(4,27)(9,14)(13,19)
(1,32,23,9,15,36,16,10,19,28)(2,30,20,12,13,21,26,35,31,4)(3,5,27,34,25,18,11,14,24,33)(6,29)(7,22)(8,17)
(1,28,19,10,16,36,15,9,23,32)(2,4,31,35,26,21,13,12,20,30)(3,33,24,14,11,18,25,34,27,5)(6,29)(7,22)(8,17)
(1,21,6,4,23,25,28,8,9,11)(2,7,13,31,33,34,17,14,5,26)(3,16)(10,30,15,22,19,12,36,24,29,27)(18,20)(32,35)
(1,4,28,11,6,25,9,21,23,8)(2,31,17,26,13,34,5,7,33,14)(3,16)(10,22,36,27,15,12,29,30,19,24)(18,20)(32,35)
(1,8,23,21,9,25,6,11,28,4)(2,14,33,7,5,34,13,26,17,31)(3,16)(10,24,19,30,29,12,15,27,36,22)(18,20)(32,35)
(1,18,6,5,19,26,32,7,10,13)(2,15)(3,8,11,27,30,35,22,12,4,25)(9,33,16,17,23,14,36,20,29,31)(21,24)(28,34)
(1,9,16,28,23,36,19,32,15,10)(2,12,26,4,20,21,31,30,13,35)(3,34,11,33,27,18,24,5,25,14)(6,29)(7,22)(8,17)
(1,6,23,28,9)(2,27,33,22,5,24,13,30,17,12)(3,20)(4,26,8,31,21,14,25,7,11,34)(10,15,19,36,29)(18,35)
(1,19,16,15,23)(2,11,26,27,20,24,31,25,13,3)(4,18,21,5,30,14,35,34,12,33)(7,8)(9,32,28,10,36)(17,22)
(1,15,19,23,16)(2,27,31,3,26,24,13,11,20,25)(4,5,35,33,21,14,12,18,30,34)(7,8)(9,10,32,36,28)(17,22)
(1,16,23,19,15)(2,25,20,11,13,24,26,3,31,27)(4,34,30,18,12,14,21,33,35,5)(7,8)(9,28,36,32,10)(17,22)
(1,6,19,32,10)(2,24)(3,31,30,17,4,20,11,33,22,14)(5,25,7,27,18,12,26,8,13,35)(9,16,23,36,29)(21,34)
(1,19,10,6,32)(2,24)(3,33,4,31,22,20,30,14,11,17)(5,8,18,25,13,12,7,35,26,27)(9,23,29,16,36)(21,34)
(1,32,6,10,19)(2,24)(3,17,11,14,30,20,22,31,4,33)(5,27,26,35,7,12,13,25,18,8)(9,36,16,29,23)(21,34)
(1,10,32,19,6)(2,24)(3,14,22,33,11,20,4,17,30,31)(5,35,13,8,26,12,18,27,7,25)(9,29,36,23,16)(21,34)
(1,28,10,16,29)(2,11,18,8,33,24,31,35,7,30)(3,17,25,34,12,20,22,26,21,5)(4,14)(6,36,15,23,32)(13,27)
(1,10,29,28,16)(2,35,33,11,7,24,18,30,31,8)(3,26,12,17,21,20,25,5,22,34)(4,14)(6,15,32,36,23)(13,27)
(1,16,28,29,10)(2,8,31,30,18,24,7,11,33,35)(3,34,22,5,25,20,21,17,12,26)(4,14)(6,23,36,32,15)(13,27)
(1,9,29,32,15)(2,25,14,22,18,24,26,4,17,35)(3,34,30,13,8,20,21,33,27,7)(5,12)(6,16,28,36,19)(11,31)
(1,29,15,9,32)(2,4,18,25,17,24,14,35,26,22)(3,33,8,34,27,20,30,7,21,13)(5,12)(6,28,19,16,36)(11,31)
(1,32,9,15,29)(2,22,26,35,14,24,17,25,18,4)(3,13,21,7,30,20,27,34,8,33)(5,12)(6,36,16,19,28)(11,31)
(1,15,32,29,9)(2,35,17,4,26,24,18,22,14,25)(3,7,27,33,21,20,8,13,30,34)(5,12)(6,19,36,28,16)(11,31)
(1,23,9,6,28)(2,30,5,27,17,24,33,12,13,22)(3,20)(4,7,21,26,11,14,8,34,25,31)(10,19,29,15,36)(18,35)
(1,9,28,23,6)(2,12,17,30,13,24,5,22,33,27)(3,20)(4,34,11,7,25,14,21,31,8,26)(10,29,36,19,15)(18,35)
(1,23,15,16,19)(2,3,13,25,31,24,20,27,26,11)(4,33,12,34,35,14,30,5,21,18)(7,8)(9,36,10,28,32)(17,22)
(1,28,6,9,23)(2,22,13,12,33,24,17,27,5,30)(3,20)(4,31,25,34,8,14,11,26,21,7)(10,36,15,29,19)(18,35)
(1,30)(2,14,7,5,20)(3,28,4,29,12,32,24,19,8,23)(6,11,16,21,9,22,10,35,15,27)(13,17,31,18,34)(25,36)
(2,3,5,8,14,24,20,12,7,4)(6,9,15,16,10)(11,17,27,34,35,31,22,13,21,18)(19,28,32,23,29)(25,26)(30,33)
(2,8,20,4,5,24,7,3,14,12)(6,16,9,10,15)(11,34,22,18,27,31,21,17,35,13)(19,23,28,29,32)(25,26)(30,33)
(2,12,14,3,7,24,5,4,20,8)(6,15,10,9,16)(11,13,35,17,21,31,27,18,22,34)(19,32,29,28,23)(25,26)(30,33)
(2,4,7,12,20,24,14,8,5,3)(6,10,16,15,9)(11,18,21,13,22,31,35,34,27,17)(19,29,23,32,28)(25,26)(30,33)
(1,35,23,4,15,30,16,12,19,21)(2,26,20,31,13)(3,10,27,28,25,32,11,9,24,36)(5,14,34,33,18)(6,22)(8,29)
(1,4,16,21,23,30,19,35,15,12)(2,31,26,13,20)(3,28,11,36,27,32,24,10,25,9)(5,33,14,18,34)(6,22)(8,29)
(1,12,15,35,19,30,23,21,16,4)(2,20,13,26,31)(3,9,25,10,24,32,27,36,11,28)(5,34,18,14,33)(6,22)(8,29)
(1,21,19,12,16,30,15,4,23,35)(2,13,31,20,26)(3,36,24,9,11,32,25,28,27,10)(5,18,33,34,14)(6,22)(8,29)
(1,8,15,27,32,30,29,21,9,3)(2,14,18,26,17)(4,16,25,6,24,19,35,36,22,28)(7,34,13,20,33)(10,11)(12,23)
(1,27,29,3,15,30,9,8,32,21)(2,26,14,17,18)(4,6,35,28,25,19,22,16,24,36)(7,20,34,33,13)(10,11)(12,23)
(1,21,32,8,9,30,15,3,29,27)(2,18,17,14,26)(4,36,24,16,22,19,25,28,35,6)(7,13,33,34,20)(10,11)(12,23)
(1,3,9,21,29,30,32,27,15,8)(2,17,26,18,14)(4,28,22,36,35,19,24,6,25,16)(7,33,20,13,34)(10,11)(12,23)
(1,30)(2,7,20,14,5)(3,19,12,28,8,32,4,23,24,29)(6,35,9,11,15,22,16,27,10,21)(13,31,34,17,18)(25,36)
(1,30)(2,5,14,20,7)(3,29,24,23,4,32,8,28,12,19)(6,21,10,27,16,22,15,11,9,35)(13,18,17,34,31)(25,36)
(1,30)(2,20,5,7,14)(3,23,8,19,24,32,12,29,4,28)(6,27,15,35,10,22,9,21,16,11)(13,34,18,31,17)(25,36)
(1,33)(2,23,14,32,7,28,5,19,20,29)(3,8,24,12,4)(6,34,10,13,16,17,15,31,9,18)(11,27,35,22,21)(26,36)
(1,11,32,4,6,30,10,3,19,22)(5,18,13,7,26)(8,36,12,16,27,29,25,23,35,9)(14,17,33,31,20)(15,21)(24,28)
(1,4,10,22,32,30,19,11,6,3)(5,7,18,26,13)(8,16,25,9,12,29,35,36,27,23)(14,31,17,20,33)(15,21)(24,28)
(1,3,6,11,19,30,32,22,10,4)(5,13,26,18,7)(8,23,27,36,35,29,12,9,25,16)(14,33,20,17,31)(15,21)(24,28)
(1,22,19,3,10,30,6,4,32,11)(5,26,7,13,18)(8,9,35,23,25,29,27,16,12,36)(14,20,31,33,17)(15,21)(24,28)
(1,11,29,24,16,30,10,8,28,35)(2,18,33,31,7)(3,36,12,6,21,32,25,23,22,15)(4,19)(5,17,34,20,26)(9,27)
(1,12,9,22,28,30,23,27,6,24)(2,33,5,13,17)(3,32)(4,29,21,36,11,19,8,15,25,10)(7,34,26,31,14)(16,35)
(1,22,23,24,9,30,6,12,28,27)(2,13,33,17,5)(3,32)(4,36,8,10,21,19,25,29,11,15)(7,31,34,14,26)(16,35)
(1,27,28,12,6,30,9,24,23,22)(2,5,17,33,13)(3,32)(4,15,11,29,25,19,21,10,8,36)(7,26,14,34,31)(16,35)
(1,24,10,35,29,30,28,11,16,8)(2,31,18,7,33)(3,6,25,15,12,32,22,36,21,23)(4,19)(5,20,17,26,34)(9,27)
(1,8,16,11,28,30,29,35,10,24)(2,33,7,18,31)(3,23,21,36,22,32,12,15,25,6)(4,19)(5,34,26,17,20)(9,27)
(1,35,28,8,10,30,16,24,29,11)(2,7,31,33,18)(3,15,22,23,25,32,21,6,12,36)(4,19)(5,26,20,34,17)(9,27)
(1,14,10,17,32,33,19,31,6,20)(2,28)(3,30,4,11,22)(5,29,18,36,13,23,7,16,26,9)(8,35,25,27,12)(15,34)
(1,17,19,20,10,33,6,14,32,31)(2,28)(3,11,30,22,4)(5,36,7,9,18,23,26,29,13,16)(8,27,35,12,25)(15,34)
(1,31,32,14,6,33,10,20,19,17)(2,28)(3,4,22,30,11)(5,16,13,29,26,23,18,9,7,36)(8,25,12,35,27)(15,34)
(1,24,6,27,23,30,28,22,9,12)(2,17,13,5,33)(3,32)(4,10,25,15,8,19,11,36,21,29)(7,14,31,26,34)(16,35)
(1,13,29,20,15,33,9,7,32,34)(2,36,14,6,18,28,26,19,17,16)(3,21,30,27,8)(4,22,35,24,25)(5,23)(10,31)
(1,20,9,34,29,33,32,13,15,7)(2,6,26,16,14,28,17,36,18,19)(3,27,21,8,30)(4,24,22,25,35)(5,23)(10,31)
(1,2,10,18,29,33,28,31,16,7)(3,22,25,21,12)(5,32,17,36,34,23,20,6,26,15)(8,30,24,11,35)(9,13)(14,19)
(1,34,32,7,9,33,15,20,29,13)(2,16,17,19,26,28,18,6,14,36)(3,8,27,30,21)(4,25,24,35,22)(5,23)(10,31)
(1,20,6,31,19,33,32,17,10,14)(2,28)(3,22,11,4,30)(5,9,26,16,7,23,13,36,18,29)(8,12,27,25,35)(15,34)
(1,13,28,5,6,33,9,2,23,17)(4,21,11,8,25)(7,36,14,15,31,29,26,19,34,10)(12,22,30,27,24)(16,18)(20,32)
(1,5,9,17,28,33,23,13,6,2)(4,8,21,25,11)(7,15,26,10,14,29,34,36,31,19)(12,27,22,24,30)(16,18)(20,32)
(1,33)(2,32,5,29,14,28,20,23,7,19)(3,12,8,4,24)(6,13,15,18,10,17,9,34,16,31)(11,22,27,21,35)(26,36)
(1,29,16,10,28)(2,30,7,35,31,24,33,8,18,11)(3,5,21,26,22,20,12,34,25,17)(4,14)(6,32,23,15,36)(13,27)
(1,2,6,13,23,33,28,17,9,5)(4,11,25,21,8)(7,19,31,36,34,29,14,10,26,15)(12,30,24,22,27)(16,18)(20,32)
(1,17,23,2,9,33,6,5,28,13)(4,25,8,11,21)(7,10,34,19,26,29,31,15,14,36)(12,24,27,30,22)(16,18)(20,32)
(1,33)(2,19,7,23,20,28,14,29,5,32)(3,24,4,8,12)(6,31,16,34,9,17,10,18,15,13)(11,35,21,27,22)(26,36)
(1,14,16,34,23,33,19,18,15,5)(2,10,26,9,20,28,31,36,13,32)(3,24,11,25,27)(4,35,21,12,30)(6,17)(7,29)
(1,34,19,5,16,33,15,14,23,18)(2,9,31,32,26,28,13,10,20,36)(3,25,24,27,11)(4,12,35,30,21)(6,17)(7,29)
(1,18,23,14,15,33,16,5,19,34)(2,36,20,10,13,28,26,32,31,9)(3,11,27,24,25)(4,21,30,35,12)(6,17)(7,29)
(1,5,15,18,19,33,23,34,16,14)(2,32,13,36,31,28,20,9,26,10)(3,27,25,11,24)(4,30,12,21,35)(6,17)(7,29)
(1,33)(2,29,20,19,5,28,7,32,14,23)(3,4,12,24,8)(6,18,9,31,15,17,16,13,10,34)(11,21,22,35,27)(26,36)
(1,18,28,7,10,33,16,2,29,31)(3,21,22,12,25)(5,36,20,15,17,23,26,32,34,6)(8,11,30,35,24)(9,13)(14,19)
(1,7,16,31,28,33,29,18,10,2)(3,12,21,25,22)(5,15,26,6,20,23,34,36,17,32)(8,35,11,24,30)(9,13)(14,19)
(1,7,15,13,32,33,29,34,9,20)(2,19,18,36,17,28,14,16,26,6)(3,30,8,21,27)(4,35,25,22,24)(5,23)(10,31)
(1,31,29,2,16,33,10,7,28,18)(3,25,12,22,21)(5,6,34,32,26,23,17,15,20,36)(8,24,35,30,11)(9,13)(14,19)
(1,21,20,29,27,33,15,3,7,9,30,34,32,8,13)(2,16,22,14,36,24,18,6,4,26,28,35,17,19,25)(5,23,12)(10,11,31)
(1,22,5,28,27,33,6,12,2,9,30,17,23,24,13)(3,20,32)(4,26,29,11,34,19,25,7,10,21,14,36,8,31,15)(16,35,18)
(1,2,11,16,7,30,28,31,35,29,33,24,10,18,8)(3,6,26,21,23,20,22,36,34,12,32,17,25,15,5)(4,19,14)(9,13,27)
(1,7,35,10,2,30,29,18,11,28,33,8,16,31,24)(3,23,34,25,6,20,12,15,26,22,32,5,21,36,17)(4,19,14)(9,13,27)
(1,24,31,16,8,33,28,11,18,29,30,2,10,35,7)(3,17,36,21,5,32,22,26,15,12,20,6,25,34,23)(4,14,19)(9,27,13)
(1,8,18,10,24,33,29,35,31,28,30,7,16,11,2)(3,5,15,25,17,32,12,34,36,22,20,23,21,26,6)(4,14,19)(9,27,13)
(1,35,2,29,11,33,16,24,7,10,30,18,28,8,31)(3,34,6,12,26,32,21,17,23,25,20,15,22,5,36)(4,14,19)(9,27,13)
(1,11,7,28,35,33,10,8,2,16,30,31,29,24,18)(3,26,23,22,34,32,25,5,6,21,20,36,12,17,15)(4,14,19)(9,27,13)
(1,3,13,15,8,33,32,27,34,29,30,20,9,21,7)(2,6,25,18,19,24,17,36,35,14,28,22,26,16,4)(5,23,12)(10,11,31)
(1,8,34,9,3,33,29,21,13,32,30,7,15,27,20)(2,19,35,26,6,24,14,16,25,17,28,4,18,36,22)(5,23,12)(10,11,31)
(1,27,7,32,21,33,9,8,20,15,30,13,29,3,34)(2,36,4,17,16,24,26,19,22,18,28,25,14,6,35)(5,23,12)(10,11,31)
(1,27,2,23,22,33,9,24,5,6,30,13,28,12,17)(3,20,32)(4,34,10,8,26,19,21,31,29,25,14,15,11,7,36)(16,35,18)
(1,12,13,6,24,33,23,27,17,28,30,5,9,22,2)(3,20,32)(4,7,15,25,31,19,8,34,36,11,14,29,21,26,10)(16,35,18)
(1,24,17,9,12,33,28,22,13,23,30,2,6,27,5)(3,20,32)(4,31,36,21,7,19,11,26,15,8,14,10,25,34,29)(16,35,18)
(1,5,27,6,2,30,23,13,22,28,33,12,9,17,24)(3,32,20)(4,29,34,25,10,14,8,15,26,11,19,7,21,36,31)(16,18,35)
(1,2,22,9,5,30,28,17,27,23,33,24,6,13,12)(3,32,20)(4,10,26,21,29,14,11,36,34,8,19,31,25,15,7)(16,18,35)
(1,7,21,9,20,30,29,34,27,32,33,8,15,13,3)(2,4,16,26,22,28,14,35,36,17,24,19,18,25,6)(5,12,23)(10,31,11)
(1,20,27,15,7,30,32,13,21,29,33,3,9,34,8)(2,22,36,18,4,28,17,25,16,14,24,6,26,35,19)(5,12,23)(10,31,11)
(1,34,3,29,13,30,15,20,8,9,33,21,32,7,27)(2,35,6,14,25,28,18,22,19,26,24,16,17,4,36)(5,12,23)(10,31,11)
(1,17,12,28,13,30,6,5,24,9,33,22,23,2,27)(3,32,20)(4,36,7,11,15,14,25,29,31,21,19,26,8,10,34)(16,18,35)
(1,13,24,23,17,30,9,2,12,6,33,27,28,5,22)(3,32,20)(4,15,31,8,36,14,21,10,7,25,19,34,11,29,26)(16,18,35)
(1,31,8,28,18,30,10,7,24,16,33,11,29,2,35)(3,36,5,22,15,20,25,23,17,21,32,26,12,6,34)(4,19,14)(9,13,27)
(1,33,30)(2,4,29,5,3,28,14,8,23,20,24,19,7,12,32)(6,31,35,15,13,22,10,18,21,9,17,11,16,34,27)(25,36,26)
(1,33,30)(2,3,23,7,4,28,20,12,29,14,24,32,5,8,19)(6,13,21,16,31,22,9,34,35,10,17,27,15,18,11)(25,36,26)
(1,33,30)(2,8,32,14,12,28,7,3,19,5,24,29,20,4,23)(6,18,27,10,34,22,16,13,11,15,17,35,9,31,21)(25,36,26)
(1,14,11,6,20,30,19,31,22,32,33,4,10,17,3)(2,24,28)(5,8,16,26,27,23,7,35,36,13,12,29,18,25,9)(15,34,21)
(1,33,30)(2,12,19,20,8,28,5,4,32,7,24,23,14,3,29)(6,34,11,9,18,22,15,31,27,16,17,21,10,13,35)(25,36,26)
(1,20,22,10,14,30,32,17,11,19,33,3,6,31,4)(2,24,28)(5,27,36,18,8,23,13,25,16,7,12,9,26,35,29)(15,34,21)
(1,31,3,19,17,30,10,20,4,6,33,11,32,14,22)(2,24,28)(5,35,9,7,25,23,18,27,29,26,12,16,13,8,36)(15,34,21)
(1,17,4,32,31,30,6,14,3,10,33,22,19,20,11)(2,24,28)(5,25,29,13,35,23,26,8,9,18,12,36,7,27,16)(15,34,21)
(1,11,20,19,22,33,10,3,14,6,30,31,32,4,17)(2,28,24)(5,16,27,7,36,12,18,9,8,26,23,35,13,29,25)(15,21,34)
(1,22,14,32,11,33,6,4,20,10,30,17,19,3,31)(2,28,24)(5,36,8,13,16,12,26,29,27,18,23,25,7,9,35)(15,21,34)
(1,4,31,6,3,33,19,11,17,32,30,14,10,22,20)(2,28,24)(5,29,35,26,9,12,7,16,25,13,23,8,18,36,27)(15,21,34)
(1,30,33)(2,29,3,14,23,24,7,32,4,5,28,8,20,19,12)(6,35,13,10,21,17,16,27,31,15,22,18,9,11,34)(25,26,36)
(1,30,33)(2,23,4,20,29,24,5,19,3,7,28,12,14,32,8)(6,21,31,9,35,17,15,11,13,16,22,34,10,27,18)(25,26,36)
(1,12,34,16,4,33,23,21,18,19,30,5,15,35,14)(2,32,27,26,10,24,20,9,25,31,28,3,13,36,11)(6,22,17)(7,29,8)
(1,30,33)(2,32,12,7,19,24,20,23,8,14,28,3,5,29,4)(6,27,34,16,11,17,9,21,18,10,22,13,15,35,31)(25,26,36)
(1,3,17,10,4,33,32,22,31,19,30,20,6,11,14)(2,28,24)(5,9,25,18,29,12,13,36,35,7,23,27,26,16,8)(15,21,34)
(1,13,8,32,34,30,9,7,3,15,33,27,29,20,21)(2,25,19,17,35,28,26,4,6,18,24,36,14,22,16)(5,12,23)(10,31,11)
(1,14,35,15,5,30,19,18,21,23,33,4,16,34,12)(2,11,36,13,3,28,31,25,9,20,24,10,26,27,32)(6,17,22)(7,8,29)
(1,5,21,16,14,30,23,34,35,19,33,12,15,18,4)(2,3,9,26,11,28,20,27,36,31,24,32,13,25,10)(6,17,22)(7,8,29)
(1,18,12,19,34,30,16,5,4,15,33,35,23,14,21)(2,25,32,31,27,28,26,3,10,13,24,36,20,11,9)(6,17,22)(7,8,29)
(1,34,4,23,18,30,15,14,12,16,33,21,19,5,35)(2,27,10,20,25,28,13,11,32,26,24,9,31,3,36)(6,17,22)(7,8,29)
(1,35,5,19,21,33,16,12,14,15,30,18,23,4,34)(2,36,3,31,9,24,26,32,11,13,28,25,20,10,27)(6,22,17)(7,29,8)
(1,21,14,23,35,33,15,4,5,16,30,34,19,12,18)(2,9,11,20,36,24,13,10,3,26,28,27,31,32,25)(6,22,17)(7,29,8)
(1,4,18,15,12,33,19,35,34,23,30,14,16,21,5)(2,10,25,13,32,24,31,36,27,20,28,11,26,9,3)(6,22,17)(7,29,8)
(1,30,33)(2,19,8,5,32,24,14,29,12,20,28,4,7,23,3)(6,11,18,15,27,17,10,35,34,9,22,31,16,21,13)(25,26,36)
(1,18,24,29,31,30,16,2,8,10,33,35,28,7,11)(3,15,17,12,36,20,21,6,5,25,32,34,22,23,26)(4,19,14)(9,13,27)
(1,7,4,16,31,25,6,13,3,23,33,8,19,18,11,36,17,27,32,5,30,29,14,35,10,26,22,9,20,12)(2,21,28,34,24,15)
(1,26,30,36,33,25)(2,35,23,17,4,15,20,11,29,13,24,16,5,22,19,34,3,10,7,27,28,18,12,6,14,21,32,31,8,9)
(1,26,30,36,33,25)(2,27,29,31,3,15,14,22,23,18,24,9,7,11,32,34,4,6,5,35,28,13,8,10,20,21,19,17,12,16)
(1,26,30,36,33,25)(2,11,19,18,8,15,5,27,32,17,24,10,14,35,29,34,12,9,20,22,28,31,4,16,7,21,23,13,3,6)
(1,25,33,36,30,26)(2,6,3,13,23,21,7,16,4,31,28,22,20,9,12,34,29,35,14,10,24,17,32,27,5,15,8,18,19,11)
(1,25,33,36,30,26)(2,16,12,17,19,21,20,10,8,13,28,35,5,6,4,34,32,11,7,9,24,18,23,22,14,15,3,31,29,27)
(1,25,33,36,30,26)(2,9,8,31,32,21,14,6,12,18,28,27,7,10,3,34,19,22,5,16,24,13,29,11,20,15,4,17,23,35)
(1,25,33,36,30,26)(2,10,4,18,29,21,5,9,3,17,28,11,14,16,8,34,23,27,20,6,24,31,19,35,7,15,12,13,32,22)
(1,5,3,9,17,25,10,18,4,29,33,12,32,13,22,36,31,35,19,7,30,23,20,27,6,26,11,16,14,8)(2,21,28,34,24,15)
(1,18,22,23,14,25,32,7,11,9,33,35,6,5,4,36,20,8,10,13,30,16,17,12,19,26,3,29,31,27)(2,21,28,34,24,15)
(1,13,11,29,20,25,19,5,22,16,33,27,10,7,3,36,14,12,6,18,30,9,31,8,32,26,4,23,17,35)(2,21,28,34,24,15)
(1,26,30,36,33,25)(2,22,32,13,12,15,7,35,19,31,24,6,20,27,23,34,8,16,14,11,28,17,3,9,5,21,29,18,4,10)
(1,12,20,9,22,26,10,35,14,29,30,5,32,27,17,36,11,18,19,8,33,23,3,13,6,25,31,16,4,7)(2,15,24,34,28,21)
(1,35,17,23,4,26,32,8,31,9,30,18,6,12,14,36,3,7,10,27,33,16,22,5,19,25,20,29,11,13)(2,15,24,34,28,21)
(1,27,31,29,3,26,19,12,17,16,30,13,10,8,20,36,4,5,6,35,33,9,11,7,32,25,14,23,22,18)(2,15,24,34,28,21)
(1,8,14,16,11,26,6,27,20,23,30,7,19,35,31,36,22,13,32,12,33,29,4,18,10,25,17,9,3,5)(2,15,24,34,28,21)
(1,5,8,15,18,25,10,17,24,32,33,12,29,34,35,36,31,22,28,20,30,23,7,21,16,26,11,6,2,3)(4,9,14,27,19,13)
(1,17,35,23,2,25,29,20,11,15,33,22,16,5,24,36,7,3,10,34,30,6,18,12,28,26,8,32,31,21)(4,9,14,27,19,13)
(1,34,11,32,7,25,28,5,35,6,33,21,10,20,8,36,2,12,16,17,30,15,31,3,29,26,24,23,18,22)(4,9,14,27,19,13)
(1,20,24,6,31,25,16,34,8,23,33,3,28,17,11,36,18,21,29,5,30,32,2,22,10,26,35,15,7,12)(4,9,14,27,19,13)
(1,12,7,15,35,26,10,22,2,32,30,5,29,21,18,36,11,17,28,3,33,23,8,34,16,25,31,6,24,20)(4,13,19,27,14,9)
(1,22,18,23,24,26,29,3,31,15,30,17,16,12,2,36,8,20,10,21,33,6,35,5,28,25,7,32,11,34)(4,13,19,27,14,9)
(1,21,31,32,8,26,28,12,18,6,30,34,10,3,7,36,24,5,16,22,33,15,11,20,29,25,2,23,35,17)(4,13,19,27,14,9)
(1,3,2,6,11,26,16,21,7,23,30,20,28,22,31,36,35,34,29,12,33,32,24,17,10,25,18,15,8,5)(4,13,19,27,14,9)
(1,24,20,6,27,26,15,35,7,19,30,2,32,22,13,36,21,18,29,4,33,28,3,17,9,25,34,16,8,14)(5,10,12,31,23,11)
(1,35,13,28,8,26,32,4,34,6,30,18,9,24,7,36,3,14,15,22,33,16,27,2,29,25,20,19,21,17)(5,10,12,31,23,11)
(1,22,34,19,3,26,29,24,13,16,30,17,15,4,20,36,8,2,9,35,33,6,21,14,32,25,7,28,27,18)(5,10,12,31,23,11)
(1,4,7,16,21,26,9,22,20,28,30,14,29,35,34,36,27,17,32,24,33,19,8,18,15,25,13,6,3,2)(5,10,12,31,23,11)
(1,2,3,6,13,25,15,18,8,19,33,24,32,17,27,36,34,35,29,14,30,28,20,22,9,26,21,16,7,4)(5,11,23,31,12,10)
(1,18,27,28,7,25,32,14,21,6,33,35,9,2,8,36,20,4,15,17,30,16,13,24,29,26,3,19,34,22)(5,11,23,31,12,10)
(1,17,21,19,20,25,29,2,27,16,33,22,15,14,3,36,7,24,9,18,30,6,34,4,32,26,8,28,13,35)(5,11,23,31,12,10)
(1,14,8,16,34,25,9,17,3,28,33,4,29,18,21,36,13,22,32,2,30,19,7,35,15,26,27,6,20,24)(5,11,23,31,12,10)
(1,2,4,10,18,25,15,13,12,32,33,24,19,31,35,36,34,27,23,20,30,28,14,11,16,26,21,9,5,3)(6,7,22,29,17,8)
(1,20,12,9,34,25,16,31,4,28,33,3,23,13,21,36,18,11,19,2,30,32,5,27,15,26,35,10,14,24)(6,7,22,29,17,8)
(1,13,35,28,5,25,19,20,21,10,33,27,16,2,12,36,14,3,15,31,30,9,18,24,23,26,4,32,34,11)(6,7,22,29,17,8)
(1,21,17,19,12,26,28,8,13,10,30,34,6,4,5,36,24,7,9,11,33,15,22,14,23,25,2,29,27,31)(3,18,32,35,20,16)
(1,24,14,10,35,26,15,27,5,32,30,2,19,11,18,36,21,13,23,3,33,28,4,31,16,25,34,9,12,20)(6,8,17,29,22,7)
(1,3,5,9,21,26,16,11,14,28,30,20,23,27,34,36,35,31,19,24,33,32,12,13,15,25,18,10,4,2)(6,8,17,29,22,7)
(1,27,18,28,12,26,19,3,34,10,30,13,16,24,5,36,4,20,15,11,33,9,35,2,23,25,14,32,21,31)(6,8,17,29,22,7)
(1,31,27,29,2,25,23,14,22,15,33,11,9,7,24,36,5,4,6,34,30,10,13,8,28,26,12,19,17,21)(3,16,20,35,32,18)
(1,14,24,10,17,25,9,34,12,29,33,4,28,31,22,36,13,21,23,7,30,19,2,11,6,26,27,15,5,8)(3,16,20,35,32,18)
(1,7,12,15,13,25,6,31,24,19,33,8,23,34,27,36,17,11,28,14,30,29,5,21,9,26,22,10,2,4)(3,16,20,35,32,18)
(1,34,22,19,5,25,28,7,27,10,33,21,6,14,12,36,2,8,9,31,30,15,17,4,23,26,24,29,13,11)(3,16,20,35,32,18)
(1,11,13,29,24,26,23,4,17,15,30,31,9,8,2,36,12,14,6,21,33,10,27,7,28,25,5,19,22,34)(3,18,32,35,20,16)
(1,4,2,10,22,26,9,21,5,29,30,14,28,11,17,36,27,34,23,8,33,19,24,31,6,25,13,15,12,7)(3,18,32,35,20,16)
(1,8,5,15,27,26,6,11,2,19,30,7,23,21,13,36,22,31,28,4,33,29,12,34,9,25,17,10,24,14)(3,18,32,35,20,16)
(1,11,34,32,4,26,23,24,18,9,30,31,15,3,14,36,12,2,16,27,33,10,21,20,19,25,5,28,35,13)(6,8,17,29,22,7)
(1,31,21,32,14,25,23,2,35,9,33,11,15,20,4,36,5,24,16,13,30,10,34,3,19,26,12,28,18,27)(6,7,22,29,17,8)