1 5 7
1 5 56
1 6 8
1 6 56
1 7 53
1 8 54
1 9 11
1 9 53
1 11 54
2 3 4
2 3 56
2 4 53
2 10 13
2 10 56
2 13 47
2 15 19
2 15 47
2 19 53
3 4 54
3 12 14
3 12 56
3 14 48
3 16 20
3 16 54
3 20 48
4 17 23
4 17 53
4 21 25
4 21 54
4 23 39
4 25 39
5 7 47
5 16 27
5 16 47
5 18 24
5 18 56
5 24 38
5 27 38
6 8 48
6 19 30
6 19 48
6 22 26
6 22 56
6 26 42
6 30 42
7 21 33
7 21 47
7 30 33
7 30 34
7 31 34
7 31 53
8 17 36
8 17 48
8 27 34
8 27 36
8 28 34
8 28 54
9 10 38
9 10 39
9 11 39
9 26 29
9 26 36
9 29 53
9 36 38
10 13 38
10 22 35
10 22 56
10 35 46
10 39 46
11 12 39
11 12 42
11 24 32
11 24 33
11 32 54
11 33 42
12 14 42
12 18 37
12 18 56
12 37 50
12 39 50
13 20 23
13 20 44
13 23 43
13 31 38
13 31 44
13 43 47
14 15 25
14 15 41
14 25 40
14 28 41
14 28 42
14 40 48
15 18 30
15 18 46
15 19 30
15 25 46
15 41 47
16 20 27
16 32 37
16 32 54
16 37 41
16 41 47
17 23 36
17 31 45
17 31 53
17 40 45
17 40 48
18 24 46
18 30 52
18 37 52
19 29 35
19 29 53
19 35 44
19 44 48
20 22 27
20 22 50
20 23 50
20 44 48
21 25 33
21 28 45
21 28 54
21 43 45
21 43 47
22 26 50
22 27 52
22 35 52
23 32 36
23 32 43
23 39 50
24 32 43
24 33 51
24 38 51
24 43 46
25 29 33
25 29 40
25 39 46
26 29 40
26 36 49
26 40 50
26 42 49
27 34 52
27 36 38
28 34 41
28 42 49
28 45 49
29 33 51
29 35 51
30 33 42
30 34 52
31 34 44
31 38 51
31 45 51
32 36 49
32 37 49
34 41 44
35 44 55
35 46 55
35 51 52
37 41 55
37 49 52
37 50 55
40 45 55
40 50 55
41 44 55
43 45 55
43 46 55
45 49 51
49 51 52