(1,7)(2,9)(3,16)(4,10)(5,15)(6,13)(8,22)(11,21)(12,19)(14,26)(17,27)(18,25)(23,24)
(1,6)(2,3)(4,7)(5,8)(9,12)(10,13)(11,14)(15,18)(16,19)(17,20)(21,24)(22,25)(23,26)
(1,24)(2,16)(3,17)(4,11)(5,10)(6,18)(7,22)(8,23)(9,27)(13,26)(14,25)(15,21)(19,20)
(1,11)(2,12)(3,20)(4,26)(5,6)(7,18)(8,14)(9,17)(10,22)(13,24)(15,23)(19,27)(21,25)
(1,9)(2,4)(3,5)(6,15)(7,10)(8,11)(12,21)(13,16)(14,17)(18,27)(19,22)(20,23)(25,26)
(1,27)(2,14)(3,13)(4,19)(5,20)(6,24)(7,8)(9,21)(10,25)(11,26)(12,18)(16,23)(17,22)
(1,15)(2,20)(3,19)(4,25)(5,26)(6,21)(7,14)(8,13)(10,23)(11,22)(12,27)(16,17)(18,24)
(1,25)(2,27)(4,8)(5,24)(6,23)(7,21)(9,19)(10,14)(11,18)(12,17)(13,15)(16,20)(22,26)
(1,23)(2,24)(3,10)(5,18)(6,17)(7,27)(8,16)(9,25)(11,12)(13,21)(14,22)(15,19)(20,26)
(1,13)(2,15)(3,26)(4,22)(5,21)(6,19)(7,9)(8,20)(10,16)(11,27)(12,25)(17,24)(18,23)
(1,3)(2,5)(4,9)(6,8)(7,11)(10,15)(12,14)(13,17)(16,21)(18,20)(19,23)(22,27)(24,26)
(1,16)(2,23)(3,18)(4,12)(5,17)(6,10)(7,25)(8,24)(9,22)(13,19)(14,27)(15,26)(20,21)
(1,20)(2,13)(3,21)(4,27)(5,19)(6,26)(8,15)(9,14)(10,24)(11,25)(12,22)(16,18)(17,23)
(1,14)(2,25)(3,15)(4,21)(5,23)(6,20)(7,19)(8,9)(10,27)(11,17)(12,26)(16,24)(18,22)
(1,4)(2,7)(3,6)(5,13)(8,12)(9,10)(11,19)(14,18)(15,16)(17,25)(20,24)(21,22)(26,27)
(2,26)(3,25)(4,23)(5,22)(6,9)(7,20)(8,19)(10,17)(11,16)(12,15)(13,14)(18,21)(24,27)
(1,2)(3,4)(5,9)(6,7)(8,10)(11,15)(12,13)(14,16)(17,21)(18,19)(20,22)(23,27)(24,25)
(1,21)(2,10)(3,11)(4,5)(6,27)(7,16)(8,17)(9,15)(12,24)(13,22)(14,23)(19,26)(20,25)
(1,19)(2,21)(3,14)(4,20)(5,27)(6,25)(7,15)(9,13)(10,26)(11,24)(12,23)(16,22)(17,18)
(1,10)(2,19)(3,12)(4,6)(5,25)(7,13)(8,18)(9,16)(11,23)(14,24)(15,22)(20,27)(21,26)
(1,18)(2,8)(3,7)(4,13)(5,14)(6,12)(9,24)(10,19)(11,20)(15,27)(16,25)(17,26)(22,23)
(1,12)(2,22)(3,23)(4,17)(5,16)(7,26)(8,25)(9,18)(10,11)(13,20)(14,19)(15,24)(21,27)
(1,5)(2,6)(3,8)(4,14)(7,12)(9,11)(10,20)(13,18)(15,17)(16,26)(19,24)(21,23)(25,27)
(1,22)(2,11)(3,24)(4,18)(6,16)(7,17)(8,27)(9,26)(10,12)(13,23)(14,21)(15,20)(19,25)
(1,8)(2,17)(3,9)(4,15)(5,11)(6,14)(7,23)(10,21)(12,20)(13,25)(16,27)(18,26)(22,24)
(1,17)(2,18)(3,22)(4,16)(5,12)(6,11)(7,24)(8,26)(9,23)(13,27)(14,20)(15,25)(19,21)
(1,26)(3,27)(4,24)(5,7)(6,22)(8,21)(9,20)(10,18)(11,13)(12,16)(14,15)(17,19)(23,25)
(2,25)(3,26)(4,22)(5,23)(6,9)(7,19)(8,20)(10,16)(11,17)(12,15)(18,21)(24,27)
(1,18)(2,25)(3,10)(5,23)(6,12)(7,19)(8,16)(9,24)(11,17)(14,22)(15,27)(20,26)
(1,12)(2,5)(3,14)(4,20)(7,11)(9,18)(10,26)(13,17)(15,24)(16,22)(19,23)(21,27)
(1,9)(2,13)(3,22)(4,16)(5,19)(6,15)(8,26)(11,25)(12,21)(14,20)(17,23)(18,27)
(2,17)(3,14)(4,20)(5,11)(6,9)(7,23)(10,26)(12,15)(13,25)(16,22)(18,21)(24,27)
(2,19)(3,22)(4,16)(5,25)(6,9)(7,13)(8,26)(11,23)(12,15)(14,20)(18,21)(24,27)
(1,18)(2,17)(3,22)(4,16)(5,11)(6,12)(7,23)(8,26)(9,24)(13,25)(14,20)(15,27)
(1,21)(2,19)(3,14)(4,20)(5,25)(6,27)(7,13)(9,15)(10,26)(11,23)(12,24)(16,22)
(1,18)(2,7)(3,8)(4,14)(5,13)(6,12)(9,24)(10,20)(11,19)(15,27)(16,26)(17,25)
(1,18)(2,11)(3,26)(4,22)(6,12)(7,17)(8,20)(9,24)(10,16)(13,23)(15,27)(19,25)
(1,18)(2,23)(3,16)(4,10)(5,17)(6,12)(7,25)(8,22)(9,24)(13,19)(14,26)(15,27)
(1,18)(2,13)(4,8)(5,19)(6,12)(9,24)(10,14)(11,25)(15,27)(16,20)(17,23)(22,26)
(1,18)(2,5)(3,20)(4,26)(6,12)(7,11)(8,14)(9,24)(10,22)(13,17)(15,27)(19,23)
(1,21)(2,25)(3,8)(4,14)(5,23)(6,27)(7,19)(9,15)(10,20)(11,17)(12,24)(16,26)
(1,21)(2,7)(3,26)(4,22)(5,13)(6,27)(8,20)(9,15)(10,16)(11,19)(12,24)(17,25)
(1,21)(2,11)(3,10)(6,27)(7,17)(8,16)(9,15)(12,24)(13,23)(14,22)(19,25)(20,26)
(1,21)(2,23)(4,8)(5,17)(6,27)(7,25)(9,15)(10,14)(12,24)(13,19)(16,20)(22,26)
(1,21)(2,13)(3,20)(4,26)(5,19)(6,27)(8,14)(9,15)(10,22)(11,25)(12,24)(17,23)
(1,21)(2,5)(3,16)(4,10)(6,27)(7,11)(8,22)(9,15)(12,24)(13,17)(14,26)(19,23)
(1,12)(2,13)(3,4)(5,19)(8,10)(9,18)(11,25)(14,16)(15,24)(17,23)(20,22)(21,27)
(2,7)(3,10)(5,13)(6,9)(8,16)(11,19)(12,15)(14,22)(17,25)(18,21)(20,26)(24,27)
(2,11)(3,8)(4,14)(6,9)(7,17)(10,20)(12,15)(13,23)(16,26)(18,21)(19,25)(24,27)
(2,23)(3,20)(4,26)(5,17)(6,9)(7,25)(8,14)(10,22)(12,15)(13,19)(18,21)(24,27)
(2,13)(3,16)(4,10)(5,19)(6,9)(8,22)(11,25)(12,15)(14,26)(17,23)(18,21)(24,27)
(2,5)(4,8)(6,9)(7,11)(10,14)(12,15)(13,17)(16,20)(18,21)(19,23)(22,26)(24,27)
(1,9)(2,23)(3,14)(4,20)(5,17)(6,15)(7,25)(10,26)(12,21)(13,19)(16,22)(18,27)
(1,15)(2,5)(3,10)(6,21)(7,11)(8,16)(12,27)(13,17)(14,22)(18,24)(19,23)(20,26)
(1,6)(2,23)(3,26)(4,22)(5,17)(7,25)(8,20)(9,12)(10,16)(13,19)(15,18)(21,24)
(1,6)(2,5)(3,8)(4,14)(7,11)(9,12)(10,20)(13,17)(15,18)(16,26)(19,23)(21,24)
(1,24)(2,23)(3,10)(5,17)(6,18)(7,25)(8,16)(9,27)(13,19)(14,22)(15,21)(20,26)
(1,24)(2,13)(3,8)(4,14)(5,19)(6,18)(9,27)(10,20)(11,25)(15,21)(16,26)(17,23)
(1,27)(2,11)(3,16)(4,10)(6,24)(7,17)(8,22)(9,21)(12,18)(13,23)(14,26)(19,25)
(1,27)(2,25)(4,8)(5,23)(6,24)(7,19)(9,21)(10,14)(11,17)(12,18)(16,20)(22,26)
(1,9)(2,7)(3,16)(4,10)(5,13)(6,15)(8,22)(11,19)(12,21)(14,26)(17,25)(18,27)
(1,9)(2,25)(3,20)(4,26)(5,23)(6,15)(7,19)(8,14)(10,22)(11,17)(12,21)(18,27)
(1,12)(2,7)(4,8)(5,13)(9,18)(10,14)(11,19)(15,24)(16,20)(17,25)(21,27)(22,26)
(1,12)(2,11)(3,20)(4,26)(7,17)(8,14)(9,18)(10,22)(13,23)(15,24)(19,25)(21,27)
(1,6)(2,17)(3,20)(4,26)(5,11)(7,23)(8,14)(9,12)(10,22)(13,25)(15,18)(21,24)
(1,24)(2,17)(3,16)(4,10)(5,11)(6,18)(7,23)(8,22)(9,27)(13,25)(14,26)(15,21)
(1,15)(2,17)(4,8)(5,11)(6,21)(7,23)(10,14)(12,27)(13,25)(16,20)(18,24)(22,26)
(1,18)(3,14)(4,20)(5,7)(6,12)(9,24)(10,26)(11,13)(15,27)(16,22)(17,19)(23,25)
(1,21)(3,22)(4,16)(5,7)(6,27)(8,26)(9,15)(11,13)(12,24)(14,20)(17,19)(23,25)
(1,12)(2,19)(3,10)(5,25)(7,13)(8,16)(9,18)(11,23)(14,22)(15,24)(20,26)(21,27)
(1,27)(2,19)(3,8)(4,14)(5,25)(6,24)(7,13)(9,21)(10,20)(11,23)(12,18)(16,26)
(1,9)(2,5)(3,4)(6,15)(7,11)(8,10)(12,21)(13,17)(14,16)(18,27)(19,23)(20,22)
(1,9)(2,19)(3,26)(4,22)(5,25)(6,15)(7,13)(8,20)(10,16)(11,23)(12,21)(18,27)
(1,27)(2,13)(3,14)(4,20)(5,19)(6,24)(9,21)(10,26)(11,25)(12,18)(16,22)(17,23)
(1,27)(2,23)(3,4)(5,17)(6,24)(7,25)(8,10)(9,21)(12,18)(13,19)(14,16)(20,22)
(1,27)(2,5)(3,22)(4,16)(6,24)(7,11)(8,26)(9,21)(12,18)(13,17)(14,20)(19,23)
(1,24)(2,11)(3,22)(4,16)(6,18)(7,17)(8,26)(9,27)(13,23)(14,20)(15,21)(19,25)
(1,24)(2,7)(3,14)(4,20)(5,13)(6,18)(9,27)(10,26)(11,19)(15,21)(16,22)(17,25)
(1,24)(2,25)(3,4)(5,23)(6,18)(7,19)(8,10)(9,27)(11,17)(14,16)(15,21)(20,22)
(1,6)(2,11)(3,14)(4,20)(7,17)(9,12)(10,26)(13,23)(15,18)(16,22)(19,25)(21,24)
(1,9)(3,10)(5,7)(6,15)(8,16)(11,13)(12,21)(14,22)(17,19)(18,27)(20,26)(23,25)
(1,27)(2,7)(3,20)(4,26)(5,13)(6,24)(8,14)(9,21)(10,22)(11,19)(12,18)(17,25)
(1,12)(2,25)(3,16)(4,10)(5,23)(7,19)(8,22)(9,18)(11,17)(14,26)(15,24)(21,27)
(1,9)(2,11)(4,8)(6,15)(7,17)(10,14)(12,21)(13,23)(16,20)(18,27)(19,25)(22,26)
(1,6)(2,13)(3,10)(5,19)(8,16)(9,12)(11,25)(14,22)(15,18)(17,23)(20,26)(21,24)
(1,15)(2,23)(3,8)(4,14)(5,17)(6,21)(7,25)(10,20)(12,27)(13,19)(16,26)(18,24)
(1,12)(3,8)(4,14)(5,7)(9,18)(10,20)(11,13)(15,24)(16,26)(17,19)(21,27)(23,25)
(1,6)(2,7)(3,4)(5,13)(8,10)(9,12)(11,19)(14,16)(15,18)(17,25)(20,22)(21,24)
(1,6)(2,25)(3,22)(4,16)(5,23)(7,19)(8,26)(9,12)(11,17)(14,20)(15,18)(21,24)
(1,15)(2,11)(3,4)(6,21)(7,17)(8,10)(12,27)(13,23)(14,16)(18,24)(19,25)(20,22)
(1,15)(2,7)(3,22)(4,16)(5,13)(6,21)(8,26)(11,19)(12,27)(14,20)(17,25)(18,24)
(1,15)(2,25)(3,14)(4,20)(5,23)(6,21)(7,19)(10,26)(11,17)(12,27)(16,22)(18,24)
(3,4)(5,7)(6,9)(8,10)(11,13)(12,15)(14,16)(17,19)(18,21)(20,22)(23,25)(24,27)
(1,12)(2,23)(3,22)(4,16)(5,17)(7,25)(8,26)(9,18)(13,19)(14,20)(15,24)(21,27)
(1,15)(3,16)(4,10)(5,7)(6,21)(8,22)(11,13)(12,27)(14,26)(17,19)(18,24)(23,25)
(1,6)(4,8)(5,7)(9,12)(10,14)(11,13)(15,18)(16,20)(17,19)(21,24)(22,26)(23,25)
(1,24)(3,20)(4,26)(5,7)(6,18)(8,14)(9,27)(10,22)(11,13)(15,21)(17,19)(23,25)
(1,21)(2,17)(3,4)(5,11)(6,27)(7,23)(8,10)(9,15)(12,24)(13,25)(14,16)(20,22)
(1,18)(2,19)(3,4)(5,25)(6,12)(7,13)(8,10)(9,24)(11,23)(14,16)(15,27)(20,22)
(1,12)(2,17)(3,26)(4,22)(5,11)(7,23)(8,20)(9,18)(10,16)(13,25)(15,24)(21,27)
(1,9)(2,17)(3,8)(4,14)(5,11)(6,15)(7,23)(10,20)(12,21)(13,25)(16,26)(18,27)
(1,27)(2,17)(3,10)(5,11)(6,24)(7,23)(8,16)(9,21)(12,18)(13,25)(14,22)(20,26)
(1,24)(2,19)(4,8)(5,25)(6,18)(7,13)(9,27)(10,14)(11,23)(15,21)(16,20)(22,26)
(1,6)(2,19)(3,16)(4,10)(5,25)(7,13)(8,22)(9,12)(11,23)(14,26)(15,18)(21,24)
(1,15)(2,19)(3,20)(4,26)(5,25)(6,21)(7,13)(8,14)(10,22)(11,23)(12,27)(18,24)
(1,24)(2,5)(3,26)(4,22)(6,18)(7,11)(8,20)(9,27)(10,16)(13,17)(15,21)(19,23)
(1,15)(2,13)(3,26)(4,22)(5,19)(6,21)(8,20)(10,16)(11,25)(12,27)(17,23)(18,24)
(1,27)(3,26)(4,22)(5,7)(6,24)(8,20)(9,21)(10,16)(11,13)(12,18)(17,19)(23,25)
(2,10)(3,13)(4,7)(5,16)(8,19)(11,22)(14,25)(17,26)(20,23)
(2,4)(3,7)(5,10)(8,13)(11,16)(14,19)(17,22)(20,25)(23,26)
(2,14)(3,11)(4,17)(5,8)(7,20)(10,23)(13,26)(16,25)(19,22)
(2,22)(3,25)(4,19)(5,26)(7,16)(8,23)(10,13)(11,20)(14,17)
(1,10)(3,15)(4,9)(6,16)(8,21)(12,22)(14,27)(18,26)(20,24)
(1,19)(2,18)(5,24)(6,13)(7,12)(9,25)(11,27)(15,23)(17,21)
(1,5)(2,9)(6,11)(7,15)(12,17)(13,21)(18,23)(19,27)(24,25)
(1,25)(2,24)(5,27)(6,19)(7,18)(9,23)(11,21)(12,13)(15,17)
(1,26)(3,24)(4,27)(6,20)(8,18)(9,22)(10,21)(12,14)(15,16)
(1,11)(2,15)(5,9)(6,17)(7,21)(12,23)(13,27)(18,25)(19,24)
(2,3)(4,5)(7,8)(10,11)(13,14)(16,17)(19,20)(22,23)(25,26)
(2,20)(3,17)(4,23)(5,14)(7,26)(8,11)(10,25)(13,22)(16,19)
(1,2)(5,6)(7,9)(11,12)(13,15)(17,18)(19,21)(23,24)(25,27)
(2,26)(3,23)(4,25)(5,20)(7,22)(8,17)(10,19)(11,14)(13,16)
(1,23)(2,27)(5,21)(6,25)(7,24)(9,17)(11,15)(12,19)(13,18)
(1,13)(2,12)(5,18)(6,7)(9,19)(11,24)(15,25)(17,27)(21,23)
(2,16)(3,19)(4,13)(5,22)(7,10)(8,25)(11,26)(14,23)(17,20)
(1,22)(3,27)(4,21)(6,26)(8,24)(9,16)(10,15)(12,20)(14,18)
(1,4)(3,9)(6,10)(8,15)(12,16)(14,21)(18,22)(20,27)(24,26)
(1,17)(2,21)(5,15)(6,23)(7,27)(9,11)(12,25)(13,24)(18,19)
(1,20)(3,18)(4,24)(6,14)(8,12)(9,26)(10,27)(15,22)(16,21)
(1,16)(3,21)(4,15)(6,22)(8,27)(9,10)(12,26)(14,24)(18,20)
(1,3)(4,6)(8,9)(10,12)(14,15)(16,18)(20,21)(22,24)(26,27)
(1,7)(2,6)(5,12)(9,13)(11,18)(15,19)(17,24)(21,25)(23,27)
(1,8)(3,6)(4,12)(9,14)(10,18)(15,20)(16,24)(21,26)(22,27)
(1,14)(3,12)(4,18)(6,8)(9,20)(10,24)(15,26)(16,27)(21,22)
(2,8)(3,5)(4,11)(7,14)(10,17)(13,20)(16,23)(19,26)(22,25)
(1,25,4)(2,26,24)(3,9,23)(5,20,27)(6,19,10)(7,22,18)(8,15,17)(11,14,21)(12,13,16)
(1,17,10)(2,8,21)(3,15,5)(4,9,11)(6,23,16)(7,14,27)(12,25,22)(13,20,24)(18,19,26)
(1,10,17)(2,21,8)(3,5,15)(4,11,9)(6,16,23)(7,27,14)(12,22,25)(13,24,20)(18,26,19)
(1,7,16)(2,22,6)(3,21,25)(4,15,19)(5,26,12)(8,27,23)(9,13,10)(11,20,18)(14,24,17)
(1,26,2)(3,23,24)(4,25,27)(5,6,20)(7,9,22)(8,17,18)(10,19,21)(11,12,14)(13,15,16)
(1,19,8)(2,10,18)(3,6,13)(4,12,7)(5,16,24)(9,25,14)(11,22,27)(15,23,20)(17,26,21)
(1,2,26)(3,24,23)(4,27,25)(5,20,6)(7,22,9)(8,18,17)(10,21,19)(11,14,12)(13,16,15)
(1,26,25)(2,24,3)(4,5,27)(6,20,19)(7,18,8)(9,22,23)(10,11,21)(12,14,13)(15,16,17)
(1,25,26)(2,3,24)(4,27,5)(6,19,20)(7,8,18)(9,23,22)(10,21,11)(12,13,14)(15,17,16)
(1,11,8)(2,20,15)(3,6,17)(4,12,23)(5,14,9)(7,26,21)(10,18,25)(13,22,27)(16,24,19)
(1,8,11)(2,15,20)(3,17,6)(4,23,12)(5,9,14)(7,21,26)(10,25,18)(13,27,22)(16,19,24)
(1,11,22)(2,10,15)(3,27,13)(4,21,7)(5,16,9)(6,17,26)(8,24,19)(12,23,20)(14,18,25)
(1,20,7)(2,6,14)(3,11,18)(4,17,24)(5,12,8)(9,26,13)(10,23,27)(15,22,19)(16,25,21)
(1,7,20)(2,14,6)(3,18,11)(4,24,17)(5,8,12)(9,13,26)(10,27,23)(15,19,22)(16,21,25)
(1,3,25)(2,24,22)(4,19,6)(5,27,26)(7,18,16)(8,23,9)(10,13,12)(11,21,20)(14,17,15)
(1,25,3)(2,22,24)(4,6,19)(5,26,27)(7,16,18)(8,9,23)(10,12,13)(11,20,21)(14,15,17)
(1,16,11)(2,15,4)(3,7,21)(5,9,10)(6,22,17)(8,13,27)(12,26,23)(14,19,24)(18,20,25)
(1,11,16)(2,4,15)(3,21,7)(5,10,9)(6,17,22)(8,27,13)(12,23,26)(14,24,19)(18,25,20)
(1,22,11)(2,15,10)(3,13,27)(4,7,21)(5,9,16)(6,26,17)(8,19,24)(12,20,23)(14,25,18)
(1,7,10)(2,16,6)(3,15,19)(4,9,13)(5,22,12)(8,21,25)(11,26,18)(14,27,23)(17,20,24)
(1,10,7)(2,6,16)(3,19,15)(4,13,9)(5,12,22)(8,25,21)(11,18,26)(14,23,27)(17,24,20)
(1,25,22)(2,8,24)(3,27,5)(4,21,11)(6,19,26)(7,14,18)(9,23,16)(10,15,17)(12,13,20)
(1,22,25)(2,24,8)(3,5,27)(4,11,21)(6,26,19)(7,18,14)(9,16,23)(10,17,15)(12,20,13)
(1,11,4)(2,8,15)(3,9,5)(6,17,10)(7,14,21)(12,23,16)(13,20,27)(18,25,22)(19,26,24)
(1,26,7)(2,6,20)(3,17,24)(4,23,27)(5,12,14)(8,11,18)(9,22,13)(10,25,21)(15,16,19)
(1,7,26)(2,20,6)(3,24,17)(4,27,23)(5,14,12)(8,18,11)(9,13,22)(10,21,25)(15,19,16)
(1,8,7)(2,6,3)(4,5,12)(9,14,13)(10,11,18)(15,20,19)(16,17,24)(21,26,25)(22,23,27)
(1,7,8)(2,3,6)(4,12,5)(9,13,14)(10,18,11)(15,19,20)(16,24,17)(21,25,26)(22,27,23)
(1,8,25)(2,24,16)(3,19,6)(4,13,12)(5,27,22)(7,18,10)(9,14,23)(11,21,26)(15,20,17)
(1,25,8)(2,16,24)(3,6,19)(4,12,13)(5,22,27)(7,10,18)(9,23,14)(11,26,21)(15,17,20)
(1,10,25)(2,24,20)(3,17,15)(4,23,9)(5,27,14)(6,16,19)(7,18,26)(8,11,21)(12,22,13)
(1,25,10)(2,20,24)(3,15,17)(4,9,23)(5,14,27)(6,19,16)(7,26,18)(8,21,11)(12,13,22)
(1,26,11)(2,15,16)(3,19,24)(4,13,27)(5,9,22)(6,20,17)(7,21,10)(8,25,18)(12,14,23)
(1,11,26)(2,16,15)(3,24,19)(4,27,13)(5,22,9)(6,17,20)(7,10,21)(8,18,25)(12,23,14)
(1,10,11)(2,15,3)(4,5,9)(6,16,17)(7,21,8)(12,22,23)(13,27,14)(18,26,25)(19,24,20)
(1,11,10)(2,3,15)(4,9,5)(6,17,16)(7,8,21)(12,23,22)(13,14,27)(18,25,26)(19,20,24)
(1,4,11)(2,15,8)(3,5,9)(6,10,17)(7,21,14)(12,16,23)(13,27,20)(18,22,25)(19,24,26)
(1,7,4)(2,10,6)(3,9,13)(5,16,12)(8,15,19)(11,22,18)(14,21,25)(17,26,24)(20,27,23)
(1,4,7)(2,6,10)(3,13,9)(5,12,16)(8,19,15)(11,18,22)(14,25,21)(17,24,26)(20,23,27)
(1,16,7)(2,6,22)(3,25,21)(4,19,15)(5,12,26)(8,23,27)(9,10,13)(11,18,20)(14,17,24)
(1,4,25)(2,24,26)(3,23,9)(5,27,20)(6,10,19)(7,18,22)(8,17,15)(11,21,14)(12,16,13)
(1,11,14)(2,26,15)(3,12,23)(4,18,25)(5,20,9)(6,17,8)(7,22,21)(10,24,19)(13,16,27)
(1,14,11)(2,15,26)(3,23,12)(4,25,18)(5,9,20)(6,8,17)(7,21,22)(10,19,24)(13,27,16)
(1,14,7)(2,6,8)(3,5,12)(4,11,18)(9,20,13)(10,17,24)(15,26,19)(16,23,27)(21,22,25)
(1,25,14)(2,10,24)(3,12,13)(4,18,7)(5,16,27)(6,19,8)(9,23,20)(11,22,21)(15,17,26)
(1,14,25)(2,24,10)(3,13,12)(4,7,18)(5,27,16)(6,8,19)(9,20,23)(11,21,22)(15,26,17)
(1,8,23)(2,27,22)(3,25,6)(4,19,12)(5,21,26)(7,24,16)(9,14,17)(10,13,18)(11,15,20)
(1,23,8)(2,22,27)(3,6,25)(4,12,19)(5,26,21)(7,16,24)(9,17,14)(10,18,13)(11,20,15)
(1,7,3)(2,4,6)(5,10,12)(8,9,13)(11,16,18)(14,15,19)(17,22,24)(20,21,25)(23,26,27)
(1,8,19)(2,18,10)(3,13,6)(4,7,12)(5,24,16)(9,14,25)(11,27,22)(15,20,23)(17,21,26)
(1,3,11)(2,15,14)(4,17,6)(5,9,8)(7,21,20)(10,23,12)(13,27,26)(16,25,18)(19,24,22)
(1,10,23)(2,27,14)(3,11,15)(4,17,9)(5,21,8)(6,16,25)(7,24,20)(12,22,19)(13,18,26)
(1,23,10)(2,14,27)(3,15,11)(4,9,17)(5,8,21)(6,25,16)(7,20,24)(12,19,22)(13,26,18)
(1,26,23)(2,27,4)(3,7,24)(5,21,10)(6,20,25)(8,13,18)(9,22,17)(11,15,16)(12,14,19)
(1,23,26)(2,4,27)(3,24,7)(5,10,21)(6,25,20)(8,18,13)(9,17,22)(11,16,15)(12,19,14)
(1,26,5)(2,9,22)(3,25,24)(4,19,27)(6,20,11)(7,15,16)(8,23,18)(10,13,21)(12,14,17)
(1,5,26)(2,22,9)(3,24,25)(4,27,19)(6,11,20)(7,16,15)(8,18,23)(10,21,13)(12,17,14)
(1,8,5)(2,9,14)(3,11,6)(4,17,12)(7,15,20)(10,23,18)(13,21,26)(16,25,24)(19,27,22)
(1,5,8)(2,14,9)(3,6,11)(4,12,17)(7,20,15)(10,18,23)(13,26,21)(16,24,25)(19,22,27)
(1,10,5)(2,9,4)(3,7,15)(6,16,11)(8,13,21)(12,22,17)(14,19,27)(18,26,23)(20,25,24)
(1,5,10)(2,4,9)(3,15,7)(6,11,16)(8,21,13)(12,17,22)(14,27,19)(18,23,26)(20,24,25)
(1,14,13)(2,12,3)(4,5,18)(6,8,7)(9,20,19)(10,11,24)(15,26,25)(16,17,27)(21,22,23)
(1,13,14)(2,3,12)(4,18,5)(6,7,8)(9,19,20)(10,24,11)(15,25,26)(16,27,17)(21,23,22)
(1,14,5)(2,9,20)(3,17,12)(4,23,18)(6,8,11)(7,15,26)(10,25,24)(13,21,22)(16,19,27)
(1,18,21)(2,17,19)(3,16,20)(4,22,14)(5,23,13)(6,24,15)(7,11,25)(8,10,26)(9,12,27)
(1,21,18)(2,19,17)(3,20,16)(4,14,22)(5,13,23)(6,15,24)(7,25,11)(8,26,10)(9,27,12)
(1,5,14)(2,20,9)(3,12,17)(4,18,23)(6,11,8)(7,26,15)(10,24,25)(13,22,21)(16,27,19)
(1,14,23)(2,27,16)(3,19,12)(4,13,18)(5,21,22)(6,8,25)(7,24,10)(9,20,17)(11,15,26)
(1,23,14)(2,16,27)(3,12,19)(4,18,13)(5,22,21)(6,25,8)(7,10,24)(9,17,20)(11,26,15)
(1,4,13)(2,12,16)(3,19,9)(5,18,22)(6,10,7)(8,25,15)(11,24,26)(14,23,21)(17,27,20)
(1,13,4)(2,16,12)(3,9,19)(5,22,18)(6,7,10)(8,15,25)(11,26,24)(14,21,23)(17,20,27)
(1,3,7)(2,6,4)(5,12,10)(8,13,9)(11,18,16)(14,19,15)(17,24,22)(20,25,21)(23,27,26)
(1,4,5)(2,9,3)(6,10,11)(7,15,8)(12,16,17)(13,21,14)(18,22,23)(19,27,20)(24,26,25)
(1,5,4)(2,3,9)(6,11,10)(7,8,15)(12,17,16)(13,14,21)(18,23,22)(19,20,27)(24,25,26)
(1,22,7)(2,6,26)(3,23,27)(4,25,21)(5,12,20)(8,17,24)(9,16,13)(10,19,15)(11,18,14)
(1,4,23)(2,27,20)(3,17,9)(5,21,14)(6,10,25)(7,24,26)(8,11,15)(12,16,19)(13,18,22)
(1,20,25)(2,24,4)(3,7,18)(5,27,10)(6,14,19)(8,13,12)(9,26,23)(11,21,16)(15,22,17)
(1,23,4)(2,20,27)(3,9,17)(5,14,21)(6,25,10)(7,26,24)(8,15,11)(12,19,16)(13,22,18)
(1,22,13)(2,12,20)(3,17,27)(4,23,21)(5,18,14)(6,26,7)(8,11,24)(9,16,19)(10,25,15)
(1,13,22)(2,20,12)(3,27,17)(4,21,23)(5,14,18)(6,7,26)(8,24,11)(9,19,16)(10,15,25)
(1,22,5)(2,9,16)(3,19,27)(4,13,21)(6,26,11)(7,15,10)(8,25,24)(12,20,17)(14,23,18)
(1,5,22)(2,16,9)(3,27,19)(4,21,13)(6,11,26)(7,10,15)(8,24,25)(12,17,20)(14,18,23)
(1,22,23)(2,27,3)(4,5,21)(6,26,25)(7,24,8)(9,16,17)(10,11,15)(12,20,19)(13,18,14)
(1,23,22)(2,3,27)(4,21,5)(6,25,26)(7,8,24)(9,17,16)(10,15,11)(12,19,20)(13,14,18)
(1,3,13)(2,12,10)(4,7,6)(5,18,16)(8,19,9)(11,24,22)(14,25,15)(17,27,26)(20,23,21)
(1,13,3)(2,10,12)(4,6,7)(5,16,18)(8,9,19)(11,22,24)(14,15,25)(17,26,27)(20,21,23)
(1,3,5)(2,9,8)(4,11,6)(7,15,14)(10,17,12)(13,21,20)(16,23,18)(19,27,26)(22,25,24)
(1,5,3)(2,8,9)(4,6,11)(7,14,15)(10,12,17)(13,20,21)(16,18,23)(19,26,27)(22,24,25)
(1,3,23)(2,27,26)(4,25,6)(5,21,20)(7,24,22)(8,17,9)(10,19,12)(11,15,14)(13,18,16)
(1,23,3)(2,26,27)(4,6,25)(5,20,21)(7,22,24)(8,9,17)(10,12,19)(11,14,15)(13,16,18)
(1,16,13)(2,12,26)(3,23,21)(4,25,15)(5,18,20)(6,22,7)(8,17,27)(9,10,19)(11,24,14)
(1,13,16)(2,26,12)(3,21,23)(4,15,25)(5,20,18)(6,7,22)(8,27,17)(9,19,10)(11,14,24)
(1,16,5)(2,9,10)(3,13,21)(4,7,15)(6,22,11)(8,19,27)(12,26,17)(14,25,24)(18,20,23)
(1,5,16)(2,10,9)(3,21,13)(4,15,7)(6,11,22)(8,27,19)(12,17,26)(14,24,25)(18,23,20)
(1,16,23)(2,27,8)(3,5,21)(4,11,15)(6,22,25)(7,24,14)(9,10,17)(12,26,19)(13,18,20)
(1,23,16)(2,8,27)(3,21,5)(4,15,11)(6,25,22)(7,14,24)(9,17,10)(12,19,26)(13,20,18)
(1,20,13)(2,12,8)(3,5,18)(4,11,24)(6,14,7)(9,26,19)(10,17,27)(15,22,25)(16,23,21)
(1,13,20)(2,8,12)(3,18,5)(4,24,11)(6,7,14)(9,19,26)(10,27,17)(15,25,22)(16,21,23)
(1,20,5)(2,9,26)(3,23,18)(4,25,24)(6,14,11)(7,15,22)(8,17,12)(10,19,27)(13,21,16)
(1,5,20)(2,26,9)(3,18,23)(4,24,25)(6,11,14)(7,22,15)(8,12,17)(10,27,19)(13,16,21)
(1,20,23)(2,27,10)(3,13,18)(4,7,24)(5,21,16)(6,14,25)(8,19,12)(9,26,17)(11,15,22)
(1,23,20)(2,10,27)(3,18,13)(4,24,7)(5,16,21)(6,25,14)(8,12,19)(9,17,26)(11,22,15)
(1,17,14)(2,22,21)(3,12,25)(4,18,19)(5,26,15)(6,23,8)(7,16,27)(9,11,20)(10,24,13)
(1,14,17)(2,21,22)(3,25,12)(4,19,18)(5,15,26)(6,8,23)(7,27,16)(9,20,11)(10,13,24)
(1,17,22)(2,4,21)(3,27,7)(5,10,15)(6,23,26)(8,24,13)(9,11,16)(12,25,20)(14,18,19)
(1,22,17)(2,21,4)(3,7,27)(5,15,10)(6,26,23)(8,13,24)(9,16,11)(12,20,25)(14,19,18)
(1,11,3)(2,14,15)(4,6,17)(5,8,9)(7,20,21)(10,12,23)(13,26,27)(16,18,25)(19,22,24)
(1,17,4)(2,14,21)(3,9,11)(5,8,15)(6,23,10)(7,20,27)(12,25,16)(13,26,24)(18,19,22)
(1,4,17)(2,21,14)(3,11,9)(5,15,8)(6,10,23)(7,27,20)(12,16,25)(13,24,26)(18,22,19)
(1,2,10)(3,15,13)(4,9,7)(5,16,6)(8,21,19)(11,22,12)(14,27,25)(17,26,18)(20,24,23)
(1,10,2)(3,13,15)(4,7,9)(5,6,16)(8,19,21)(11,12,22)(14,25,27)(17,18,26)(20,23,24)
(1,19,10)(2,26,18)(3,15,23)(4,9,25)(5,20,24)(6,13,16)(7,22,12)(8,21,17)(11,14,27)
(1,10,19)(2,18,26)(3,23,15)(4,25,9)(5,24,20)(6,16,13)(7,12,22)(8,17,21)(11,27,14)
(1,17,16)(2,3,21)(4,15,5)(6,23,22)(7,8,27)(9,11,10)(12,25,26)(13,14,24)(18,19,20)
(1,2,4)(3,9,7)(5,10,6)(8,15,13)(11,16,12)(14,21,19)(17,22,18)(20,27,25)(23,26,24)
(1,25,20)(2,4,24)(3,18,7)(5,10,27)(6,19,14)(8,12,13)(9,23,26)(11,16,21)(15,17,22)
(1,8,2)(3,5,6)(4,11,12)(7,9,14)(10,17,18)(13,15,20)(16,23,24)(19,21,26)(22,25,27)
(1,17,26)(2,10,21)(3,24,13)(4,27,7)(5,16,15)(6,23,20)(8,18,19)(9,11,22)(12,25,14)
(1,26,17)(2,21,10)(3,13,24)(4,7,27)(5,15,16)(6,20,23)(8,19,18)(9,22,11)(12,14,25)
(1,16,19)(2,18,20)(3,17,21)(4,23,15)(5,24,14)(6,22,13)(7,12,26)(8,11,27)(9,10,25)
(1,26,19)(2,18,8)(3,5,24)(4,11,27)(6,20,13)(7,12,14)(9,22,25)(10,17,21)(15,16,23)
(1,19,4)(2,22,18)(3,9,25)(5,26,24)(6,13,10)(7,16,12)(8,15,23)(11,20,27)(14,21,17)
(1,7,22)(2,26,6)(3,27,23)(4,21,25)(5,20,12)(8,24,17)(9,13,16)(10,15,19)(11,14,18)
(1,4,19)(2,18,22)(3,25,9)(5,24,26)(6,10,13)(7,12,16)(8,23,15)(11,27,20)(14,17,21)
(1,19,14)(2,4,18)(3,12,7)(5,10,24)(6,13,8)(9,25,20)(11,16,27)(15,23,26)(17,22,21)
(1,14,19)(2,18,4)(3,7,12)(5,24,10)(6,8,13)(9,20,25)(11,27,16)(15,26,23)(17,21,22)
(1,19,22)(2,14,18)(3,27,11)(4,21,17)(5,8,24)(6,13,26)(7,20,12)(9,25,16)(10,15,23)
(1,22,19)(2,18,14)(3,11,27)(4,17,21)(5,24,8)(6,26,13)(7,12,20)(9,16,25)(10,23,15)
(1,2,22)(3,27,25)(4,21,19)(5,26,6)(7,16,9)(8,24,23)(10,15,13)(11,20,12)(14,18,17)
(1,20,11)(2,15,22)(3,25,18)(4,19,24)(5,9,26)(6,14,17)(7,21,16)(8,23,12)(10,13,27)
(1,22,2)(3,25,27)(4,19,21)(5,6,26)(7,9,16)(8,23,24)(10,13,15)(11,12,20)(14,17,18)
(1,10,13)(2,12,22)(3,25,15)(4,19,9)(5,18,26)(6,16,7)(8,23,21)(11,24,20)(14,17,27)
(1,4,2)(3,7,9)(5,6,10)(8,13,15)(11,12,16)(14,19,21)(17,18,22)(20,25,27)(23,24,26)
(1,2,14)(3,12,11)(4,18,17)(5,8,6)(7,20,9)(10,24,23)(13,26,15)(16,27,25)(19,22,21)
(1,14,2)(3,11,12)(4,17,18)(5,6,8)(7,9,20)(10,23,24)(13,15,26)(16,25,27)(19,21,22)
(1,13,10)(2,22,12)(3,15,25)(4,9,19)(5,26,18)(6,7,16)(8,21,23)(11,20,24)(14,27,17)
(1,26,13)(2,12,14)(3,11,24)(4,17,27)(5,18,8)(6,20,7)(9,22,19)(10,23,21)(15,16,25)
(1,13,26)(2,14,12)(3,24,11)(4,27,17)(5,8,18)(6,7,20)(9,19,22)(10,21,23)(15,25,16)
(1,8,13)(2,12,4)(3,7,6)(5,18,10)(9,14,19)(11,24,16)(15,20,25)(17,27,22)(21,26,23)
(1,13,8)(2,4,12)(3,6,7)(5,10,18)(9,19,14)(11,16,24)(15,25,20)(17,22,27)(21,23,26)
(1,2,3)(4,6,5)(7,8,9)(10,12,11)(13,14,15)(16,18,17)(19,20,21)(22,24,23)(25,26,27)
(1,3,2)(4,5,6)(7,9,8)(10,11,12)(13,15,14)(16,17,18)(19,21,20)(22,23,24)(25,27,26)
(1,19,3)(2,16,18)(4,6,13)(5,22,24)(7,10,12)(8,9,25)(11,26,27)(14,15,23)(17,20,21)
(1,3,19)(2,18,16)(4,13,6)(5,24,22)(7,12,10)(8,25,9)(11,27,26)(14,23,15)(17,21,20)
(1,17,3)(2,20,21)(4,6,23)(5,14,15)(7,26,27)(8,9,11)(10,12,25)(13,22,24)(16,18,19)
(1,3,17)(2,21,20)(4,23,6)(5,15,14)(7,27,26)(8,11,9)(10,25,12)(13,24,22)(16,19,18)
(1,2,20)(3,18,17)(4,24,23)(5,14,6)(7,26,9)(8,12,11)(10,27,25)(13,22,15)(16,21,19)
(1,20,2)(3,17,18)(4,23,24)(5,6,14)(7,9,26)(8,11,12)(10,25,27)(13,15,22)(16,19,21)
(1,19,20)(2,3,18)(4,24,5)(6,13,14)(7,8,12)(9,25,26)(10,27,11)(15,23,22)(16,21,17)
(1,20,19)(2,18,3)(4,5,24)(6,14,13)(7,12,8)(9,26,25)(10,11,27)(15,22,23)(16,17,21)
(1,17,20)(2,16,21)(3,18,19)(4,24,13)(5,22,15)(6,23,14)(7,10,27)(8,12,25)(9,11,26)
(1,20,17)(2,21,16)(3,19,18)(4,13,24)(5,15,22)(6,14,23)(7,27,10)(8,25,12)(9,26,11)
(1,2,16)(3,21,19)(4,15,13)(5,22,6)(7,10,9)(8,27,25)(11,26,12)(14,24,23)(17,20,18)
(1,16,2)(3,19,21)(4,13,15)(5,6,22)(7,9,10)(8,25,27)(11,12,26)(14,23,24)(17,18,20)
(1,11,20)(2,22,15)(3,18,25)(4,24,19)(5,26,9)(6,17,14)(7,16,21)(8,12,23)(10,27,13)
(1,25,16)(2,14,24)(3,21,11)(4,15,17)(5,8,27)(6,19,22)(7,20,18)(9,23,10)(12,13,26)
(1,16,25)(2,24,14)(3,11,21)(4,17,15)(5,27,8)(6,22,19)(7,18,20)(9,10,23)(12,26,13)
(1,19,16)(2,20,18)(3,21,17)(4,15,23)(5,14,24)(6,13,22)(7,26,12)(8,27,11)(9,25,10)
(1,19,26)(2,8,18)(3,24,5)(4,27,11)(6,13,20)(7,14,12)(9,25,22)(10,21,17)(15,23,16)
(1,16,17)(2,21,3)(4,5,15)(6,22,23)(7,27,8)(9,10,11)(12,26,25)(13,24,14)(18,20,19)
(1,17,8)(2,26,21)(3,6,23)(4,12,25)(5,20,15)(7,22,27)(9,11,14)(10,18,19)(13,16,24)
(1,8,17)(2,21,26)(3,23,6)(4,25,12)(5,15,20)(7,27,22)(9,14,11)(10,19,18)(13,24,16)
(1,2,8)(3,6,5)(4,12,11)(7,14,9)(10,18,17)(13,20,15)(16,24,23)(19,26,21)(22,27,25)
(1,7,14)(2,8,6)(3,12,5)(4,18,11)(9,13,20)(10,24,17)(15,19,26)(16,27,23)(21,25,22)
(1,18,21)(2,19,17)(5,13,23)(6,24,15)(7,25,11)(9,12,27)
(2,17,19)(3,20,16)(4,14,22)(5,23,13)(7,11,25)(8,26,10)
(2,19,17)(3,16,20)(4,22,14)(5,13,23)(7,25,11)(8,10,26)
(1,21,18)(3,16,20)(4,22,14)(6,15,24)(8,10,26)(9,27,12)
(1,21,18)(2,17,19)(5,23,13)(6,15,24)(7,11,25)(9,27,12)
(1,18,21)(3,20,16)(4,14,22)(6,24,15)(8,26,10)(9,12,27)
(1,11,20,18,7,3)(2,8,6,5,14,12)(4,9,17,26,24,13)(10,15,23,22,27,19)(16,21,25)
(1,26,13,24,4,11)(2,12,16)(3,17,9,20,19,27)(5,6,22,7,18,10)(8,23,15,14,25,21)
(1,10,19,18,8,2)(3,7,6,4,13,12)(5,9,16,25,24,14)(11,15,22,23,27,20)(17,21,26)
(1,8,17,21,10,2)(3,11,15,4,5,9)(6,14,23,27,16,7)(12,20,25,24,22,13)(18,26,19)
(1,2,10,21,17,8)(3,9,5,4,15,11)(6,7,16,27,23,14)(12,13,22,24,25,20)(18,19,26)
(1,26,19,21,8,17)(2,18,10)(3,11,6,22,13,27)(4,5,12,16,7,24)(9,20,25,15,14,23)
(1,17,8,21,19,26)(2,10,18)(3,27,13,22,6,11)(4,24,7,16,12,5)(9,23,14,15,25,20)
(1,3,7,18,20,11)(2,12,14,5,6,8)(4,13,24,26,17,9)(10,19,27,22,23,15)(16,25,21)
(1,10,23,15,22,11)(2,12,3,19,27,20)(4,25,21,26,5,6)(7,18,8,13,24,14)(9,16,17)
(1,8,5,6,14,11)(2,12,20,17,9,3)(4,7,18,26,23,15)(10,13,24,22,25,21)(16,19,27)
(1,10,13,6,4,7)(2,9,16,19,12,3)(5,15,22,25,18,8)(11,21,26,23,24,14)(17,27,20)
(1,2,8,18,19,10)(3,12,13,4,6,7)(5,14,24,25,16,9)(11,20,27,23,22,15)(17,26,21)
(1,8,23,24,22,7)(2,9,3,17,27,16)(4,11,21,10,5,15)(6,14,25,18,26,13)(12,20,19)
(1,7,22,24,23,8)(2,16,27,17,3,9)(4,15,5,10,21,11)(6,13,26,18,25,14)(12,19,20)
(1,19,8)(2,26,18,17,10,21)(3,9,13,14,6,25)(4,15,7,20,12,23)(5,22,24,11,16,27)
(1,8,19)(2,21,10,17,18,26)(3,25,6,14,13,9)(4,23,12,20,7,15)(5,27,16,11,24,22)
(1,17,10)(2,26,21,19,8,18)(3,12,5,22,15,25)(4,6,11,16,9,23)(7,20,27,13,14,24)
(1,10,17)(2,18,8,19,21,26)(3,25,15,22,5,12)(4,23,9,16,11,6)(7,24,14,13,27,20)
(1,16,25,18,3,7)(2,9,22,23,24,8)(4,13,6,10,19,12)(5,15,26,17,27,14)(11,21,20)
(1,7,3,18,25,16)(2,8,24,23,22,9)(4,12,19,10,6,13)(5,14,27,17,26,15)(11,20,21)
(1,16,7,21,20,25)(2,27,14,23,6,10)(3,11,18)(4,5,24,8,17,12)(9,22,13,15,26,19)
(1,25,20,21,7,16)(2,10,6,23,14,27)(3,18,11)(4,12,17,8,24,5)(9,19,26,15,13,22)
(1,11,16)(2,26,15,23,4,12)(3,18,7,20,21,25)(5,22,9,17,10,6)(8,24,13,14,27,19)
(1,16,11)(2,12,4,23,15,26)(3,25,21,20,7,18)(5,6,10,17,9,22)(8,19,27,14,13,24)
(1,7,4,6,13,10)(2,3,12,19,16,9)(5,8,18,25,22,15)(11,14,24,23,26,21)(17,20,27)
(1,16,13,9,22,19)(2,21,20,23,12,4)(3,5,27,14,17,18)(6,10,7,15,26,25)(8,11,24)
(1,19,22,9,13,16)(2,4,12,23,20,21)(3,18,17,14,27,5)(6,25,26,15,7,10)(8,24,11)
(1,16,5,12,4,17)(2,18,3,23,9,22)(6,10,11)(7,24,8,25,15,26)(13,27,14,19,21,20)
(1,17,4,12,5,16)(2,22,9,23,3,18)(6,11,10)(7,26,15,25,8,24)(13,20,21,19,14,27)
(1,26,23,6,22,25)(2,27,3)(4,7,21,8,5,24)(9,20,17,12,16,19)(10,13,15,14,11,18)
(1,25,22,6,23,26)(2,3,27)(4,24,5,8,21,7)(9,19,16,12,17,20)(10,18,11,14,15,13)
(1,7,20)(2,26,6,13,14,9)(3,21,11,16,18,25)(4,27,17,10,24,23)(5,22,12,19,8,15)
(1,20,7)(2,9,14,13,6,26)(3,25,18,16,11,21)(4,23,24,10,17,27)(5,15,8,19,12,22)
(1,20,11,18,16,25)(2,27,4,13,15,8)(3,7,21)(5,24,10,19,9,14)(6,26,17,12,22,23)
(1,25,16,18,11,20)(2,8,15,13,4,27)(3,21,7)(5,14,9,19,10,24)(6,23,22,12,17,26)
(1,20,25,21,3,11)(2,12,22,13,24,10)(4,5,6,26,19,27)(7,18,16)(8,17,9,14,23,15)
(1,11,3,21,25,20)(2,10,24,13,22,12)(4,27,19,26,6,5)(7,16,18)(8,15,23,14,9,17)
(1,20,5,27,4,19)(2,21,3,13,9,14)(6,26,11,24,10,25)(7,15,8)(12,22,17,18,16,23)
(1,19,4,27,5,20)(2,14,9,13,3,21)(6,25,10,24,11,26)(7,8,15)(12,23,16,18,17,22)
(1,20,23,9,14,17)(2,18,16,13,27,4)(3,5,12,22,19,21)(6,26,25,15,8,11)(7,24,10)
(1,17,14,9,23,20)(2,4,27,13,16,18)(3,21,19,22,12,5)(6,11,8,15,25,26)(7,10,24)
(1,20,13,12,22,2)(3,23,27,4,17,21)(5,9,14,19,18,16)(6,26,7)(8,25,24,10,11,15)
(1,2,22,12,13,20)(3,21,17,4,27,23)(5,16,18,19,14,9)(6,7,26)(8,15,11,10,24,25)
(1,3,11,21,16,7)(2,9,4,5,15,10)(6,8,17,27,22,13)(12,14,23,24,26,19)(18,20,25)
(1,7,16,21,11,3)(2,10,15,5,4,9)(6,13,22,27,17,8)(12,19,26,24,23,14)(18,25,20)
(1,25,3)(2,26,24,5,22,27)(4,9,19,8,6,23)(7,20,18,11,16,21)(10,15,13,14,12,17)
(1,3,25)(2,27,22,5,24,26)(4,23,6,8,19,9)(7,21,16,11,18,20)(10,17,12,14,13,15)
(1,11,4,24,13,26)(2,16,12)(3,27,19,20,9,17)(5,10,18,7,22,6)(8,21,25,14,15,23)
(1,10,18,26,21,8)(2,19,17)(3,6,16,24,20,15)(4,12,22,27,14,9)(5,13,23)(7,25,11)
(1,11,14,6,5,8)(2,3,9,17,20,12)(4,15,23,26,18,7)(10,21,25,22,24,13)(16,27,19)
(1,8,21,26,18,10)(2,17,19)(3,15,20,24,16,6)(4,9,14,27,22,12)(5,23,13)(7,11,25)
(1,19,10,18,17,26)(2,8,21)(3,27,5,14,15,7)(4,24,11,20,9,13)(6,25,16,12,23,22)
(1,17,18,19,21,2)(3,20,16)(4,14,22)(5,6,23,24,13,15)(7,9,11,12,25,27)(8,26,10)
(1,2,21,19,18,17)(3,16,20)(4,22,14)(5,15,13,24,23,6)(7,27,25,12,11,9)(8,10,26)
(1,26,5,15,14,7)(2,9,20)(3,19,12,16,17,27)(4,25,18,10,23,24)(6,22,11,21,8,13)
(1,7,14,15,5,26)(2,20,9)(3,27,17,16,12,19)(4,24,23,10,18,25)(6,13,8,21,11,22)
(1,3,23,12,14,19)(2,21,16,5,27,22)(4,17,18,20,13,9)(6,8,25)(7,15,10,11,24,26)
(1,19,14,12,23,3)(2,22,27,5,16,21)(4,9,13,20,18,17)(6,25,8)(7,26,24,11,10,15)
(1,3,13,27,22,17)(2,18,20,5,12,14)(4,19,21,16,23,9)(6,8,7,24,26,11)(10,25,15)
(1,17,22,27,13,3)(2,14,12,5,20,18)(4,9,23,16,21,19)(6,11,26,24,7,8)(10,15,25)
(1,3,5,9,4,2)(6,8,11,15,10,7)(12,14,17,21,16,13)(18,20,23,27,22,19)(24,26,25)
(1,2,4,9,5,3)(6,7,10,15,11,8)(12,13,16,21,17,14)(18,19,22,27,23,20)(24,25,26)
(1,13,16,9,7,10)(2,4,6,19,22,15)(3,12,25,26,21,5)(8,18,23,20,27,11)(14,24,17)
(1,10,7,9,16,13)(2,15,22,19,6,4)(3,5,21,26,25,12)(8,11,27,20,23,18)(14,17,24)
(1,13,3,27,11,26)(2,14,15)(4,24,17,22,6,19)(5,20,9,7,8,21)(10,18,23,16,12,25)
(1,26,11,27,3,13)(2,15,14)(4,19,6,22,17,24)(5,21,8,7,9,20)(10,25,12,16,23,18)
(1,13,20,12,25,8)(2,22,24,17,4,15)(3,9,7,26,18,23)(5,16,27,11,10,21)(6,19,14)
(1,8,25,12,20,13)(2,15,4,17,24,22)(3,23,18,26,7,9)(5,21,10,11,27,16)(6,14,19)
(1,5,3,9,11,8)(2,4,15,17,14,6)(7,10,21,23,20,12)(13,16,27,25,26,18)(19,22,24)
(1,16,23,27,14,2)(3,13,12,4,19,18)(5,9,22,17,21,20)(6,10,25,24,8,7)(11,15,26)
(1,2,14,27,23,16)(3,18,19,4,12,13)(5,20,21,17,22,9)(6,7,8,24,25,10)(11,26,15)
(1,10,25,27,20,5)(2,6,4,19,24,14)(3,13,18,8,7,12)(9,16,23,21,26,11)(15,22,17)
(1,5,16,12,7,26)(2,22,6)(3,27,25,8,21,23)(4,24,19,14,15,17)(9,11,10,18,13,20)
(1,26,7,12,16,5)(2,6,22)(3,23,21,8,25,27)(4,17,15,14,19,24)(9,20,13,18,10,11)
(1,20,18,3,21,16)(2,19,17)(4,15,22,6,14,24)(5,13,23)(7,25,11)(8,27,10,9,26,12)
(1,16,21,3,18,20)(2,17,19)(4,24,14,6,22,15)(5,23,13)(7,11,25)(8,12,26,9,10,27)
(1,3,21,20,18,16)(2,17,19)(4,15,14,24,22,6)(5,23,13)(7,11,25)(8,27,26,12,10,9)
(1,16,18,20,21,3)(2,19,17)(4,6,22,24,14,15)(5,13,23)(7,25,11)(8,9,10,12,26,27)
(1,3,18,16,21,20)(2,19,17)(4,24,22,15,14,6)(5,13,23)(7,25,11)(8,12,10,27,26,9)
(1,20,21,16,18,3)(2,17,19)(4,6,14,15,22,24)(5,23,13)(7,11,25)(8,9,26,27,10,12)
(1,14,18,4,21,22)(2,19,17)(3,27,16,9,20,12)(5,13,23)(6,8,24,10,15,26)(7,25,11)
(1,22,21,4,18,14)(2,17,19)(3,12,20,9,16,27)(5,23,13)(6,26,15,10,24,8)(7,11,25)
(1,4,21,14,18,22)(2,17,19)(3,27,20,12,16,9)(5,23,13)(6,10,15,8,24,26)(7,11,25)
(1,22,18,14,21,4)(2,19,17)(3,9,16,12,20,27)(5,13,23)(6,26,24,8,15,10)(7,25,11)
(1,4,18,22,21,14)(2,19,17)(3,12,16,27,20,9)(5,13,23)(6,10,24,26,15,8)(7,25,11)
(1,7,21,25,18,11)(2,15,19,24,17,6)(3,16,20)(4,22,14)(5,9,13,27,23,12)(8,10,26)
(1,11,18,25,21,7)(2,6,17,24,19,15)(3,20,16)(4,14,22)(5,12,23,27,13,9)(8,26,10)
(1,7,18,11,21,25)(2,24,17,15,19,6)(3,20,16)(4,14,22)(5,27,23,9,13,12)(8,26,10)
(1,25,21,11,18,7)(2,6,19,15,17,24)(3,16,20)(4,22,14)(5,12,13,9,23,27)(8,10,26)
(1,18,21)(2,3,19,20,17,16)(4,13,14,23,22,5)(6,24,15)(7,8,25,26,11,10)(9,12,27)
(1,21,18)(2,16,17,20,19,3)(4,5,22,23,14,13)(6,15,24)(7,10,11,26,25,8)(9,27,12)
(1,18,21)(2,16,19,3,17,20)(4,23,14,5,22,13)(6,24,15)(7,10,25,8,11,26)(9,12,27)
(1,21,18)(2,20,17,3,19,16)(4,13,22,5,14,23)(6,15,24)(7,26,11,8,25,10)(9,27,12)
(1,23,20,9,25,26)(2,4,24)(3,27,7,10,18,5)(6,17,14,15,19,22)(8,21,13,16,12,11)
(1,18,21)(2,26,19,10,17,8)(3,5,20,13,16,23)(4,11,14,7,22,25)(6,24,15)(9,12,27)
(1,21,18)(2,8,17,10,19,26)(3,23,16,13,20,5)(4,25,22,7,14,11)(6,15,24)(9,27,12)
(1,8,7,27,16,23)(2,24,22,17,6,14)(3,13,21,10,25,9)(4,19,15)(5,18,26,11,12,20)
(1,23,3,12,11,10)(2,22,15,19,14,24)(4,6,17)(5,16,9,25,8,18)(7,26,21,13,20,27)
(1,10,11,12,3,23)(2,24,14,19,15,22)(4,17,6)(5,18,8,25,9,16)(7,27,20,13,21,26)
(1,26,17,18,10,19)(2,21,8)(3,7,15,14,5,27)(4,13,9,20,11,24)(6,22,23,12,16,25)
(1,19,18,2,21,17)(3,20,16)(4,14,22)(5,15,23,6,13,24)(7,27,11,9,25,12)(8,26,10)
(1,17,21,2,18,19)(3,16,20)(4,22,14)(5,24,13,6,23,15)(7,12,25,9,11,27)(8,10,26)
(1,8,2,18,26,17)(3,7,24,22,23,9)(4,13,27,16,25,15)(5,12,20,11,6,14)(10,19,21)
(1,18,21)(2,8,19,26,17,10)(3,13,20,23,16,5)(4,7,14,25,22,11)(6,24,15)(9,12,27)
(1,21,18)(2,10,17,26,19,8)(3,5,16,23,20,13)(4,11,22,25,14,7)(6,15,24)(9,27,12)
(1,17,26,18,2,8)(3,9,23,22,24,7)(4,15,25,16,27,13)(5,14,6,11,20,12)(10,21,19)
(1,14,7,15,3,19)(2,21,4,25,6,20)(5,27,10,23,12,26)(8,13,9)(11,24,16,17,18,22)
(1,19,3,15,7,14)(2,20,6,25,4,21)(5,26,12,23,10,27)(8,9,13)(11,22,18,17,16,24)
(1,14,11,6,20,17)(2,18,22,25,15,3)(4,7,24,16,19,21)(5,12,26,23,9,8)(10,13,27)
(1,8,11,9,3,5)(2,6,14,17,15,4)(7,12,20,23,21,10)(13,18,26,25,27,16)(19,24,22)
(1,5,20,27,25,10)(2,14,24,19,4,6)(3,12,7,8,18,13)(9,11,26,21,23,16)(15,17,22)
(1,13,21,23,18,5)(2,9,19,27,17,12)(3,16,20)(4,22,14)(6,7,15,25,24,11)(8,10,26)
(1,2,16,24,25,14)(3,15,11,4,21,17)(5,10,27,23,8,9)(6,7,22,18,19,20)(12,13,26)
(1,14,5,18,22,23)(2,24,16,25,9,8)(3,7,27,10,19,15)(4,13,21)(6,20,11,12,26,17)
(1,23,22,18,5,14)(2,8,9,25,16,24)(3,15,19,10,27,7)(4,21,13)(6,17,26,12,11,20)
(1,14,23,21,4,5)(2,6,20,25,27,10)(3,11,9,8,17,15)(7,12,26,19,24,16)(13,18,22)
(1,5,4,21,23,14)(2,10,27,25,20,6)(3,15,17,8,9,11)(7,16,24,19,26,12)(13,22,18)
(1,13,14)(2,26,12,25,3,15)(4,21,5,22,18,23)(6,19,8,9,7,20)(10,27,11,16,24,17)
(1,14,13)(2,15,3,25,12,26)(4,23,18,22,5,21)(6,20,7,9,8,19)(10,17,24,16,11,27)
(1,4,11,24,20,19)(2,21,22,7,15,16)(3,17,18,14,25,6)(5,27,26,13,9,10)(8,23,12)
(1,19,20,24,11,4)(2,16,15,7,22,21)(3,6,25,14,18,17)(5,10,9,13,26,27)(8,12,23)
(1,4,25,15,16,17)(2,18,14,7,24,20)(3,19,21,22,11,6)(5,12,8,13,27,26)(9,10,23)
(1,17,16,15,25,4)(2,20,24,7,14,18)(3,6,11,22,21,19)(5,26,27,13,8,12)(9,23,10)
(1,4,7,6,3,2)(5,9,10,13,12,8)(11,15,16,19,18,14)(17,21,22,25,24,20)(23,27,26)
(1,2,3,6,7,4)(5,8,12,13,10,9)(11,14,18,19,16,15)(17,20,24,25,22,21)(23,26,27)
(1,10,21,8,18,26)(2,17,19)(3,24,20,6,16,15)(4,27,14,12,22,9)(5,23,13)(7,11,25)
(1,13,8,15,2,20)(3,21,5,26,6,19)(4,27,11,22,12,25)(7,14,9)(10,24,17,16,18,23)
(1,20,2,15,8,13)(3,19,6,26,5,21)(4,25,12,22,11,27)(7,9,14)(10,23,18,16,17,24)
(1,13,26,24,17,3)(2,16,21,5,10,15)(4,9,7,22,27,11)(6,19,20,18,23,8)(12,25,14)
(1,3,17,24,26,13)(2,15,10,5,21,16)(4,11,27,22,7,9)(6,8,23,18,20,19)(12,14,25)
(1,13,10,6,19,16)(2,3,18,23,26,15)(4,12,25,22,9,7)(5,8,24,17,20,21)(11,14,27)
(1,16,19,6,10,13)(2,15,26,23,18,3)(4,7,9,22,25,12)(5,21,20,17,24,8)(11,27,14)
(1,5,26,15,17,16)(2,20,21,23,10,6)(3,18,13,8,24,19)(4,12,7,14,27,25)(9,11,22)
(1,16,17,15,26,5)(2,6,10,23,21,20)(3,19,24,8,13,18)(4,25,27,14,7,12)(9,22,11)
(1,26,25,9,20,23)(2,24,4)(3,5,18,10,7,27)(6,22,19,15,14,17)(8,11,12,16,13,21)
(1,23,16,27,7,8)(2,14,6,17,22,24)(3,9,25,10,21,13)(4,15,19)(5,20,12,11,26,18)
(1,5,8,6,2,3)(4,9,11,14,12,7)(10,15,17,20,18,13)(16,21,23,26,24,19)(22,27,25)
(1,3,2,6,8,5)(4,7,12,14,11,9)(10,13,18,20,17,15)(16,19,24,26,23,21)(22,25,27)
(1,23,10,15,19,3)(2,20,18,5,26,24)(4,9,25)(6,17,16,21,13,8)(7,14,12,11,22,27)
(1,3,19,15,10,23)(2,24,26,5,18,20)(4,25,9)(6,8,13,21,16,17)(7,27,22,11,12,14)
(1,23,8,24,2,16)(3,18,5,10,6,17)(4,12,11)(7,22,9,25,14,27)(13,26,15,19,20,21)
(1,16,2,24,8,23)(3,17,6,10,5,18)(4,11,12)(7,27,14,25,9,22)(13,21,20,19,15,26)
(1,23,26,6,17,20)(2,3,21,13,10,24)(4,27,7)(5,8,15,19,16,18)(9,25,22,12,11,14)
(1,20,17,6,26,23)(2,24,10,13,21,3)(4,7,27)(5,18,16,19,15,8)(9,14,11,12,22,25)
(1,14,17,9,8,11)(2,12,26,25,21,4)(3,5,6,20,23,15)(7,18,22,19,27,10)(13,24,16)
(1,11,8,9,17,14)(2,4,21,25,26,12)(3,15,23,20,6,5)(7,10,27,19,22,18)(13,16,24)
(1,14,19,12,26,7)(2,9,8,25,18,22)(3,23,24,16,5,15)(4,17,27,10,11,21)(6,20,13)
(1,7,26,12,19,14)(2,22,18,25,8,9)(3,15,5,16,24,23)(4,21,11,10,27,17)(6,13,20)
(1,14,2,27,10,25)(3,13,15)(4,19,9,8,7,21)(5,24,16,23,6,20)(11,18,22,17,12,26)
(1,17,20,6,11,14)(2,3,15,25,22,18)(4,21,19,16,24,7)(5,8,9,23,26,12)(10,27,13)
(1,14,25,24,16,2)(3,17,21,4,11,15)(5,9,8,23,27,10)(6,20,19,18,22,7)(12,26,13)
(1,21,18)(2,4,17,22,19,14)(3,11,16,25,20,7)(5,10,23,26,13,8)(6,15,24)(9,27,12)
(1,18,21)(2,14,19,22,17,4)(3,7,20,25,16,11)(5,8,13,26,23,10)(6,24,15)(9,12,27)
(1,18,21)(2,4,19,14,17,22)(3,25,20,11,16,7)(5,10,13,8,23,26)(6,24,15)(9,12,27)
(1,13,18,5,21,23)(2,27,17,9,19,12)(3,20,16)(4,14,22)(6,7,24,11,15,25)(8,26,10)
(1,22,5)(2,6,16,11,9,26)(3,25,27,8,19,24)(4,23,21,14,13,18)(7,12,10,17,15,20)
(1,22,23,18,4,13)(2,15,20,11,27,8)(3,7,9,26,17,24)(5,21,14)(6,16,25,12,10,19)
(1,5,21,13,18,23)(2,27,19,12,17,9)(3,16,20)(4,22,14)(6,11,15,7,24,25)(8,10,26)
(1,14,21,22,18,4)(2,17,19)(3,9,20,27,16,12)(5,23,13)(6,8,15,26,24,10)(7,11,25)
(1,21,18)(2,26,17,8,19,10)(3,13,16,5,20,23)(4,7,22,11,14,25)(6,15,24)(9,27,12)
(1,10,2,21,26,19)(3,11,24,14,23,12)(4,5,27,20,25,6)(7,15,22,13,9,16)(8,17,18)
(1,19,26,21,2,10)(3,12,23,14,24,11)(4,6,25,20,27,5)(7,16,9,13,22,15)(8,18,17)
(1,23,4)(2,26,27,7,20,24)(3,6,17,10,9,25)(5,22,21,13,14,18)(8,12,11,16,15,19)
(1,4,23)(2,24,20,7,27,26)(3,25,9,10,17,6)(5,18,14,13,21,22)(8,19,15,16,11,12)
(1,4,13,18,14,5)(2,6,3,7,12,8)(9,10,19,24,20,11)(15,16,25,27,26,17)(21,22,23)
(1,8,18,10,21,26)(2,19,17)(3,24,16,15,20,6)(4,27,22,9,14,12)(5,13,23)(7,25,11)
(1,26,21,10,18,8)(2,17,19)(3,6,20,15,16,24)(4,12,14,9,22,27)(5,23,13)(7,11,25)
(1,25,18,7,21,11)(2,15,17,6,19,24)(3,20,16)(4,14,22)(5,9,23,12,13,27)(8,26,10)
(1,11,21,7,18,25)(2,24,19,6,17,15)(3,16,20)(4,22,14)(5,27,13,12,23,9)(8,10,26)
(1,18,21)(2,20,19,16,17,3)(4,5,14,13,22,23)(6,24,15)(7,26,25,10,11,8)(9,12,27)
(1,21,18)(2,3,17,16,19,20)(4,23,22,13,14,5)(6,15,24)(7,8,11,10,25,26)(9,27,12)
(1,5,14,18,13,4)(2,8,12,7,3,6)(9,11,20,24,19,10)(15,17,26,27,25,16)(21,23,22)
(1,4,2,9,10,7)(3,5,15,16,13,6)(8,11,21,22,19,12)(14,17,27,26,25,18)(20,23,24)
(1,7,10,9,2,4)(3,6,13,16,15,5)(8,12,19,22,21,11)(14,18,25,26,27,17)(20,24,23)
(1,5,10,24,19,20)(2,16,18,13,26,6)(3,21,23,8,15,17)(4,27,25,14,9,11)(7,22,12)
(1,20,19,24,10,5)(2,6,26,13,18,16)(3,17,15,8,23,21)(4,11,9,14,25,27)(7,12,22)
(1,4,5,21,22,13)(2,15,16,7,9,10)(3,11,27,26,19,6)(8,17,24,20,25,12)(14,23,18)
(1,13,22,21,5,4)(2,10,9,7,16,15)(3,6,19,26,27,11)(8,12,25,20,24,17)(14,18,23)
(1,22,25,6,16,19)(2,21,14,11,24,3)(4,7,15,20,17,18)(5,27,8)(9,26,23,12,10,13)
(1,19,16,6,25,22)(2,3,24,11,14,21)(4,18,17,20,15,7)(5,8,27)(9,13,10,12,23,26)
(1,4,17,12,8,25)(2,27,26,7,21,22)(3,23,6)(5,24,20,13,15,16)(9,10,11,18,14,19)
(1,25,8,12,17,4)(2,22,21,7,26,27)(3,6,23)(5,16,15,13,20,24)(9,19,14,18,11,10)
(1,22,2,12,10,11)(3,23,15,20,13,24)(4,17,9,26,7,18)(5,6,16)(8,25,21,14,19,27)
(1,11,10,12,2,22)(3,24,13,20,15,23)(4,18,7,26,9,17)(5,16,6)(8,27,19,14,21,25)
(1,22,17,27,8,7)(2,9,26,11,21,14)(3,13,6,16,23,24)(4,19,12,10,25,18)(5,15,20)
(1,7,8,27,17,22)(2,14,21,11,26,9)(3,24,23,16,6,13)(4,18,25,10,12,19)(5,20,15)
(1,22,19,9,26,25)(2,27,8,11,18,4)(3,5,24)(6,16,13,15,20,23)(7,21,14,17,12,10)
(1,25,26,9,19,22)(2,4,18,11,8,27)(3,24,5)(6,23,20,15,13,16)(7,10,12,17,14,21)
(1,22,7,24,3,17)(2,18,4,11,6,16)(5,12,10)(8,23,9,26,13,27)(14,25,15,20,19,21)
(1,25,10,27,2,14)(3,15,13)(4,21,7,8,9,19)(5,20,6,23,16,24)(11,26,12,17,22,18)
(1,4,19,27,26,11)(2,12,8,7,18,14)(3,13,24,20,5,6)(9,10,25,21,22,17)(15,16,23)
(1,17,3,24,7,22)(2,16,6,11,4,18)(5,10,12)(8,27,13,26,9,23)(14,21,19,20,15,25)
(1,22,11,15,20,2)(3,19,18,4,25,24)(5,9,26)(6,16,17,21,14,7)(8,13,12,10,23,27)
(1,2,20,15,11,22)(3,24,25,4,18,19)(5,26,9)(6,7,14,21,17,16)(8,27,23,10,12,13)
(1,10,5,24,14,25)(2,27,20,19,9,16)(3,17,12)(4,11,18,8,23,6)(7,21,26,13,15,22)
(1,25,14,24,5,10)(2,16,9,19,20,27)(3,12,17)(4,6,23,8,18,11)(7,22,15,13,26,21)
(1,8,13,15,4,25)(2,27,16,17,12,20)(3,19,9)(5,24,22,11,18,26)(6,14,7,21,10,23)
(1,25,4,15,13,8)(2,20,12,17,16,27)(3,9,19)(5,26,18,11,22,24)(6,23,10,21,7,14)
(1,22,13,21,14,23)(2,24,3,11,12,10)(4,5,18)(6,16,7,27,8,17)(9,26,19,15,20,25)
(1,23,14,21,13,22)(2,10,12,11,3,24)(4,18,5)(6,17,8,27,7,16)(9,25,20,15,19,26)
(1,5,22)(2,26,9,11,16,6)(3,24,19,8,27,25)(4,18,13,14,21,23)(7,20,15,17,10,12)
(1,21,18)(2,14,17,4,19,22)(3,25,16,7,20,11)(5,8,23,10,13,26)(6,15,24)(9,27,12)
(1,18,21)(2,22,19,4,17,14)(3,11,20,7,16,25)(5,26,13,10,23,8)(6,24,15)(9,12,27)
(1,11,26,27,19,4)(2,14,18,7,8,12)(3,6,5,20,24,13)(9,17,22,21,25,10)(15,23,16)
(1,21,18)(2,22,17,14,19,4)(3,7,16,11,20,25)(5,26,23,8,13,10)(6,15,24)(9,27,12)
(1,13,4,18,23,22)(2,8,27,11,20,15)(3,24,17,26,9,7)(5,14,21)(6,19,10,12,25,16)
(1,26,18,8,21,10)(2,19,17)(3,15,16,6,20,24)(4,9,22,12,14,27)(5,13,23)(7,25,11)
(1,2,18,17,21,19)(3,20,16)(4,14,22)(5,24,23,15,13,6)(7,12,11,27,25,9)(8,26,10)
(1,23,21,5,18,13)(2,12,19,9,17,27)(3,16,20)(4,22,14)(6,25,15,11,24,7)(8,10,26)
(1,19,21,17,18,2)(3,16,20)(4,22,14)(5,6,13,15,23,24)(7,9,25,27,11,12)(8,10,26)
(1,18,21)(2,10,19,8,17,26)(3,23,20,5,16,13)(4,25,14,11,22,7)(6,24,15)(9,12,27)
(1,26,2)(3,25,24,4,23,27)(5,9,20,7,6,22)(8,19,18,10,17,21)(11,15,14,13,12,16)
(1,23,18,13,21,5)(2,9,17,12,19,27)(3,20,16)(4,14,22)(6,25,24,7,15,11)(8,26,10)
(1,2,26)(3,27,23,4,24,25)(5,22,6,7,20,9)(8,21,17,10,18,19)(11,16,12,13,14,15)
(1,11,22,15,23,10)(2,20,27,19,3,12)(4,6,5,26,21,25)(7,14,24,13,8,18)(9,17,16)
(1,5,18,23,21,13)(2,12,17,27,19,9)(3,20,16)(4,14,22)(6,11,24,25,15,7)(8,26,10)
(2,8,17,26,19,10)(3,11,20,25,16,7)(4,5,14,23,22,13)(6,9)(12,15)(18,21)(24,27)
(1,26,21,8,18,10)(2,17)(3,12,16,9,20,27)(4,6,22,15,14,24)(5,11)(7,23)(13,25)
(1,2,21,17,18,19)(3,22)(4,16)(5,27,23,12,13,9)(6,7,15,11,24,25)(8,26)(14,20)
(1,19,18,17,21,2)(3,22)(4,16)(5,9,13,12,23,27)(6,25,24,11,15,7)(8,26)(14,20)
(1,17,21,19,18,2)(3,14)(4,20)(5,9,23,27,13,12)(6,11,15,25,24,7)(10,26)(16,22)
(1,2,18,19,21,17)(3,14)(4,20)(5,12,13,27,23,9)(6,7,24,25,15,11)(10,26)(16,22)
(1,17,18,2,21,19)(3,4)(5,27,13,9,23,12)(6,11,24,7,15,25)(8,10)(14,16)(20,22)
(1,19,21,2,18,17)(3,4)(5,12,23,9,13,27)(6,25,15,7,24,11)(8,10)(14,16)(20,22)
(1,11,21,25,18,7)(2,9,17,27,19,12)(4,8)(5,15,23,24,13,6)(10,14)(16,20)(22,26)
(1,18)(2,26,19,8,17,10)(3,11,16,7,20,25)(4,5,22,13,14,23)(6,12)(9,24)(15,27)
(1,18)(2,10,17,8,19,26)(3,25,20,7,16,11)(4,23,14,13,22,5)(6,12)(9,24)(15,27)
(1,21)(2,26,17,10,19,8)(3,7,20,11,16,25)(4,13,14,5,22,23)(6,27)(9,15)(12,24)
(1,21)(2,8,19,10,17,26)(3,25,16,11,20,7)(4,23,22,5,14,13)(6,27)(9,15)(12,24)
(1,9)(2,14,19,4,17,22)(3,23,16,5,20,13)(6,15)(7,8,25,10,11,26)(12,21)(18,27)
(2,10,19,26,17,8)(3,7,16,25,20,11)(4,13,22,23,14,5)(6,9)(12,15)(18,21)(24,27)
(1,26,18,10,21,8)(2,19)(3,9,20,12,16,27)(4,15,14,6,22,24)(5,25)(7,13)(11,23)
(1,8,18,26,21,10)(3,12,20,27,16,9)(4,6,14,24,22,15)(5,7)(11,13)(17,19)(23,25)
(1,10,21,26,18,8)(3,9,16,27,20,12)(4,15,22,24,14,6)(5,7)(11,13)(17,19)(23,25)
(1,5,18,13,21,23)(2,24,19,15,17,6)(3,26)(4,22)(7,27,25,9,11,12)(8,20)(10,16)
(1,23,21,13,18,5)(2,6,17,15,19,24)(3,26)(4,22)(7,12,11,9,25,27)(8,20)(10,16)
(1,13,21,5,18,23)(2,24,17,6,19,15)(3,8)(4,14)(7,27,11,12,25,9)(10,20)(16,26)
(1,20,18,16,21,3)(2,23)(4,9,14,12,22,27)(5,17)(6,26,24,10,15,8)(7,25)(13,19)
(1,3,21,16,18,20)(2,23)(4,27,22,12,14,9)(5,17)(6,8,15,10,24,26)(7,25)(13,19)
(1,16,21,20,18,3)(2,13)(4,9,22,27,14,12)(5,19)(6,10,15,26,24,8)(11,25)(17,23)
(1,3,18,20,21,16)(2,13)(4,12,14,27,22,9)(5,19)(6,8,24,26,15,10)(11,25)(17,23)
(1,20,21,3,18,16)(2,5)(4,12,22,9,14,27)(6,26,15,8,24,10)(7,11)(13,17)(19,23)
(1,16,18,3,21,20)(2,5)(4,27,14,9,22,12)(6,10,24,8,15,26)(7,11)(13,17)(19,23)
(1,22,18,4,21,14)(2,7)(3,15,20,6,16,24)(5,13)(8,9,26,12,10,27)(11,19)(17,25)
(1,14,21,4,18,22)(2,7)(3,24,16,6,20,15)(5,13)(8,27,10,12,26,9)(11,19)(17,25)
(1,4,21,22,18,14)(2,11)(3,15,16,24,20,6)(7,17)(8,9,10,27,26,12)(13,23)(19,25)
(1,14,18,22,21,4)(2,11)(3,6,20,24,16,15)(7,17)(8,12,26,27,10,9)(13,23)(19,25)
(1,22,21,14,18,4)(2,25)(3,6,16,15,20,24)(5,23)(7,19)(8,12,10,9,26,27)(11,17)
(1,4,18,14,21,22)(2,25)(3,24,20,15,16,6)(5,23)(7,19)(8,27,26,9,10,12)(11,17)
(1,8,21,10,18,26)(2,19)(3,27,16,12,20,9)(4,24,22,6,14,15)(5,25)(7,13)(11,23)
(1,10,18,8,21,26)(2,17)(3,27,20,9,16,12)(4,24,14,15,22,6)(5,11)(7,23)(13,25)
(1,23,18,5,21,13)(2,15,19,6,17,24)(3,8)(4,14)(7,9,25,12,11,27)(10,20)(16,26)
(1,13,18,23,21,5)(2,6,19,24,17,15)(3,10)(7,12,25,27,11,9)(8,16)(14,22)(20,26)
(1,9)(2,22,17,4,19,14)(3,13,20,5,16,23)(6,15)(7,26,11,10,25,8)(12,21)(18,27)
(1,7,18,25,21,11)(2,12,19,27,17,9)(4,8)(5,6,13,24,23,15)(10,14)(16,20)(22,26)
(1,5,21,23,18,13)(2,15,17,24,19,6)(3,10)(7,9,11,27,25,12)(8,16)(14,22)(20,26)
(1,25,18,11,21,7)(2,9,19,12,17,27)(3,20)(4,26)(5,15,13,6,23,24)(8,14)(10,22)
(1,12)(2,4,19,22,17,14)(3,13,16,23,20,5)(7,10,25,26,11,8)(9,18)(15,24)(21,27)
(1,7,21,11,18,25)(2,27,17,12,19,9)(3,20)(4,26)(5,24,23,6,13,15)(8,14)(10,22)
(1,11,18,7,21,25)(2,27,19,9,17,12)(3,16)(4,10)(5,24,13,15,23,6)(8,22)(14,26)
(1,25,21,7,18,11)(2,12,17,9,19,27)(3,16)(4,10)(5,6,23,15,13,24)(8,22)(14,26)
(1,27)(2,4,17,14,19,22)(3,23,20,13,16,5)(6,24)(7,10,11,8,25,26)(9,21)(12,18)
(1,24)(2,20,17,16,19,3)(4,7,14,11,22,25)(5,26,23,10,13,8)(6,18)(9,27)(15,21)
(1,24)(2,3,19,16,17,20)(4,25,22,11,14,7)(5,8,13,10,23,26)(6,18)(9,27)(15,21)
(1,6)(2,16,17,3,19,20)(4,25,14,7,22,11)(5,10,23,8,13,26)(9,12)(15,18)(21,24)
(1,27)(2,22,19,14,17,4)(3,5,16,13,20,23)(6,24)(7,26,25,8,11,10)(9,21)(12,18)
(1,6)(2,20,19,3,17,16)(4,11,22,7,14,25)(5,26,13,8,23,10)(9,12)(15,18)(21,24)
(1,15)(2,16,19,20,17,3)(4,7,22,25,14,11)(5,10,13,26,23,8)(6,21)(12,27)(18,24)
(1,12)(2,14,17,22,19,4)(3,5,20,23,16,13)(7,8,11,26,25,10)(9,18)(15,24)(21,27)
(1,15)(2,3,17,20,19,16)(4,11,14,25,22,7)(5,8,23,26,13,10)(6,21)(12,27)(18,24)
(1,6,12,18,24,27,21,15,9)(2,19,17)(3,10,22,20,8,4,16,26,14)(5,13,23)(7,25,11)
(1,21,18)(2,5,11,17,23,25,19,13,7)(3,10,22,20,8,4,16,26,14)(6,15,24)(9,27,12)
(1,24,9,18,15,12,21,6,27)(2,23,7,17,13,11,19,5,25)(3,4,10,16,22,26,20,14,8)
(1,15,27,18,6,9,21,24,12)(2,13,25,17,5,7,19,23,11)(3,22,8,16,14,10,20,4,26)
(1,6,12,18,24,27,21,15,9)(2,5,11,17,23,25,19,13,7)(3,14,26,16,4,8,20,22,10)
(1,24,9,18,15,12,21,6,27)(2,5,11,17,23,25,19,13,7)(3,22,8,16,14,10,20,4,26)
(1,15,27,18,6,9,21,24,12)(2,23,7,17,13,11,19,5,25)(3,14,26,16,4,8,20,22,10)
(1,6,12,18,24,27,21,15,9)(2,13,25,17,5,7,19,23,11)(3,4,10,16,22,26,20,14,8)
(1,9,15,21,27,24,18,12,6)(2,7,13,19,25,23,17,11,5)(3,10,22,20,8,4,16,26,14)
(1,12,24,21,9,6,18,27,15)(2,11,23,19,7,5,17,25,13)(3,26,4,20,10,14,16,8,22)
(1,9,15,21,27,24,18,12,6)(2,17,19)(3,14,26,16,4,8,20,22,10)(5,23,13)(7,11,25)
(1,27,6,21,12,15,18,9,24)(2,17,19)(3,4,10,16,22,26,20,14,8)(5,23,13)(7,11,25)
(1,24,9,18,15,12,21,6,27)(2,19,17)(3,8,14,20,26,22,16,10,4)(5,13,23)(7,25,11)
(1,18,21)(2,13,25,17,5,7,19,23,11)(3,8,14,20,26,22,16,10,4)(6,24,15)(9,12,27)
(1,15,27,18,6,9,21,24,12)(2,19,17)(3,26,4,20,10,14,16,8,22)(5,13,23)(7,25,11)
(1,9,15,21,27,24,18,12,6)(2,11,23,19,7,5,17,25,13)(3,8,14,20,26,22,16,10,4)
(1,12,24,21,9,6,18,27,15)(2,25,5,19,11,13,17,7,23)(3,10,22,20,8,4,16,26,14)
(1,27,6,21,12,15,18,9,24)(2,7,13,19,25,23,17,11,5)(3,26,4,20,10,14,16,8,22)
(1,18,21)(2,7,13,19,25,23,17,11,5)(3,14,26,16,4,8,20,22,10)(6,24,15)(9,12,27)
(1,18,21)(2,25,5,19,11,13,17,7,23)(3,4,10,16,22,26,20,14,8)(6,24,15)(9,12,27)
(1,18,21)(2,11,23,19,7,5,17,25,13)(3,22,8,16,14,10,20,4,26)(6,24,15)(9,12,27)
(1,21,18)(2,13,25,17,5,7,19,23,11)(3,26,4,20,10,14,16,8,22)(6,15,24)(9,27,12)
(1,21,18)(2,23,7,17,13,11,19,5,25)(3,8,14,20,26,22,16,10,4)(6,15,24)(9,27,12)
(1,18,21)(2,5,11,17,23,25,19,13,7)(3,26,4,20,10,14,16,8,22)(6,24,15)(9,12,27)
(1,18,21)(2,23,7,17,13,11,19,5,25)(3,10,22,20,8,4,16,26,14)(6,24,15)(9,12,27)
(1,21,18)(2,25,5,19,11,13,17,7,23)(3,14,26,16,4,8,20,22,10)(6,15,24)(9,27,12)
(1,21,18)(2,7,13,19,25,23,17,11,5)(3,22,8,16,14,10,20,4,26)(6,15,24)(9,27,12)
(1,21,18)(2,11,23,19,7,5,17,25,13)(3,4,10,16,22,26,20,14,8)(6,15,24)(9,27,12)
(1,12,24,21,9,6,18,27,15)(2,5,11,17,23,25,19,13,7)(3,20,16)(4,14,22)(8,26,10)
(1,9,15,21,27,24,18,12,6)(2,23,7,17,13,11,19,5,25)(3,20,16)(4,14,22)(8,26,10)
(1,27,6,21,12,15,18,9,24)(2,13,25,17,5,7,19,23,11)(3,20,16)(4,14,22)(8,26,10)
(1,24,9,18,15,12,21,6,27)(2,11,23,19,7,5,17,25,13)(3,16,20)(4,22,14)(8,10,26)
(1,6,12,18,24,27,21,15,9)(2,25,5,19,11,13,17,7,23)(3,16,20)(4,22,14)(8,10,26)
(1,15,27,18,6,9,21,24,12)(2,7,13,19,25,23,17,11,5)(3,16,20)(4,22,14)(8,10,26)
(1,12,24,21,9,6,18,27,15)(2,23,7,17,13,11,19,5,25)(3,16,20)(4,22,14)(8,10,26)
(1,9,15,21,27,24,18,12,6)(2,13,25,17,5,7,19,23,11)(3,16,20)(4,22,14)(8,10,26)
(1,27,6,21,12,15,18,9,24)(2,5,11,17,23,25,19,13,7)(3,16,20)(4,22,14)(8,10,26)
(1,24,9,18,15,12,21,6,27)(2,7,13,19,25,23,17,11,5)(3,20,16)(4,14,22)(8,26,10)
(1,6,12,18,24,27,21,15,9)(2,11,23,19,7,5,17,25,13)(3,20,16)(4,14,22)(8,26,10)
(1,12,24,21,9,6,18,27,15)(2,19,17)(3,4,10,16,22,26,20,14,8)(5,13,23)(7,25,11)
(1,27,6,21,12,15,18,9,24)(2,25,5,19,11,13,17,7,23)(3,8,14,20,26,22,16,10,4)
(1,24,9,18,15,12,21,6,27)(2,13,25,17,5,7,19,23,11)(3,14,26,16,4,8,20,22,10)
(1,15,27,18,6,9,21,24,12)(2,5,11,17,23,25,19,13,7)(3,4,10,16,22,26,20,14,8)
(1,6,12,18,24,27,21,15,9)(2,23,7,17,13,11,19,5,25)(3,22,8,16,14,10,20,4,26)
(1,9,15,21,27,24,18,12,6)(2,25,5,19,11,13,17,7,23)(3,26,4,20,10,14,16,8,22)
(1,12,24,21,9,6,18,27,15)(2,7,13,19,25,23,17,11,5)(3,8,14,20,26,22,16,10,4)
(1,27,6,21,12,15,18,9,24)(2,11,23,19,7,5,17,25,13)(3,10,22,20,8,4,16,26,14)
(1,15,27,18,6,9,21,24,12)(2,17,19)(3,8,14,20,26,22,16,10,4)(5,23,13)(7,11,25)
(1,6,12,18,24,27,21,15,9)(2,17,19)(3,26,4,20,10,14,16,8,22)(5,23,13)(7,11,25)
(1,24,9,18,15,12,21,6,27)(2,17,19)(3,10,22,20,8,4,16,26,14)(5,23,13)(7,11,25)
(1,27,6,21,12,15,18,9,24)(2,19,17)(3,14,26,16,4,8,20,22,10)(5,13,23)(7,25,11)
(1,9,15,21,27,24,18,12,6)(2,19,17)(3,22,8,16,14,10,20,4,26)(5,13,23)(7,25,11)
(1,15,27,18,6,9,21,24,12)(2,25,5,19,11,13,17,7,23)(3,20,16)(4,14,22)(8,26,10)
(1,12,24,21,9,6,18,27,15)(2,17,19)(3,22,8,16,14,10,20,4,26)(5,23,13)(7,11,25)
(1,27,6,21,12,15,18,9,24)(3,22,8,16,14,10,20,4,26)
(1,12,24,21,9,6,18,27,15)(3,14,26,16,4,8,20,22,10)
(1,15,27,18,6,9,21,24,12)(3,10,22,20,8,4,16,26,14)
(1,6,12,18,24,27,21,15,9)(3,8,14,20,26,22,16,10,4)
(1,24,9,18,15,12,21,6,27)(3,26,4,20,10,14,16,8,22)
(2,7,13,19,25,23,17,11,5)(3,4,10,16,22,26,20,14,8)
(2,25,5,19,11,13,17,7,23)(3,22,8,16,14,10,20,4,26)
(2,11,23,19,7,5,17,25,13)(3,14,26,16,4,8,20,22,10)
(2,13,25,17,5,7,19,23,11)(3,10,22,20,8,4,16,26,14)
(2,23,7,17,13,11,19,5,25)(3,26,4,20,10,14,16,8,22)
(2,5,11,17,23,25,19,13,7)(3,8,14,20,26,22,16,10,4)
(1,12,24,21,9,6,18,27,15)(2,13,25,17,5,7,19,23,11)
(1,9,15,21,27,24,18,12,6)(2,5,11,17,23,25,19,13,7)
(1,27,6,21,12,15,18,9,24)(2,23,7,17,13,11,19,5,25)
(1,24,9,18,15,12,21,6,27)(2,25,5,19,11,13,17,7,23)
(1,9,15,21,27,24,18,12,6)(3,4,10,16,22,26,20,14,8)
(1,6,12,18,24,27,21,15,9)(2,7,13,19,25,23,17,11,5)
(1,15,27,18,6,9,21,24,12)(2,11,23,19,7,5,17,25,13)
(1,27,6,21,12,15,18,9,24)(2,22,23,8,7,16,17,14,13,10,11,20,19,4,5,26,25,3)
(1,23,9,17,15,11,21,5,27,2,24,7,18,13,12,19,6,25)(3,4,10,16,22,26,20,14,8)
(1,5,12,17,24,25,21,13,9,2,6,11,18,23,27,19,15,7)(3,14,26,16,4,8,20,22,10)
(1,13,27,17,6,7,21,23,12,2,15,25,18,5,9,19,24,11)(3,22,8,16,14,10,20,4,26)
(1,11,24,19,9,5,18,25,15,2,12,23,21,7,6,17,27,13)(3,26,4,20,10,14,16,8,22)
(1,7,15,19,27,23,18,11,6,2,9,13,21,25,24,17,12,5)(3,10,22,20,8,4,16,26,14)
(1,25,6,19,12,13,18,7,24,2,27,5,21,11,15,17,9,23)(3,8,14,20,26,22,16,10,4)
(1,23,27,2,6,25,21,5,12,19,15,11,18,13,9,17,24,7)(3,22,8,16,14,10,20,4,26)
(1,5,9,2,15,7,21,13,27,19,24,25,18,23,12,17,6,11)(3,4,10,16,22,26,20,14,8)
(1,13,12,2,24,11,21,23,9,19,6,7,18,5,27,17,15,25)(3,14,26,16,4,8,20,22,10)
(1,25,15,17,27,5,18,7,6,19,9,23,21,11,24,2,12,13)(3,10,22,20,8,4,16,26,14)
(1,11,6,17,12,23,18,25,24,19,27,13,21,7,15,2,9,5)(3,8,14,20,26,22,16,10,4)
(1,7,24,17,9,13,18,11,15,19,12,5,21,25,6,2,27,23)(3,26,4,20,10,14,16,8,22)
(1,23,12,19,24,7,21,5,9,17,6,25,18,13,27,2,15,11)(3,14,26,16,4,8,20,22,10)
(1,5,27,19,6,11,21,13,12,17,15,7,18,23,9,2,24,25)(3,22,8,16,14,10,20,4,26)
(1,13,9,19,15,25,21,23,27,17,24,11,18,5,12,2,6,7)(3,4,10,16,22,26,20,14,8)
(1,10,27,14,6,16,21,8,12,22,15,3,18,26,9,4,24,20)(2,23,7,17,13,11,19,5,25)
(1,25,24,2,9,23,18,7,15,17,12,13,21,11,6,19,27,5)(3,26,4,20,10,14,16,8,22)
(1,19,24,5,9,25,18,2,15,23,12,7,21,17,6,13,27,11)(3,26,4,20,10,14,16,8,22)
(1,8,9,14,15,20,21,26,27,22,24,16,18,10,12,4,6,3)(2,5,11,17,23,25,19,13,7)
(1,26,12,14,24,3,21,10,9,22,6,20,18,8,27,4,15,16)(2,13,25,17,5,7,19,23,11)
(1,16,15,4,27,8,18,20,6,22,9,10,21,3,24,14,12,26)(2,11,23,19,7,5,17,25,13)
(1,3,6,4,12,10,18,16,24,22,27,26,21,20,15,14,9,8)(2,7,13,19,25,23,17,11,5)
(1,20,24,4,9,26,18,3,15,22,12,8,21,16,6,14,27,10)(2,25,5,19,11,13,17,7,23)
(1,10,12,22,24,20,21,8,9,4,6,16,18,26,27,14,15,3)(2,13,25,17,5,7,19,23,11)
(1,26,9,22,15,16,21,10,27,4,24,3,18,8,12,14,6,20)(2,5,11,17,23,25,19,13,7)
(1,20,6,14,12,8,18,3,24,4,27,10,21,16,15,22,9,26)(2,7,13,19,25,23,17,11,5)
(1,16,24,14,9,10,18,20,15,4,12,26,21,3,6,22,27,8)(2,25,5,19,11,13,17,7,23)
(1,3,15,14,27,26,18,16,6,4,9,8,21,20,24,22,12,10)(2,11,23,19,7,5,17,25,13)
(1,10,9,4,15,3,21,8,27,14,24,20,18,26,12,22,6,16)(2,5,11,17,23,25,19,13,7)
(1,8,12,4,24,16,21,26,9,14,6,3,18,10,27,22,15,20)(2,13,25,17,5,7,19,23,11)
(1,26,27,4,6,20,21,10,12,14,15,16,18,8,9,22,24,3)(2,23,7,17,13,11,19,5,25)
(1,3,24,22,9,8,18,16,15,14,12,10,21,20,6,4,27,26)(2,25,5,19,11,13,17,7,23)
(1,20,15,22,27,10,18,3,6,14,9,26,21,16,24,4,12,8)(2,11,23,19,7,5,17,25,13)
(1,16,6,22,12,26,18,20,24,14,27,8,21,3,15,4,9,10)(2,7,13,19,25,23,17,11,5)
(1,6,12,18,24,27,21,15,9)(2,20,7,26,13,22,19,16,25,10,23,4,17,3,11,8,5,14)
(1,12,24,21,9,6,18,27,15)(2,4,13,8,25,20,17,22,5,10,7,3,19,14,23,26,11,16)
(1,24,9,18,15,12,21,6,27)(2,3,25,26,5,4,19,20,11,10,13,14,17,16,7,8,23,22)
(1,12,24,21,9,6,18,27,15)(2,22,13,10,25,3,17,14,5,26,7,16,19,4,23,8,11,20)
(1,15,27,18,6,9,21,24,12)(2,16,11,26,23,14,19,3,7,10,5,22,17,20,25,8,13,4)
(1,9,15,21,27,24,18,12,6)(2,14,5,8,11,3,17,4,23,10,25,16,19,22,13,26,7,20)
(1,6,12,18,24,27,21,15,9)(2,3,7,8,13,14,19,20,25,26,23,22,17,16,11,10,5,4)
(1,10,24,20,9,4,18,26,15,3,12,22,21,8,6,16,27,14)(2,25,5,19,11,13,17,7,23)
(1,26,6,20,12,14,18,8,24,3,27,4,21,10,15,16,9,22)(2,7,13,19,25,23,17,11,5)
(1,8,15,20,27,22,18,10,6,3,9,14,21,26,24,16,12,4)(2,11,23,19,7,5,17,25,13)
(1,4,12,16,24,26,21,14,9,3,6,10,18,22,27,20,15,8)(2,13,25,17,5,7,19,23,11)
(1,22,9,16,15,10,21,4,27,3,24,8,18,14,12,20,6,26)(2,5,11,17,23,25,19,13,7)
(1,14,27,16,6,8,21,22,12,3,15,26,18,4,9,20,24,10)(2,23,7,17,13,11,19,5,25)
(1,10,6,16,12,22,18,26,24,20,27,14,21,8,15,3,9,4)(2,7,13,19,25,23,17,11,5)
(1,24,9,18,15,12,21,6,27)(2,16,25,8,5,22,19,3,11,26,13,4,17,20,7,10,23,14)
(1,27,6,21,12,15,18,9,24)(2,14,23,10,7,20,17,4,13,26,11,3,19,22,5,8,25,16)
(1,15,27,18,6,9,21,24,12)(2,20,11,8,23,4,19,16,7,26,5,14,17,3,25,10,13,22)
(1,9,15,21,27,24,18,12,6)(2,4,5,10,11,16,17,22,23,26,25,20,19,14,13,8,7,3)
(1,6,12,18,24,27,21,15,9)(2,16,7,10,13,4,19,3,25,8,23,14,17,20,11,26,5,22)
(1,12,24,21,9,6,18,27,15)(2,14,13,26,25,16,17,4,5,8,7,20,19,22,23,10,11,3)
(1,24,9,18,15,12,21,6,27)(2,20,25,10,5,14,19,16,11,8,13,22,17,3,7,26,23,4)
(1,27,6,21,12,15,18,9,24)(2,4,23,26,7,3,17,22,13,8,11,16,19,14,5,10,25,20)
(1,15,27,18,6,9,21,24,12)(2,3,11,10,23,22,19,20,7,8,5,4,17,16,25,26,13,14)
(1,9,15,21,27,24,18,12,6)(2,22,5,26,11,20,17,14,23,8,25,3,19,4,13,10,7,16)
(1,26,15,16,27,4,18,8,6,20,9,22,21,10,24,3,12,14)(2,11,23,19,7,5,17,25,13)
(1,8,24,16,9,14,18,10,15,20,12,4,21,26,6,3,27,22)(2,25,5,19,11,13,17,7,23)
(1,22,27,3,6,26,21,4,12,20,15,10,18,14,9,16,24,8)(2,23,7,17,13,11,19,5,25)
(1,14,12,3,24,10,21,22,9,20,6,8,18,4,27,16,15,26)(2,13,25,17,5,7,19,23,11)
(1,4,9,3,15,8,21,14,27,20,24,26,18,22,12,16,6,10)(2,5,11,17,23,25,19,13,7)
(1,10,15,3,27,14,18,26,6,16,9,4,21,8,24,20,12,22)(2,11,23,19,7,5,17,25,13)
(1,26,24,3,9,22,18,8,15,16,12,14,21,10,6,20,27,4)(2,25,5,19,11,13,17,7,23)
(1,8,6,3,12,4,18,10,24,16,27,22,21,26,15,20,9,14)(2,7,13,19,25,23,17,11,5)
(1,14,9,20,15,26,21,22,27,16,24,10,18,4,12,3,6,8)(2,5,11,17,23,25,19,13,7)
(1,8,27,22,6,3,21,26,12,4,15,20,18,10,9,14,24,16)(2,23,7,17,13,11,19,5,25)
(1,22,12,20,24,8,21,4,9,16,6,26,18,14,27,3,15,10)(2,13,25,17,5,7,19,23,11)
(1,4,27,20,6,10,21,14,12,16,15,8,18,22,9,3,24,26)(2,23,7,17,13,11,19,5,25)
(1,6,12,18,24,27,21,15,9)(2,22,7,16,13,10,19,4,25,3,23,8,17,14,11,20,5,26)
(1,12,24,21,9,6,18,27,15)(2,8,13,20,25,22,17,10,5,3,7,14,19,26,23,16,11,4)
(1,24,9,18,15,12,21,6,27)(2,14,25,16,5,8,19,22,11,3,13,26,17,4,7,20,23,10)
(1,27,6,21,12,15,18,9,24)(2,10,23,20,7,4,17,26,13,3,11,22,19,8,5,16,25,14)
(1,15,27,18,6,9,21,24,12)(2,4,11,16,23,26,19,14,7,3,5,10,17,22,25,20,13,8)
(1,9,15,21,27,24,18,12,6)(2,26,5,20,11,14,17,8,23,3,25,4,19,10,13,16,7,22)
(1,6,12,18,24,27,21,15,9)(2,14,7,20,13,26,19,22,25,16,23,10,17,4,11,3,5,8)
(1,12,24,21,9,6,18,27,15)(2,10,13,3,25,14,17,26,5,16,7,4,19,8,23,20,11,22)
(1,24,9,18,15,12,21,6,27)(2,4,25,20,5,10,19,14,11,16,13,8,17,22,7,3,23,26)
(1,27,6,21,12,15,18,9,24)(2,26,23,3,7,22,17,8,13,16,11,14,19,10,5,20,25,4)
(1,9,15,21,27,24,18,12,6)(2,20,5,14,11,8,17,3,23,4,25,10,19,16,13,22,7,26)
(1,15,27,18,6,9,21,24,12)(2,22,11,20,23,8,19,4,7,16,5,26,17,14,25,3,13,10)
(1,9,15,21,27,24,18,12,6)(2,8,5,3,11,4,17,10,23,16,25,22,19,26,13,20,7,14)
(1,6,12,18,24,27,21,15,9)(2,4,7,3,13,8,19,14,25,20,23,26,17,22,11,16,5,10)
(1,12,24,21,9,6,18,27,15)(2,26,13,16,25,4,17,8,5,20,7,22,19,10,23,3,11,14)
(1,24,9,18,15,12,21,6,27)(2,22,25,3,5,26,19,4,11,20,13,10,17,14,7,16,23,8)
(1,27,6,21,12,15,18,9,24)(2,8,23,16,7,14,17,10,13,20,11,4,19,26,5,3,25,22)
(1,15,27,18,6,9,21,24,12)(2,14,11,3,23,10,19,22,7,20,5,8,17,4,25,16,13,26)
(1,9,15,21,27,24,18,12,6)(2,10,5,16,11,22,17,26,23,20,25,14,19,8,13,3,7,4)
(1,7,9,13,15,19,21,25,27,23,24,17,18,11,12,5,6,2)(3,4,10,16,22,26,20,14,8)
(1,11,27,13,6,17,21,7,12,23,15,2,18,25,9,5,24,19)(3,22,8,16,14,10,20,4,26)
(1,6,12,18,24,27,21,15,9)(2,8,7,14,13,20,19,26,25,22,23,16,17,10,11,4,5,3)
(1,12,24,21,9,6,18,27,15)(2,16,13,4,25,8,17,20,5,22,7,10,19,3,23,14,11,26)
(1,24,9,18,15,12,21,6,27)(2,10,25,14,5,16,19,8,11,22,13,3,17,26,7,4,23,20)
(1,27,6,21,12,15,18,9,24)(2,20,23,4,7,26,17,3,13,22,11,8,19,16,5,14,25,10)
(1,15,27,18,6,9,21,24,12)(2,26,11,14,23,3,19,10,7,22,5,20,17,8,25,4,13,16)
(1,9,15,21,27,24,18,12,6)(2,3,5,4,11,10,17,16,23,22,25,26,19,20,13,14,7,8)
(1,6,12,18,24,27,21,15,9)(2,10,7,4,13,3,19,8,25,14,23,20,17,26,11,22,5,16)
(1,23,24,7,9,17,18,13,15,11,12,19,21,5,6,25,27,2)(3,26,4,20,10,14,16,8,22)
(1,13,6,7,12,2,18,5,24,11,27,17,21,23,15,25,9,19)(3,8,14,20,26,22,16,10,4)
(1,5,15,7,27,19,18,23,6,11,9,2,21,13,24,25,12,17)(3,10,22,20,8,4,16,26,14)
(1,17,12,25,24,13,21,2,9,11,6,23,18,19,27,7,15,5)(3,14,26,16,4,8,20,22,10)
(1,19,9,25,15,23,21,17,27,11,24,5,18,2,12,7,6,13)(3,4,10,16,22,26,20,14,8)
(1,2,27,25,6,5,21,19,12,11,15,13,18,17,9,7,24,23)(3,22,8,16,14,10,20,4,26)
(1,12,24,21,9,6,18,27,15)(2,3,13,14,25,26,17,16,5,4,7,8,19,20,23,22,11,10)
(1,27,6,21,12,15,18,9,24)(2,16,23,14,7,10,17,20,13,4,11,26,19,3,5,22,25,8)
(1,15,27,18,6,9,21,24,12)(2,10,11,22,23,20,19,8,7,4,5,16,17,26,25,14,13,3)
(1,5,6,11,12,17,18,23,24,25,27,19,21,13,15,7,9,2)(3,8,14,20,26,22,16,10,4)
(1,23,15,11,27,2,18,13,6,25,9,17,21,5,24,7,12,19)(3,10,22,20,8,4,16,26,14)
(1,3,27,26,6,4,21,20,12,10,15,14,18,16,9,8,24,22)(2,23,7,17,13,11,19,5,25)
(1,13,24,11,9,19,18,5,15,25,12,2,21,23,6,7,27,17)(3,26,4,20,10,14,16,8,22)
(1,4,15,8,27,20,18,22,6,10,9,3,21,14,24,26,12,16)(2,11,23,19,7,5,17,25,13)
(1,14,6,8,12,3,18,4,24,10,27,16,21,22,15,26,9,20)(2,7,13,19,25,23,17,11,5)
(1,16,12,26,24,14,21,3,9,10,6,22,18,20,27,8,15,4)(2,13,25,17,5,7,19,23,11)
(1,16,9,10,15,4,21,3,27,8,24,14,18,20,12,26,6,22)(2,5,11,17,23,25,19,13,7)
(1,3,12,10,24,22,21,20,9,8,6,4,18,16,27,26,15,14)(2,13,25,17,5,7,19,23,11)
(1,14,15,26,27,16,18,4,6,8,9,20,21,22,24,10,12,3)(2,11,23,19,7,5,17,25,13)
(1,22,6,26,12,20,18,14,24,8,27,3,21,4,15,10,9,16)(2,7,13,19,25,23,17,11,5)
(1,4,24,26,9,3,18,22,15,8,12,16,21,14,6,10,27,20)(2,25,5,19,11,13,17,7,23)
(1,4,6,10,12,16,18,22,24,26,27,20,21,14,15,8,9,3)(2,7,13,19,25,23,17,11,5)
(1,22,15,10,27,3,18,14,6,26,9,16,21,4,24,8,12,20)(2,11,23,19,7,5,17,25,13)
(1,14,24,10,9,20,18,4,15,26,12,3,21,22,6,8,27,16)(2,25,5,19,11,13,17,7,23)
(1,16,27,8,6,22,21,3,12,26,15,4,18,20,9,10,24,14)(2,23,7,17,13,11,19,5,25)
(1,20,12,8,24,4,21,16,9,26,6,14,18,3,27,10,15,22)(2,13,25,17,5,7,19,23,11)
(1,3,9,8,15,14,21,20,27,26,24,22,18,16,12,10,6,4)(2,5,11,17,23,25,19,13,7)
(1,13,15,25,27,17,18,5,6,7,9,19,21,23,24,11,12,2)(3,10,22,20,8,4,16,26,14)
(1,5,24,25,9,2,18,23,15,7,12,17,21,13,6,11,27,19)(3,26,4,20,10,14,16,8,22)
(1,23,6,25,12,19,18,13,24,7,27,2,21,5,15,11,9,17)(3,8,14,20,26,22,16,10,4)
(1,17,9,11,15,5,21,2,27,7,24,13,18,19,12,25,6,23)(3,4,10,16,22,26,20,14,8)
(1,24,9,18,15,12,21,6,27)(2,8,25,22,5,3,19,26,11,4,13,20,17,10,7,14,23,16)
(1,19,27,11,6,13,21,17,12,7,15,23,18,2,9,25,24,5)(3,22,8,16,14,10,20,4,26)
(1,2,12,11,24,23,21,19,9,7,6,5,18,17,27,25,15,13)(3,14,26,16,4,8,20,22,10)
(1,17,6,23,12,25,18,19,24,13,27,7,21,2,15,5,9,11)(3,8,14,20,26,22,16,10,4)
(1,19,15,23,27,11,18,2,6,13,9,25,21,17,24,5,12,7)(3,10,22,20,8,4,16,26,14)
(1,2,24,23,9,7,18,17,15,13,12,11,21,19,6,5,27,25)(3,26,4,20,10,14,16,8,22)
(1,25,27,5,6,19,21,11,12,13,15,17,18,7,9,23,24,2)(3,22,8,16,14,10,20,4,26)
(1,7,12,5,24,17,21,25,9,13,6,2,18,11,27,23,15,19)(3,14,26,16,4,8,20,22,10)
(1,11,9,5,15,2,21,7,27,13,24,19,18,25,12,23,6,17)(3,4,10,16,22,26,20,14,8)
(1,2,15,13,27,25,18,17,6,5,9,7,21,19,24,23,12,11)(3,10,22,20,8,4,16,26,14)
(1,17,24,13,9,11,18,19,15,5,12,25,21,2,6,23,27,7)(3,26,4,20,10,14,16,8,22)
(1,19,6,13,12,7,18,2,24,5,27,11,21,17,15,23,9,25)(3,8,14,20,26,22,16,10,4)
(1,25,9,23,15,17,21,11,27,5,24,2,18,7,12,13,6,19)(3,4,10,16,22,26,20,14,8)
(1,7,27,23,6,2,21,25,12,5,15,19,18,11,9,13,24,17)(3,22,8,16,14,10,20,4,26)
(1,12,24,21,9,6,18,27,15)(2,20,13,22,25,10,17,3,5,14,7,26,19,16,23,4,11,8)
(1,24,9,18,15,12,21,6,27)(2,26,25,4,5,20,19,10,11,14,13,16,17,8,7,22,23,3)
(1,27,6,21,12,15,18,9,24)(2,3,23,22,7,8,17,16,13,14,11,10,19,20,5,4,25,26)
(1,15,27,18,6,9,21,24,12)(2,8,11,4,23,16,19,26,7,14,5,3,17,10,25,22,13,20)
(1,9,15,21,27,24,18,12,6)(2,16,5,22,11,26,17,20,23,14,25,8,19,3,13,4,7,10)
(1,6,12,18,24,27,21,15,9)(2,26,7,22,13,16,19,10,25,4,23,3,17,8,11,14,5,20)
(1,11,12,23,24,19,21,7,9,5,6,17,18,25,27,13,15,2)(3,14,26,16,4,8,20,22,10)
(1,20,9,26,15,22,21,16,27,10,24,4,18,3,12,8,6,14)(2,5,11,17,23,25,19,13,7)
(1,20,27,10,6,14,21,16,12,8,15,22,18,3,9,26,24,4)(2,23,7,17,13,11,19,5,25)
(1,22,24,8,9,16,18,14,15,10,12,20,21,4,6,26,27,3)(2,25,5,19,11,13,17,7,23)
(1,17,27,7,6,23,21,2,12,25,15,5,18,19,9,11,24,13)(3,22,8,16,14,10,20,4,26)
(1,19,12,7,24,5,21,17,9,25,6,13,18,2,27,11,15,23)(3,14,26,16,4,8,20,22,10)
(1,2,9,7,15,13,21,19,27,25,24,23,18,17,12,11,6,5)(3,4,10,16,22,26,20,14,8)
(1,7,6,2,12,5,18,11,24,17,27,23,21,25,15,19,9,13)(3,8,14,20,26,22,16,10,4)
(1,2,6,5,12,11,18,17,24,23,27,25,21,19,15,13,9,7)(3,8,14,20,26,22,16,10,4)
(1,17,15,5,27,7,18,19,6,23,9,11,21,2,24,13,12,25)(3,10,22,20,8,4,16,26,14)
(1,25,12,13,24,2,21,11,9,23,6,19,18,7,27,5,15,17)(3,14,26,16,4,8,20,22,10)
(1,11,15,2,27,13,18,25,6,17,9,5,21,7,24,19,12,23)(3,10,22,20,8,4,16,26,14)
(1,11,6,5,12,2,18,7,24,13,27,19,21,25,15,23,9,17)(3,26)(4,22)(8,20)(10,16)
(1,15)(2,4,5,3,11,8,17,14,23,20,25,26,19,22,13,16,7,10)(6,21)(12,27)(18,24)
(1,15)(2,14,13,3,25,10,17,22,5,20,7,8,19,4,23,16,11,26)(6,21)(12,27)(18,24)
(1,15)(2,26,11,16,23,4,19,8,7,20,5,22,17,10,25,3,13,14)(6,21)(12,27)(18,24)
(1,15)(2,10,7,16,13,22,19,26,25,20,23,14,17,8,11,3,5,4)(6,21)(12,27)(18,24)
(1,15)(2,8,25,16,5,14,19,10,11,20,13,4,17,26,7,3,23,22)(6,21)(12,27)(18,24)
(1,6)(2,4,13,16,25,26,17,14,5,3,7,10,19,22,23,20,11,8)(9,12)(15,18)(21,24)
(1,6)(2,14,23,16,7,8,17,22,13,3,11,26,19,4,5,20,25,10)(9,12)(15,18)(21,24)
(1,6)(2,22,5,16,11,10,17,4,23,3,25,8,19,14,13,20,7,26)(9,12)(15,18)(21,24)
(1,6)(2,26,7,20,13,14,19,8,25,3,23,4,17,10,11,16,5,22)(9,12)(15,18)(21,24)
(1,6)(2,10,25,20,5,4,19,26,11,3,13,22,17,8,7,16,23,14)(9,12)(15,18)(21,24)
(1,6)(2,8,11,20,23,22,19,10,7,3,5,14,17,26,25,16,13,4)(9,12)(15,18)(21,24)
(1,24)(2,14,5,20,11,26,17,22,23,16,25,10,19,4,13,3,7,8)(6,18)(9,27)(15,21)
(1,24)(2,22,13,20,25,8,17,4,5,16,7,26,19,14,23,3,11,10)(6,18)(9,27)(15,21)
(1,24)(2,4,23,20,7,10,17,14,13,16,11,8,19,22,5,3,25,26)(6,18)(9,27)(15,21)
(1,24)(2,26,25,3,5,22,19,8,11,16,13,14,17,10,7,20,23,4)(6,18)(9,27)(15,21)
(1,24)(2,10,11,3,23,14,19,26,7,16,5,4,17,8,25,20,13,22)(6,18)(9,27)(15,21)
(1,24)(2,8,7,3,13,4,19,10,25,16,23,22,17,26,11,20,5,14)(6,18)(9,27)(15,21)
(1,27)(2,10,5,4,11,3,17,8,23,14,25,20,19,26,13,22,7,16)(6,24)(9,21)(12,18)
(1,27)(2,8,13,4,25,16,17,26,5,14,7,3,19,10,23,22,11,20)(6,24)(9,21)(12,18)
(1,27)(2,26,23,4,7,20,17,10,13,14,11,16,19,8,5,22,25,3)(6,24)(9,21)(12,18)
(1,27)(2,3,25,22,5,8,19,16,11,14,13,10,17,20,7,4,23,26)(6,24)(9,21)(12,18)
(1,27)(2,20,11,22,23,10,19,3,7,14,5,26,17,16,25,4,13,8)(6,24)(9,21)(12,18)
(1,27)(2,16,7,22,13,26,19,20,25,14,23,8,17,3,11,4,5,10)(6,24)(9,21)(12,18)
(1,9)(2,8,23,22,7,3,17,26,13,4,11,20,19,10,5,14,25,16)(6,15)(12,21)(18,27)
(1,9)(2,26,5,22,11,16,17,10,23,4,25,3,19,8,13,14,7,20)(6,15)(12,21)(18,27)
(1,9)(2,10,13,22,25,20,17,8,5,4,7,16,19,26,23,14,11,3)(6,15)(12,21)(18,27)
(1,9)(2,3,11,14,23,26,19,16,7,4,5,8,17,20,25,22,13,10)(6,15)(12,21)(18,27)
(1,9)(2,20,7,14,13,8,19,3,25,4,23,10,17,16,11,22,5,26)(6,15)(12,21)(18,27)
(1,9)(2,16,25,14,5,10,19,20,11,4,13,26,17,3,7,22,23,8)(6,15)(12,21)(18,27)
(1,12)(2,26,13,14,25,3,17,10,5,22,7,20,19,8,23,4,11,16)(9,18)(15,24)(21,27)
(1,12)(2,10,23,14,7,16,17,8,13,22,11,3,19,26,5,4,25,20)(9,18)(15,24)(21,27)
(1,12)(2,8,5,14,11,20,17,26,23,22,25,16,19,10,13,4,7,3)(9,18)(15,24)(21,27)
(1,12)(2,3,7,4,13,10,19,16,25,22,23,26,17,20,11,14,5,8)(9,18)(15,24)(21,27)
(1,12)(2,20,25,4,5,26,19,3,11,22,13,8,17,16,7,14,23,10)(9,18)(15,24)(21,27)
(1,12)(2,16,11,4,23,8,19,20,7,22,5,10,17,3,25,14,13,26)(9,18)(15,24)(21,27)
(1,19,12,23,24,11,21,2,9,13,6,25,18,17,27,5,15,7)(3,26)(4,22)(8,20)(10,16)
(1,2,27,23,6,7,21,17,12,13,15,11,18,19,9,5,24,25)(3,26)(4,22)(8,20)(10,16)
(1,17,9,23,15,25,21,19,27,13,24,7,18,2,12,5,6,11)(3,26)(4,22)(8,20)(10,16)
(1,15)(2,22,23,3,7,26,17,4,13,20,11,10,19,14,5,16,25,8)(6,21)(12,27)(18,24)
(1,25,24,5,9,19,18,11,15,13,12,17,21,7,6,23,27,2)(3,26)(4,22)(8,20)(10,16)
(1,7,15,5,27,17,18,25,6,13,9,2,21,11,24,23,12,19)(3,26)(4,22)(8,20)(10,16)
(1,19,27,5,6,25,21,2,12,23,15,7,18,17,9,13,24,11)(3,10)(8,16)(14,22)(20,26)
(1,2,9,5,15,11,21,17,27,23,24,25,18,19,12,13,6,7)(3,10)(8,16)(14,22)(20,26)
(1,17,12,5,24,7,21,19,9,23,6,11,18,2,27,13,15,25)(3,10)(8,16)(14,22)(20,26)
(1,25,15,13,27,2,18,11,6,23,9,19,21,7,24,5,12,17)(3,10)(8,16)(14,22)(20,26)
(1,7,6,13,12,19,18,25,24,23,27,17,21,11,15,5,9,2)(3,10)(8,16)(14,22)(20,26)
(1,11,24,13,9,17,18,7,15,23,12,2,21,25,6,5,27,19)(3,10)(8,16)(14,22)(20,26)
(1,19,9,13,15,7,21,2,27,5,24,11,18,17,12,23,6,25)(3,8)(4,14)(10,20)(16,26)
(1,2,12,13,24,25,21,17,9,5,6,7,18,19,27,23,15,11)(3,8)(4,14)(10,20)(16,26)
(1,17,27,13,6,11,21,19,12,5,15,25,18,2,9,23,24,7)(3,8)(4,14)(10,20)(16,26)
(1,7,24,23,9,2,18,25,15,5,12,19,21,11,6,13,27,17)(3,8)(4,14)(10,20)(16,26)
(1,11,15,23,27,19,18,7,6,5,9,17,21,25,24,13,12,2)(3,8)(4,14)(10,20)(16,26)
(1,25,6,23,12,17,18,11,24,5,27,2,21,7,15,13,9,19)(3,8)(4,14)(10,20)(16,26)
(1,2,6,7,12,13,18,19,24,25,27,23,21,17,15,11,9,5)(4,8)(10,14)(16,20)(22,26)
(1,17,24,7,9,23,18,2,15,25,12,5,21,19,6,11,27,13)(4,8)(10,14)(16,20)(22,26)
(1,19,15,7,27,5,18,17,6,25,9,13,21,2,24,11,12,23)(4,8)(10,14)(16,20)(22,26)
(1,23,27,7,6,17,21,13,12,11,15,19,18,5,9,25,24,2)(3,20)(4,26)(8,14)(10,22)
(1,13,9,7,15,2,21,5,27,11,24,17,18,23,12,25,6,19)(3,20)(4,26)(8,14)(10,22)
(1,5,12,7,24,19,21,23,9,11,6,2,18,13,27,25,15,17)(3,20)(4,26)(8,14)(10,22)
(1,17,15,25,27,13,18,2,6,11,9,23,21,19,24,7,12,5)(3,20)(4,26)(8,14)(10,22)
(1,19,6,25,12,23,18,17,24,11,27,5,21,2,15,7,9,13)(3,20)(4,26)(8,14)(10,22)
(1,2,24,25,9,5,18,19,15,11,12,13,21,17,6,7,27,23)(3,20)(4,26)(8,14)(10,22)
(1,23,9,25,15,19,21,13,27,7,24,2,18,5,12,11,6,17)(3,16)(4,10)(8,22)(14,26)
(1,13,12,25,24,17,21,5,9,7,6,19,18,23,27,11,15,2)(3,16)(4,10)(8,22)(14,26)
(1,5,27,25,6,2,21,23,12,7,15,17,18,13,9,11,24,19)(3,16)(4,10)(8,22)(14,26)
(1,19,24,11,9,13,18,17,15,7,12,23,21,2,6,25,27,5)(3,16)(4,10)(8,22)(14,26)
(1,2,15,11,27,23,18,19,6,7,9,5,21,17,24,25,12,13)(3,16)(4,10)(8,22)(14,26)
(1,17,6,11,12,5,18,2,24,7,27,13,21,19,15,25,9,23)(3,16)(4,10)(8,22)(14,26)
(1,23,24,2,9,25,18,5,15,19,12,11,21,13,6,17,27,7)(3,14)(4,20)(10,26)(16,22)
(1,5,6,2,12,7,18,13,24,19,27,25,21,23,15,17,9,11)(3,14)(4,20)(10,26)(16,22)
(1,13,15,2,27,11,18,23,6,19,9,7,21,5,24,17,12,25)(3,14)(4,20)(10,26)(16,22)
(1,25,12,17,24,5,21,7,9,19,6,23,18,11,27,2,15,13)(3,14)(4,20)(10,26)(16,22)
(1,11,9,17,15,23,21,25,27,19,24,13,18,7,12,2,6,5)(3,14)(4,20)(10,26)(16,22)
(1,7,27,17,6,13,21,11,12,19,15,5,18,25,9,2,24,23)(3,14)(4,20)(10,26)(16,22)
(1,23,15,19,27,7,18,5,6,17,9,25,21,13,24,2,12,11)(3,22)(4,16)(8,26)(14,20)
(1,5,24,19,9,11,18,13,15,17,12,7,21,23,6,2,27,25)(3,22)(4,16)(8,26)(14,20)
(1,7,9,2,15,5,21,11,27,17,24,23,18,25,12,19,6,13)(3,22)(4,16)(8,26)(14,20)
(1,25,27,2,6,23,21,7,12,17,15,13,18,11,9,19,24,5)(3,22)(4,16)(8,26)(14,20)
(1,11,12,2,24,13,21,25,9,17,6,5,18,7,27,19,15,23)(3,22)(4,16)(8,26)(14,20)
(1,23,6,17,12,11,18,5,24,2,27,7,21,13,15,19,9,25)(3,4)(8,10)(14,16)(20,22)
(1,5,15,17,27,25,18,13,6,2,9,11,21,23,24,19,12,7)(3,4)(8,10)(14,16)(20,22)
(1,13,24,17,9,7,18,23,15,2,12,25,21,5,6,19,27,11)(3,4)(8,10)(14,16)(20,22)
(1,11,27,19,6,5,21,25,12,2,15,23,18,7,9,17,24,13)(3,4)(8,10)(14,16)(20,22)
(1,7,12,19,24,23,21,11,9,2,6,13,18,25,27,17,15,5)(3,4)(8,10)(14,16)(20,22)
(1,25,9,19,15,13,21,7,27,2,24,5,18,11,12,17,6,23)(3,4)(8,10)(14,16)(20,22)
(1,18)(2,20,23,10,7,14,17,16,13,8,11,22,19,3,5,26,25,4)(6,12)(9,24)(15,27)
(1,18)(2,16,5,10,11,4,17,3,23,8,25,14,19,20,13,26,7,22)(6,12)(9,24)(15,27)
(1,18)(2,3,13,10,25,22,17,20,5,8,7,4,19,16,23,26,11,14)(6,12)(9,24)(15,27)
(1,18)(2,14,11,26,23,16,19,4,7,8,5,20,17,22,25,10,13,3)(6,12)(9,24)(15,27)
(1,18)(2,22,7,26,13,20,19,14,25,8,23,3,17,4,11,10,5,16)(6,12)(9,24)(15,27)
(1,18)(2,4,25,26,5,3,19,22,11,8,13,16,17,14,7,10,23,20)(6,12)(9,24)(15,27)
(1,21)(2,16,13,26,25,14,17,3,5,10,7,22,19,20,23,8,11,4)(6,27)(9,15)(12,24)
(1,21)(2,3,23,26,7,4,17,20,13,10,11,14,19,16,5,8,25,22)(6,27)(9,15)(12,24)
(1,21)(2,20,5,26,11,22,17,16,23,10,25,4,19,3,13,8,7,14)(6,27)(9,15)(12,24)
(1,21)(2,14,7,8,13,3,19,4,25,10,23,16,17,22,11,26,5,20)(6,27)(9,15)(12,24)
(1,21)(2,22,25,8,5,16,19,14,11,10,13,20,17,4,7,26,23,3)(6,27)(9,15)(12,24)
(1,21)(2,4,11,8,23,20,19,22,7,10,5,3,17,14,25,26,13,16)(6,27)(9,15)(12,24)
(2,3,5,8,11,14,17,20,23,26,25,22,19,16,13,10,7,4)(6,9)(12,15)(18,21)(24,27)
(2,20,13,8,25,4,17,16,5,26,7,14,19,3,23,10,11,22)(6,9)(12,15)(18,21)(24,27)
(2,16,23,8,7,22,17,3,13,26,11,4,19,20,5,10,25,14)(6,9)(12,15)(18,21)(24,27)
(2,14,25,10,5,20,19,4,11,26,13,3,17,22,7,8,23,16)(6,9)(12,15)(18,21)(24,27)
(2,22,11,10,23,3,19,14,7,26,5,16,17,4,25,8,13,20)(6,9)(12,15)(18,21)(24,27)
(2,4,7,10,13,16,19,22,25,26,23,20,17,14,11,8,5,3)(6,9)(12,15)(18,21)(24,27)
(1,10,6,4,12,3,18,8,24,14,27,20,21,26,15,22,9,16)(2,25)(5,23)(7,19)(11,17)
(1,8,15,4,27,16,18,26,6,14,9,3,21,10,24,22,12,20)(2,25)(5,23)(7,19)(11,17)
(1,26,24,4,9,20,18,10,15,14,12,16,21,8,6,22,27,3)(2,25)(5,23)(7,19)(11,17)
(1,3,27,22,6,8,21,16,12,14,15,10,18,20,9,4,24,26)(2,25)(5,23)(7,19)(11,17)
(1,20,12,22,24,10,21,3,9,14,6,26,18,16,27,4,15,8)(2,25)(5,23)(7,19)(11,17)
(1,16,9,22,15,26,21,20,27,14,24,8,18,3,12,4,6,10)(2,25)(5,23)(7,19)(11,17)
(1,10,24,14,9,16,18,8,15,22,12,3,21,26,6,4,27,20)(2,11)(7,17)(13,23)(19,25)
(1,8,6,14,12,20,18,26,24,22,27,16,21,10,15,4,9,3)(2,11)(7,17)(13,23)(19,25)
(1,26,15,14,27,3,18,10,6,22,9,20,21,8,24,4,12,16)(2,11)(7,17)(13,23)(19,25)
(1,16,12,4,24,8,21,20,9,22,6,10,18,3,27,14,15,26)(2,11)(7,17)(13,23)(19,25)
(1,3,9,4,15,10,21,16,27,22,24,26,18,20,12,14,6,8)(2,11)(7,17)(13,23)(19,25)
(1,20,27,4,6,26,21,3,12,22,15,8,18,16,9,14,24,10)(2,11)(7,17)(13,23)(19,25)
(1,10,15,22,27,20,18,8,6,4,9,16,21,26,24,14,12,3)(2,7)(5,13)(11,19)(17,25)
(1,14,27,10,6,20,21,4,12,26,15,3,18,22,9,8,24,16)(5,7)(11,13)(17,19)(23,25)
(1,26,6,22,12,16,18,10,24,4,27,3,21,8,15,14,9,20)(2,7)(5,13)(11,19)(17,25)
(1,20,9,14,15,8,21,3,27,4,24,10,18,16,12,22,6,26)(2,7)(5,13)(11,19)(17,25)
(1,16,27,14,6,10,21,20,12,4,15,26,18,3,9,22,24,8)(2,7)(5,13)(11,19)(17,25)
(1,3,12,14,24,26,21,16,9,4,6,8,18,20,27,22,15,10)(2,7)(5,13)(11,19)(17,25)
(1,10,27,20,6,4,21,26,12,3,15,22,18,8,9,16,24,14)(2,5)(7,11)(13,17)(19,23)
(1,26,9,20,15,14,21,8,27,3,24,4,18,10,12,16,6,22)(2,5)(7,11)(13,17)(19,23)
(1,4,15,16,27,26,18,14,6,3,9,10,21,22,24,20,12,8)(2,5)(7,11)(13,17)(19,23)
(1,22,6,16,12,10,18,4,24,3,27,8,21,14,15,20,9,26)(2,5)(7,11)(13,17)(19,23)
(1,14,24,16,9,8,18,22,15,3,12,26,21,4,6,20,27,10)(2,5)(7,11)(13,17)(19,23)
(1,10,9,16,15,22,21,26,27,20,24,14,18,8,12,3,6,4)(2,13)(5,19)(11,25)(17,23)
(1,26,12,16,24,4,21,8,9,20,6,22,18,10,27,3,15,14)(2,13)(5,19)(11,25)(17,23)
(1,8,27,16,6,14,21,10,12,20,15,4,18,26,9,3,24,22)(2,13)(5,19)(11,25)(17,23)
(1,22,24,3,9,26,18,4,15,20,12,10,21,14,6,16,27,8)(2,13)(5,19)(11,25)(17,23)
(1,14,15,3,27,10,18,22,6,20,9,8,21,4,24,16,12,26)(2,13)(5,19)(11,25)(17,23)
(1,4,6,3,12,8,18,14,24,20,27,26,21,22,15,16,9,10)(2,13)(5,19)(11,25)(17,23)
(1,10,12,3,24,14,21,26,9,16,6,4,18,8,27,20,15,22)(2,23)(5,17)(7,25)(13,19)
(1,26,27,3,6,22,21,8,12,16,15,14,18,10,9,20,24,4)(2,23)(5,17)(7,25)(13,19)
(1,8,9,3,15,4,21,10,27,16,24,22,18,26,12,20,6,14)(2,23)(5,17)(7,25)(13,19)
(1,14,6,20,12,26,18,22,24,16,27,10,21,4,15,3,9,8)(2,23)(5,17)(7,25)(13,19)
(1,4,24,20,9,10,18,14,15,16,12,8,21,22,6,3,27,26)(2,23)(5,17)(7,25)(13,19)
(1,22,15,20,27,8,18,4,6,16,9,26,21,14,24,3,12,10)(2,23)(5,17)(7,25)(13,19)
(1,22,27,8,6,16,21,14,12,10,15,20,18,4,9,26,24,3)(2,19)(5,25)(7,13)(11,23)
(1,14,9,8,15,3,21,4,27,10,24,16,18,22,12,26,6,20)(2,19)(5,25)(7,13)(11,23)
(1,4,12,8,24,20,21,22,9,10,6,3,18,14,27,26,15,16)(2,19)(5,25)(7,13)(11,23)
(1,16,15,26,27,14,18,3,6,10,9,22,21,20,24,8,12,4)(2,19)(5,25)(7,13)(11,23)
(1,20,6,26,12,22,18,16,24,10,27,4,21,3,15,8,9,14)(2,19)(5,25)(7,13)(11,23)
(1,3,24,26,9,4,18,20,15,10,12,14,21,16,6,8,27,22)(2,19)(5,25)(7,13)(11,23)
(1,22,9,26,15,20,21,14,27,8,24,3,18,4,12,10,6,16)(2,17)(5,11)(7,23)(13,25)
(1,14,12,26,24,16,21,4,9,8,6,20,18,22,27,10,15,3)(2,17)(5,11)(7,23)(13,25)
(1,4,27,26,6,3,21,22,12,8,15,16,18,14,9,10,24,20)(2,17)(5,11)(7,23)(13,25)
(1,20,24,10,9,14,18,16,15,8,12,22,21,3,6,26,27,4)(2,17)(5,11)(7,23)(13,25)
(1,3,15,10,27,22,18,20,6,8,9,4,21,16,24,26,12,14)(2,17)(5,11)(7,23)(13,25)
(1,16,6,10,12,4,18,3,24,8,27,14,21,20,15,26,9,22)(2,17)(5,11)(7,23)(13,25)
(1,16,24,8,9,22,18,3,15,26,12,4,21,20,6,10,27,14)(5,7)(11,13)(17,19)(23,25)
(1,3,6,8,12,14,18,20,24,26,27,22,21,16,15,10,9,4)(5,7)(11,13)(17,19)(23,25)
(1,20,15,8,27,4,18,16,6,26,9,14,21,3,24,10,12,22)(5,7)(11,13)(17,19)(23,25)
(1,22,12,10,24,3,21,14,9,26,6,16,18,4,27,8,15,20)(5,7)(11,13)(17,19)(23,25)
(1,4,9,10,15,16,21,22,27,26,24,20,18,14,12,8,6,3)(5,7)(11,13)(17,19)(23,25)
(1,8,24,22,9,3,18,26,15,4,12,20,21,10,6,14,27,16)(2,7)(5,13)(11,19)(17,25)
(1,8,12,20,24,22,21,10,9,3,6,14,18,26,27,16,15,4)(2,5)(7,11)(13,17)(19,23)
(1,5,9,11,15,17,21,23,27,25,24,19,18,13,12,7,6,2)(4,8)(10,14)(16,20)(22,26)
(1,13,27,11,6,19,21,5,12,25,15,2,18,23,9,7,24,17)(4,8)(10,14)(16,20)(22,26)
(1,23,12,11,24,2,21,13,9,25,6,17,18,5,27,7,15,19)(4,8)(10,14)(16,20)(22,26)
(1,13,6,19,12,25,18,23,24,17,27,11,21,5,15,2,9,7)(3,22)(4,16)(8,26)(14,20)