1 2 3
1 2 4
1 3 5
1 4 7
1 5 8
1 7 10
1 8 11
1 10 13
1 11 14
1 13 16
1 14 17
1 16 19
1 17 20
1 19 22
1 20 23
1 22 25
1 23 26
1 25 26
2 3 6
2 4 9
2 6 8
2 8 12
2 9 10
2 10 15
2 12 14
2 14 18
2 15 16
2 16 21
2 18 20
2 20 24
2 21 22
2 22 27
2 24 26
2 26 27
3 5 9
3 6 7
3 7 12
3 9 11
3 11 15
3 12 13
3 13 18
3 15 17
3 17 21
3 18 19
3 19 24
3 21 23
3 23 27
3 24 25
3 25 27
4 5 9
4 5 15
4 6 7
4 6 13
4 11 15
4 11 21
4 12 13
4 12 19
4 17 21
4 17 27
4 18 19
4 18 25
4 23 24
4 23 27
4 24 25
5 6 8
5 6 14
5 10 15
5 10 21
5 12 14
5 12 20
5 16 21
5 16 27
5 18 20
5 18 26
5 22 24
5 22 27
5 24 26
6 10 13
6 10 19
6 11 14
6 11 20
6 16 19
6 16 25
6 17 20
6 17 26
6 22 23
6 22 25
6 23 26
7 8 12
7 8 18
7 9 10
7 9 16
7 14 18
7 14 24
7 15 16
7 15 22
7 20 24
7 20 27
7 21 22
7 21 26
7 26 27
8 9 11
8 9 17
8 13 18
8 13 24
8 15 17
8 15 23
8 19 24
8 19 27
8 21 23
8 21 25
8 25 27
9 13 16
9 13 22
9 14 17
9 14 23
9 19 22
9 19 26
9 20 23
9 20 25
9 25 26
10 11 21
10 11 27
10 12 19
10 12 25
10 17 24
10 17 27
10 18 23
10 18 25
10 23 24
11 12 20
11 12 26
11 16 24
11 16 27
11 18 22
11 18 26
11 22 24
12 16 23
12 16 25
12 17 22
12 17 26
12 22 23
13 14 24
13 14 27
13 15 22
13 15 26
13 20 21
13 20 27
13 21 26
14 15 23
14 15 25
14 19 21
14 19 27
14 21 25
15 19 20
15 19 26
15 20 25
16 17 18
16 17 24
16 18 23
17 18 22
19 20 21