(1,8)(2,22)(3,19)(4,11)(5,12)(6,15)(7,14)(9,16)(10,23)(13,24)(17,18)(20,21)
(1,15)(2,13)(3,6)(4,7)(5,24)(8,19)(9,14)(10,21)(11,16)(12,22)(17,20)(18,23)
(1,22)(2,11)(3,23)(4,8)(5,17)(6,18)(7,19)(9,21)(10,14)(12,15)(13,16)(20,24)
(1,9)(2,17)(3,5)(4,10)(6,21)(7,24)(8,16)(11,23)(12,19)(13,14)(15,20)(18,22)
(1,11)(2,8)(3,14)(4,22)(5,6)(7,23)(9,24)(10,19)(12,18)(13,21)(15,17)(16,20)
(1,3)(2,5)(4,9)(6,8)(7,16)(10,17)(11,14)(12,13)(15,19)(18,21)(20,23)(22,24)
(1,14)(2,6)(3,11)(4,24)(5,8)(7,20)(9,22)(10,15)(12,21)(13,18)(16,23)(17,19)
(1,18)(2,12)(3,16)(4,20)(5,23)(6,19)(7,10)(8,11)(9,13)(14,22)(15,24)(17,21)
(1,16)(2,18)(3,12)(4,23)(5,19)(6,20)(7,13)(8,9)(10,11)(14,24)(15,21)(17,22)
(1,19)(2,24)(3,9)(4,15)(5,16)(6,10)(7,22)(8,12)(11,20)(13,17)(14,18)(21,23)
(1,5)(2,14)(3,8)(4,21)(6,11)(7,17)(9,12)(10,20)(13,22)(15,23)(16,19)(18,24)
(1,6)(2,3)(4,13)(5,11)(7,15)(8,14)(9,18)(10,16)(12,24)(17,23)(19,20)(21,22)
(1,10)(2,4)(3,17)(5,9)(6,22)(7,18)(8,24)(11,15)(12,20)(13,23)(14,19)(16,21)
(1,13)(2,15)(3,7)(4,6)(5,21)(8,23)(9,20)(10,24)(11,22)(12,16)(14,17)(18,19)
(1,4)(2,7)(3,15)(5,22)(6,13)(8,17)(9,19)(10,12)(11,21)(14,23)(16,24)(18,20)
(1,20)(2,10)(3,24)(4,18)(5,14)(6,9)(7,12)(8,21)(11,17)(13,19)(15,16)(22,23)
(1,17)(2,9)(3,10)(4,5)(6,24)(7,21)(8,22)(11,19)(12,23)(13,20)(14,15)(16,18)
(1,2)(3,4)(5,10)(6,7)(8,18)(9,17)(11,12)(13,15)(14,20)(16,22)(19,23)(21,24)
(1,7)(2,20)(3,21)(4,12)(5,13)(6,14)(8,15)(9,23)(10,18)(11,24)(16,17)(19,22)
(1,12)(2,16)(3,18)(4,19)(5,20)(6,23)(7,8)(9,10)(11,13)(14,21)(15,22)(17,24)
(1,21)(2,23)(3,13)(4,17)(5,7)(6,16)(8,20)(9,15)(10,22)(11,18)(12,14)(19,24)
(1,6)(4,11)(5,13)(7,14)(8,15)(9,16)(10,18)(12,24)(17,23)
(1,7)(2,15)(3,13)(5,21)(8,20)(9,23)(10,22)(11,24)(18,19)
(1,2)(5,6)(7,10)(8,11)(9,13)(12,18)(15,17)(19,23)(21,24)
(1,15)(2,22)(3,19)(5,24)(6,8)(10,17)(12,13)(18,23)(20,21)
(1,16)(2,13)(4,23)(5,9)(7,18)(8,19)(10,21)(11,15)(14,24)
(1,20)(2,14)(3,24)(4,21)(5,10)(8,18)(13,15)(16,19)(22,23)
(1,3)(4,6)(7,13)(8,9)(10,11)(12,16)(14,17)(20,23)(22,24)
(2,7)(3,12)(5,8)(6,20)(9,19)(10,15)(11,21)(13,18)(17,22)
(1,14)(2,20)(3,21)(4,24)(6,7)(9,17)(11,12)(16,23)(19,22)
(1,18)(3,11)(4,10)(5,23)(7,20)(8,16)(9,22)(13,14)(15,24)
(1,19)(2,24)(3,15)(4,9)(5,22)(7,16)(11,14)(18,20)(21,23)
(3,4)(5,7)(6,10)(8,12)(9,15)(11,18)(13,17)(14,20)(16,22)
(1,5)(2,9)(4,17)(6,16)(7,21)(11,19)(12,14)(15,23)(18,24)
(1,12)(2,18)(3,16)(4,20)(5,19)(6,23)(14,22)(15,21)(17,24)
(1,22)(2,17)(3,23)(5,11)(6,21)(7,15)(9,18)(12,19)(20,24)
(1,13)(2,6)(4,15)(5,16)(8,23)(10,24)(12,21)(14,18)(17,19)
(2,5)(4,8)(6,9)(7,12)(10,14)(11,17)(13,16)(15,19)(18,21)
(1,17)(2,10)(3,9)(6,24)(7,22)(8,21)(11,20)(12,23)(13,19)
(2,3)(4,5)(7,8)(9,10)(11,13)(14,15)(16,18)(19,20)(21,22)
(1,4)(3,10)(5,17)(6,18)(8,22)(12,15)(13,20)(14,23)(16,24)
(1,11)(3,6)(4,18)(5,14)(7,23)(9,24)(12,22)(15,16)(17,20)
(1,9)(2,16)(4,19)(6,13)(7,24)(8,17)(10,12)(11,23)(14,21)
(1,21)(2,23)(3,17)(4,13)(6,22)(8,14)(10,16)(12,20)(19,24)
(1,8)(2,11)(3,14)(4,22)(7,19)(9,21)(10,23)(13,24)(16,20)
(2,12)(3,8)(4,7)(6,19)(9,14)(10,20)(11,16)(13,22)(17,21)
(2,8)(3,5)(4,12)(6,14)(10,19)(13,21)(15,20)(16,17)(18,22)
(1,10)(3,18)(5,20)(6,11)(7,17)(8,24)(9,12)(13,23)(15,22)
(2,4)(3,7)(5,12)(6,15)(9,20)(11,22)(14,19)(16,21)(17,18)
(1,23,24)(2,18,10)(3,16,9)(4,11,20)(5,13,19)(6,12,17)(7,22,14)(8,21,15)
(1,6,19)(2,24,12)(3,15,8)(4,14,16)(5,13,22)(7,11,9)(10,20,18)(17,21,23)
(1,20,9)(2,21,19)(3,7,24)(4,14,16)(5,12,10)(6,13,15)(8,18,17)(11,23,22)
(1,9,20)(2,19,21)(3,24,7)(4,16,14)(5,10,12)(6,15,13)(8,17,18)(11,22,23)
(1,7,4)(2,12,15)(3,20,22)(5,21,17)(6,18,19)(8,13,10)(9,14,23)(11,16,24)
(1,19,6)(2,12,24)(3,8,15)(4,16,14)(5,22,13)(7,9,11)(10,18,20)(17,23,21)
(1,24,23)(2,15,16)(3,6,13)(4,19,18)(5,14,21)(7,9,11)(8,20,17)(10,22,12)
(1,8,12)(2,11,18)(3,22,20)(4,14,16)(5,19,7)(6,23,10)(9,15,21)(13,17,24)
(1,12,8)(2,18,11)(3,20,22)(4,16,14)(5,7,19)(6,10,23)(9,21,15)(13,24,17)
(1,5,3)(2,8,9)(4,14,16)(6,12,17)(7,21,13)(10,11,19)(15,20,23)(18,22,24)
(1,3,5)(2,9,8)(4,16,14)(6,17,12)(7,13,21)(10,19,11)(15,23,20)(18,24,22)
(1,4,7)(2,15,12)(3,22,20)(5,17,21)(6,19,18)(8,10,13)(9,23,14)(11,24,16)
(1,24,23)(2,10,18)(3,9,16)(4,20,11)(5,19,13)(6,17,12)(7,14,22)(8,15,21)
(1,11,13)(2,6,3)(4,14,16)(5,18,15)(7,8,23)(9,10,24)(12,22,21)(17,20,19)
(1,24,23)(2,14,17)(3,20,22)(4,6,21)(5,10,11)(7,15,13)(8,9,18)(12,19,16)
(1,23,24)(2,21,19)(3,17,15)(4,13,9)(5,22,6)(7,16,10)(8,11,14)(12,18,20)
(1,24,23)(2,19,21)(3,15,17)(4,9,13)(5,6,22)(7,10,16)(8,14,11)(12,20,18)
(1,23,24)(2,13,20)(3,21,10)(4,16,14)(5,17,9)(6,7,18)(8,22,19)(11,15,12)
(1,4,2)(3,7,10)(5,15,18)(6,12,17)(8,22,11)(9,13,20)(14,19,23)(16,21,24)
(1,2,4)(3,10,7)(5,18,15)(6,17,12)(8,11,22)(9,20,13)(14,23,19)(16,24,21)
(1,19,10)(2,8,24)(3,22,20)(4,12,9)(5,15,18)(6,11,14)(7,16,17)(13,23,21)
(1,10,19)(2,24,8)(3,20,22)(4,9,12)(5,18,15)(6,14,11)(7,17,16)(13,21,23)
(1,7,12)(2,21,19)(3,13,16)(4,20,8)(5,15,18)(6,23,9)(10,14,22)(11,17,24)
(1,23,24)(2,16,15)(3,13,6)(4,18,19)(5,21,14)(7,11,9)(8,17,20)(10,12,22)
(1,24,23)(2,9,22)(3,19,11)(4,10,17)(5,15,18)(6,16,8)(7,20,21)(12,14,13)
(1,23,24)(2,17,14)(3,22,20)(4,21,6)(5,11,10)(7,13,15)(8,18,9)(12,16,19)
(1,22,16)(2,17,13)(3,4,23)(5,15,18)(6,10,21)(7,11,9)(8,19,12)(14,24,20)
(1,24,23)(2,20,13)(3,10,21)(4,14,16)(5,9,17)(6,18,7)(8,19,22)(11,12,15)
(1,8,5)(2,19,21)(3,12,14)(4,22,17)(6,16,20)(7,11,9)(10,15,23)(13,18,24)
(1,5,8)(2,21,19)(3,14,12)(4,17,22)(6,20,16)(7,9,11)(10,23,15)(13,24,18)
(1,20,6)(2,7,14)(3,12,24)(4,21,11)(5,18,15)(8,10,13)(9,16,19)(17,23,22)
(1,13,11)(2,3,6)(4,16,14)(5,15,18)(7,23,8)(9,24,10)(12,21,22)(17,19,20)
(1,15,14)(2,19,21)(3,22,20)(4,24,5)(6,8,7)(9,17,10)(11,12,13)(16,23,18)
(1,15,9)(2,22,16)(3,4,19)(5,7,24)(6,17,12)(8,13,10)(11,23,18)(14,21,20)
(1,2,3)(4,6,5)(7,11,9)(8,10,13)(12,18,16)(14,17,15)(19,20,23)(21,22,24)
(1,14,10)(2,5,20)(3,21,18)(4,8,24)(6,17,12)(7,11,9)(13,23,16)(15,22,19)
(1,10,14)(2,20,5)(3,18,21)(4,24,8)(6,12,17)(7,9,11)(13,16,23)(15,19,22)
(1,6,20)(2,14,7)(3,24,12)(4,11,21)(5,15,18)(8,13,10)(9,19,16)(17,22,23)
(1,9,15)(2,16,22)(3,19,4)(5,24,7)(6,12,17)(8,10,13)(11,18,23)(14,20,21)
(1,24,23)(2,6,11)(3,14,18)(4,15,22)(5,20,16)(7,19,17)(8,10,13)(9,21,12)
(1,14,15)(2,21,19)(3,20,22)(4,5,24)(6,7,8)(9,10,17)(11,13,12)(16,18,23)
(1,13,22)(2,21,19)(3,23,8)(4,7,15)(5,16,11)(6,17,12)(9,18,14)(10,20,24)
(1,22,13)(2,19,21)(3,8,23)(4,15,7)(5,11,16)(6,12,17)(9,14,18)(10,24,20)
(1,16,22)(2,13,17)(3,23,4)(5,18,15)(6,21,10)(7,9,11)(8,12,19)(14,20,24)
(1,21,18)(2,5,23)(3,17,11)(4,14,16)(6,9,22)(7,20,12)(8,13,10)(15,24,19)
(1,18,21)(2,23,5)(3,11,17)(4,16,14)(6,22,9)(7,12,20)(8,10,13)(15,19,24)
(1,17,18)(2,4,10)(3,22,20)(5,23,12)(6,15,24)(7,9,11)(8,21,16)(13,19,14)
(1,21,11)(2,7,23)(3,20,22)(4,13,18)(5,14,8)(6,12,17)(9,24,19)(10,15,16)
(1,11,21)(2,23,7)(3,22,20)(4,18,13)(5,8,14)(6,17,12)(9,19,24)(10,16,15)
(1,18,17)(2,10,4)(3,20,22)(5,12,23)(6,24,15)(7,11,9)(8,16,21)(13,14,19)
(1,23,24)(2,11,6)(3,18,14)(4,22,15)(5,16,20)(7,17,19)(8,13,10)(9,12,21)
(1,17,16)(2,21,19)(3,5,9)(4,23,12)(6,14,24)(7,22,18)(8,10,13)(11,20,15)
(1,16,17)(2,19,21)(3,9,5)(4,12,23)(6,24,14)(7,18,22)(8,13,10)(11,15,20)
(1,23,24)(2,22,9)(3,11,19)(4,17,10)(5,18,15)(6,8,16)(7,21,20)(12,13,14)
(1,12,7)(2,19,21)(3,16,13)(4,8,20)(5,18,15)(6,9,23)(10,22,14)(11,24,17)
(1,3,2)(4,5,6)(7,9,11)(8,13,10)(12,16,18)(14,15,17)(19,23,20)(21,24,22)
(1,2,18,12)(3,11,16,8)(4,10,20,7)(5,6,23,19)(9,14,13,22)(15,17,24,21)
(1,16,10,21)(2,23,4,13)(3,18,17,7)(5,12,9,20)(6,11,22,15)(8,19,24,14)
(1,21,10,16)(2,13,4,23)(3,7,17,18)(5,20,9,12)(6,15,22,11)(8,14,24,19)
(1,22,6,21)(2,23,3,17)(4,11,13,5)(7,8,15,14)(9,10,18,16)(12,19,24,20)
(1,21,6,22)(2,17,3,23)(4,5,13,11)(7,14,15,8)(9,16,18,10)(12,20,24,19)
(1,15,8,6)(2,4,22,11)(3,7,19,14)(5,13,12,24)(9,21,16,20)(10,17,23,18)
(1,18,9,22)(2,16,17,8)(3,23,5,11)(4,12,10,19)(6,13,21,14)(7,20,24,15)
(1,22,9,18)(2,8,17,16)(3,11,5,23)(4,19,10,12)(6,14,21,13)(7,15,24,20)
(1,3,16,12)(2,13,18,7)(4,6,23,20)(5,9,19,8)(10,15,11,21)(14,17,24,22)
(1,12,16,3)(2,7,18,13)(4,20,23,6)(5,8,19,9)(10,21,11,15)(14,22,24,17)
(1,6,8,15)(2,11,22,4)(3,14,19,7)(5,24,12,13)(9,20,16,21)(10,18,23,17)
(1,10,12,9)(2,18,16,3)(4,20,19,5)(6,11,23,13)(7,24,8,17)(14,22,21,15)
(1,8,11,2)(3,5,14,6)(4,12,22,18)(7,19,23,10)(9,21,24,13)(15,16,17,20)
(1,4,22,8)(2,17,11,5)(3,10,23,14)(6,9,18,21)(7,15,19,12)(13,24,16,20)
(1,8,22,4)(2,5,11,17)(3,14,23,10)(6,21,18,9)(7,12,19,15)(13,20,16,24)
(1,2,11,8)(3,6,14,5)(4,18,22,12)(7,10,23,19)(9,13,24,21)(15,20,17,16)
(1,19,3,15)(2,22,5,24)(4,8,9,6)(7,12,16,13)(10,11,17,14)(18,23,21,20)
(1,9,12,10)(2,3,16,18)(4,5,19,20)(6,13,23,11)(7,17,8,24)(14,15,21,22)
(1,15,3,19)(2,24,5,22)(4,6,9,8)(7,13,16,12)(10,14,17,11)(18,20,21,23)
(1,11,20,17)(2,14,10,5)(3,6,24,9)(4,8,18,21)(7,22,12,23)(13,15,19,16)
(1,17,20,11)(2,5,10,14)(3,9,24,6)(4,21,18,8)(7,23,12,22)(13,16,19,15)
(1,7,21,5)(2,15,23,9)(3,4,13,17)(6,22,16,10)(8,12,20,14)(11,19,18,24)
(1,5,21,7)(2,9,23,15)(3,17,13,4)(6,10,16,22)(8,14,20,12)(11,24,18,19)
(1,4,17,5)(2,10,9,3)(6,18,24,16)(7,22,21,8)(11,20,19,13)(12,15,23,14)
(1,5,17,4)(2,3,9,10)(6,16,24,18)(7,8,21,22)(11,13,19,20)(12,14,23,15)
(1,7,13,3)(2,4,15,6)(5,12,21,16)(8,20,23,9)(10,22,24,11)(14,18,17,19)
(1,3,13,7)(2,6,15,4)(5,16,21,12)(8,9,23,20)(10,11,24,22)(14,19,17,18)
(1,16,15,11)(2,12,13,22)(3,19,6,8)(4,18,7,23)(5,9,24,14)(10,20,21,17)
(1,20,2,14)(3,21,4,24)(5,7,10,6)(8,12,18,11)(9,13,17,15)(16,23,22,19)
(1,14,2,20)(3,24,4,21)(5,6,10,7)(8,11,18,12)(9,15,17,13)(16,19,22,23)
(1,18,14,13)(2,20,6,7)(3,12,11,21)(4,10,24,15)(5,16,8,23)(9,19,22,17)
(1,10,5,20)(2,9,14,12)(3,24,8,18)(4,17,21,7)(6,19,11,16)(13,15,22,23)
(1,11,15,16)(2,22,13,12)(3,8,6,19)(4,23,7,18)(5,14,24,9)(10,17,21,20)
(1,14,7,6)(2,8,20,15)(3,5,21,13)(4,11,12,24)(9,17,23,16)(10,22,18,19)
(1,6,7,14)(2,15,20,8)(3,13,21,5)(4,24,12,11)(9,16,23,17)(10,19,18,22)
(1,9,4,19)(2,24,7,16)(3,10,15,12)(5,17,22,8)(6,20,13,18)(11,14,21,23)
(1,19,4,9)(2,16,7,24)(3,12,15,10)(5,8,22,17)(6,18,13,20)(11,23,21,14)
(1,13,19,17)(2,6,24,10)(3,15,9,4)(5,7,16,22)(8,21,12,23)(11,14,20,18)
(1,17,19,13)(2,10,24,6)(3,4,9,15)(5,22,16,7)(8,23,12,21)(11,18,20,14)
(1,13,14,18)(2,7,6,20)(3,21,11,12)(4,15,24,10)(5,23,8,16)(9,17,22,19)
(1,20,5,10)(2,12,14,9)(3,18,8,24)(4,7,21,17)(6,16,11,19)(13,23,22,15)
(1,12,18,2)(3,8,16,11)(4,7,20,10)(5,19,23,6)(9,22,13,14)(15,21,24,17)
(1,14,22,18,13,9)(2,21,19)(3,5,8,11,23,16)(4,20,15,10,7,24)(6,17,12)
(1,14,17,13,18,19)(2,24,4,6,10,15)(3,20,22)(5,21,23,16,12,8)(7,11,9)
(1,19,18,13,17,14)(2,15,10,6,4,24)(3,22,20)(5,8,12,16,23,21)(7,9,11)
(1,10,11,16,21,15)(2,18,23,13,7,4)(3,20,22)(5,24,8,9,14,19)(6,12,17)
(1,15,21,16,11,10)(2,4,7,13,23,18)(3,22,20)(5,19,14,9,8,24)(6,17,12)
(1,13,12,3,7,16)(2,21,19)(4,23,8,6,20,9)(5,15,18)(10,17,22,11,14,24)
(1,16,7,3,12,13)(2,19,21)(4,9,20,6,8,23)(5,18,15)(10,24,14,11,22,17)
(1,11,12,2,8,18)(3,22,20)(4,14,16)(5,23,7,6,19,10)(9,17,21,13,15,24)
(1,18,8,2,12,11)(3,20,22)(4,16,14)(5,10,19,6,7,23)(9,24,15,13,21,17)
(1,21,3,7,5,13)(2,20,9,15,8,23)(4,14,16)(6,12,17)(10,24,19,22,11,18)
(1,13,5,7,3,21)(2,23,8,15,9,20)(4,16,14)(6,17,12)(10,18,11,22,19,24)
(1,12,20,10,9,5)(2,19,21)(3,8,7,18,24,17)(4,16,14)(6,22,13,11,15,23)
(1,9,13,18,22,14)(2,19,21)(3,16,23,11,8,5)(4,24,7,10,15,20)(6,12,17)
(1,24,23)(2,10,17,5,14,11)(3,20,22)(4,9,21,8,6,18)(7,19,13,12,15,16)
(1,23,24)(2,17,15,8,16,20)(3,21,6,5,13,14)(4,22,19,12,18,10)(7,11,9)
(1,5,9,10,20,12)(2,21,19)(3,17,24,18,7,8)(4,14,16)(6,23,15,11,13,22)
(1,2,10,20,14,5)(3,4,18,24,21,8)(6,17,12)(7,11,9)(13,22,16,15,23,19)
(1,5,14,20,10,2)(3,8,21,24,18,4)(6,12,17)(7,9,11)(13,19,23,15,16,22)
(1,24,23)(2,20,16,8,15,17)(3,14,13,5,6,21)(4,10,18,12,19,22)(7,9,11)
(1,12,19,9,10,4)(2,7,8,16,24,17)(3,20,22)(5,18,15)(6,21,11,13,14,23)
(1,4,10,9,19,12)(2,17,24,16,8,7)(3,22,20)(5,15,18)(6,23,14,13,11,21)
(1,7,15,6,14,8)(2,21,19)(3,20,22)(4,13,24,11,5,12)(9,18,17,16,10,23)
(1,6,16,21,22,10)(2,3,13,23,17,4)(5,15,18)(7,11,9)(8,24,12,14,19,20)
(1,10,22,21,16,6)(2,4,17,23,13,3)(5,18,15)(7,9,11)(8,20,19,14,12,24)
(1,8,14,6,15,7)(2,19,21)(3,22,20)(4,12,5,11,24,13)(9,23,10,16,17,18)
(1,3,6,15,19,8)(2,13,24,22,12,5)(4,16,14)(7,9,11)(10,23,20,17,18,21)
(1,8,19,15,6,3)(2,5,12,22,24,13)(4,14,16)(7,11,9)(10,21,18,17,20,23)
(1,22,2,8,4,11)(3,19,10,14,7,23)(5,15,18)(6,12,17)(9,24,20,21,13,16)
(1,11,4,8,2,22)(3,23,7,14,10,19)(5,18,15)(6,17,12)(9,16,13,21,20,24)
(1,22,5,4,8,17)(2,19,21)(3,15,14,10,12,23)(6,24,20,18,16,13)(7,11,9)
(1,16,2,12,3,18)(4,19,6,20,5,23)(7,9,11)(8,13,10)(14,21,17,22,15,24)
(1,18,3,12,2,16)(4,23,5,20,6,19)(7,11,9)(8,10,13)(14,24,15,22,17,21)
(1,7,20,14,6,2)(3,4,12,21,24,11)(5,15,18)(8,13,10)(9,22,16,17,19,23)
(1,2,6,14,20,7)(3,11,24,21,12,4)(5,18,15)(8,10,13)(9,23,19,17,16,22)
(1,15,17,11,16,20)(2,19,21)(3,24,5,6,9,14)(4,22,23,18,12,7)(8,13,10)
(1,20,16,11,17,15)(2,21,19)(3,14,9,6,5,24)(4,7,12,18,23,22)(8,10,13)
(1,3,9,19,15,4)(2,5,16,24,22,7)(6,17,12)(8,13,10)(11,21,18,14,23,20)
(1,4,15,19,9,3)(2,7,22,24,16,5)(6,12,17)(8,10,13)(11,20,23,14,18,21)
(1,24,23)(2,15,11,4,6,22)(3,19,18,7,14,17)(5,9,16,12,20,21)(8,10,13)
(1,23,24)(2,22,6,4,11,15)(3,17,14,7,18,19)(5,21,20,12,16,9)(8,13,10)
(1,21,4,5,7,17)(2,14,15,9,12,23)(3,20,22)(6,24,19,16,18,11)(8,13,10)
(1,20,13,17,11,19)(2,24,3,10,6,9)(4,14,16)(5,18,15)(7,21,23,22,8,12)
(1,6,18,22,21,9)(2,11,23,17,5,3)(4,14,16)(7,24,12,15,20,19)(8,13,10)
(1,9,21,22,18,6)(2,3,5,17,23,11)(4,16,14)(7,19,20,15,12,24)(8,10,13)
(1,17,8,4,5,22)(2,21,19)(3,23,12,10,14,15)(6,13,16,18,20,24)(7,9,11)
(1,23,24)(2,18,20,7,13,6)(3,11,10,12,21,15)(4,16,14)(5,22,9,8,17,19)
(1,24,23)(2,6,13,7,20,18)(3,15,21,12,10,11)(4,14,16)(5,19,17,8,9,22)
(1,23,24)(2,13,9,12,22,14)(3,16,19,8,11,6)(4,21,10,7,17,20)(5,18,15)
(1,24,23)(2,14,22,12,9,13)(3,6,11,8,19,16)(4,20,17,7,10,21)(5,15,18)
(1,23,24)(2,21,19)(3,13,15,4,17,9)(5,16,6,7,22,10)(8,18,14,12,11,20)
(1,23,24)(2,11,14,5,17,10)(3,22,20)(4,18,6,8,21,9)(7,16,15,12,13,19)
(1,24,23)(2,9,18,3,10,16)(4,19,11,5,20,13)(6,17,12)(7,15,22,8,14,21)
(1,23,24)(2,16,10,3,18,9)(4,13,20,5,11,19)(6,12,17)(7,21,14,8,22,15)
(1,24,23)(2,19,21)(3,9,17,4,15,13)(5,10,22,7,6,16)(8,20,11,12,14,18)
(1,17,7,5,4,21)(2,23,12,9,15,14)(3,22,20)(6,11,18,16,19,24)(8,10,13)
(1,19,11,17,13,20)(2,9,6,10,3,24)(4,16,14)(5,15,18)(7,12,8,22,23,21)
(1,11,12,14,19,5,22)(2,18,20,24,9,17,4)(3,23,7,6,16,21,15)
(1,17,8,9,14,3,21)(2,23,12,10,11,16,20)(4,22,19,24,6,13,7)
(1,9,21,8,3,17,14)(2,10,20,12,16,23,11)(4,24,7,19,13,22,6)
(1,3,9,17,21,14,8)(2,16,10,23,20,11,12)(4,13,24,22,7,6,19)
(1,14,17,3,8,21,9)(2,11,23,16,12,20,10)(4,6,22,13,19,7,24)
(1,8,14,21,17,9,3)(2,12,11,20,23,10,16)(4,19,6,7,22,24,13)
(1,22,5,19,14,12,11)(2,4,17,9,24,20,18)(3,15,21,16,6,7,23)
(1,5,14,11,22,19,12)(2,17,24,18,4,9,20)(3,21,6,23,15,16,7)
(1,19,11,5,12,22,14)(2,9,18,17,20,4,24)(3,16,23,21,7,15,6)
(1,14,22,12,5,11,19)(2,24,4,20,17,18,9)(3,6,15,7,21,23,16)
(1,12,19,22,11,14,5)(2,20,9,4,18,24,17)(3,7,16,15,23,6,21)
(1,21,3,14,9,8,17)(2,20,16,11,10,12,23)(4,7,13,6,24,19,22)
(1,7,20,18,16,19,8)(2,13,24,11,3,15,14)(4,21,10,23,9,22,5)
(1,20,16,8,7,18,19)(2,24,3,14,13,11,15)(4,10,9,5,21,23,22)
(1,18,8,20,19,7,16)(2,11,14,24,15,13,3)(4,23,5,10,22,21,9)
(1,16,7,19,20,8,18)(2,3,13,15,24,14,11)(4,9,21,22,10,5,23)
(1,19,18,7,8,16,20)(2,15,11,13,14,3,24)(4,22,23,21,5,9,10)
(1,8,19,16,18,20,7)(2,14,15,3,11,24,13)(4,5,22,9,23,10,21)
(1,10,11,3,4,18,6)(5,17,23,13,7,20,14)(8,9,22,16,15,12,24)
(1,11,4,6,10,3,18)(5,23,7,14,17,13,20)(8,22,15,24,9,16,12)
(2,3,5,8,12,7,4)(6,9,14,19,20,15,10)(11,16,21,22,18,13,17)
(1,3,6,11,18,10,4)(5,13,14,23,20,17,7)(8,16,24,22,12,9,15)
(1,4,10,18,11,6,3)(5,7,17,20,23,14,13)(8,15,9,12,22,24,16)
(1,18,3,10,6,4,11)(5,20,13,17,14,7,23)(8,12,16,9,24,15,22)
(1,6,18,4,3,11,10)(5,14,20,7,13,23,17)(8,24,12,15,16,22,9)
(1,9,13,2,5,16,6)(4,17,23,11,8,19,15)(7,10,21,18,14,12,24)
(1,13,5,6,9,2,16)(4,23,8,15,17,11,19)(7,21,14,24,10,18,12)
(1,15,17,2,7,22,10)(3,13,23,18,12,19,9)(5,6,21,11,20,8,24)
(1,17,7,10,15,2,22)(3,23,12,9,13,18,19)(5,21,20,24,6,11,8)
(1,2,10,17,22,15,7)(3,18,9,23,19,13,12)(5,11,24,21,8,6,20)
(1,7,15,22,17,10,2)(3,12,13,19,23,9,18)(5,20,6,8,21,24,11)
(1,22,2,15,10,7,17)(3,19,18,13,9,12,23)(5,8,11,6,24,20,21)
(1,10,22,7,2,17,15)(3,9,19,12,18,23,13)(5,24,8,20,11,21,6)
(2,4,7,12,8,5,3)(6,10,15,20,19,14,9)(11,17,13,18,22,21,16)
(1,2,6,13,16,9,5)(4,11,15,23,19,17,8)(7,18,24,21,12,10,14)
(1,20,13,4,12,21,15)(2,18,23,22,8,14,6)(3,10,16,17,19,5,24)
(2,7,8,3,4,12,5)(6,15,19,9,10,20,14)(11,13,22,16,17,18,21)
(1,4,15,13,21,20,12)(2,22,6,23,14,18,8)(3,17,24,16,5,10,19)
(1,16,2,9,6,5,13)(4,19,11,17,15,8,23)(7,12,18,10,24,14,21)
(1,6,16,5,2,13,9)(4,15,19,8,11,23,17)(7,24,12,14,18,21,10)
(1,21,4,20,15,12,13)(2,14,22,18,6,8,23)(3,5,17,10,24,19,16)
(2,12,3,7,5,4,8)(6,20,9,15,14,10,19)(11,18,16,13,21,17,22)
(1,13,12,15,20,4,21)(2,23,8,6,18,22,14)(3,16,19,24,10,17,5)
(2,8,4,5,7,3,12)(6,19,10,14,15,9,20)(11,22,17,21,13,16,18)
(1,12,20,21,13,15,4)(2,8,18,14,23,6,22)(3,19,10,5,16,24,17)
(1,15,21,12,4,13,20)(2,6,14,8,22,23,18)(3,24,5,19,17,16,10)
(1,5,9,16,13,6,2)(4,8,17,19,23,15,11)(7,14,10,12,21,24,18)
(2,5,12,4,3,8,7)(6,14,20,10,9,19,15)(11,21,18,17,16,22,13)
(1,22,9,14,12,15,10,21)(2,23,3,11,16,6,18,13)(4,17,5,8,19,24,20,7)
(1,12,7,20,21,14,5,8)(2,16,15,10,23,6,9,22)(3,19,4,18,13,24,17,11)
(1,8,5,14,21,20,7,12)(2,22,9,6,23,10,15,16)(3,11,17,24,13,18,4,19)
(1,20,5,12,21,8,7,14)(2,10,9,16,23,22,15,6)(3,18,17,19,13,11,4,24)
(1,15,8,7,22,12,4,19)(2,24,5,13,11,20,17,16)(3,6,14,21,23,18,10,9)
(1,12,8,19,22,15,4,7)(2,20,5,16,11,24,17,13)(3,18,14,9,23,6,10,21)
(1,7,4,15,22,19,8,12)(2,13,17,24,11,16,5,20)(3,21,10,6,23,9,14,18)
(1,19,4,12,22,7,8,15)(2,16,17,20,11,13,5,24)(3,9,10,18,23,21,14,6)
(1,20,2,7,18,4,12,10)(3,21,11,15,16,17,8,24)(5,14,6,13,23,22,19,9)
(1,4,2,10,18,20,12,7)(3,17,11,24,16,21,8,15)(5,22,6,9,23,14,19,13)
(1,10,14,22,7,18,6,19)(2,24,8,4,20,11,15,12)(3,9,5,17,21,23,13,16)
(1,18,14,19,7,10,6,22)(2,11,8,12,20,24,15,4)(3,23,5,16,21,9,13,17)
(1,22,6,10,7,19,14,18)(2,4,15,24,20,12,8,11)(3,17,13,9,21,16,5,23)
(1,19,6,18,7,22,14,10)(2,12,15,11,20,4,8,24)(3,16,13,23,21,17,5,9)
(1,7,12,20,18,10,2,4)(3,15,8,21,16,24,11,17)(5,13,19,14,23,9,6,22)
(1,10,12,4,18,7,2,20)(3,24,8,17,16,15,11,21)(5,9,19,22,23,13,6,14)
(1,9,12,5,16,8,3,19)(2,24,7,17,18,14,13,22)(4,10,20,21,23,11,6,15)
(1,8,12,19,16,9,3,5)(2,14,7,22,18,24,13,17)(4,11,20,15,23,10,6,21)
(1,14,10,22,12,21,9,15)(2,11,18,23,16,13,3,6)(4,8,20,17,19,7,5,24)
(1,21,10,15,12,14,9,22)(2,13,18,6,16,11,3,23)(4,7,20,24,19,8,5,17)
(1,14,7,8,21,12,5,20)(2,6,15,22,23,16,9,10)(3,24,4,11,13,19,17,18)
(1,15,9,21,12,22,10,14)(2,6,3,13,16,23,18,11)(4,24,5,7,19,17,20,8)
(1,17,18,8,9,2,22,16)(3,4,23,12,5,10,11,19)(6,15,13,7,21,20,14,24)
(1,2,18,16,9,17,22,8)(3,10,23,19,5,4,11,12)(6,20,13,24,21,15,14,7)
(1,8,22,17,9,16,18,2)(3,12,11,4,5,19,23,10)(6,7,14,15,21,24,13,20)
(1,16,22,2,9,8,18,17)(3,19,11,10,5,12,23,4)(6,24,14,20,21,7,13,15)
(1,22,13,5,19,7,17,16)(2,11,6,14,24,20,10,18)(3,8,15,21,9,12,4,23)
(1,7,13,16,19,22,17,5)(2,20,6,18,24,11,10,14)(3,12,15,23,9,8,4,21)
(1,5,17,22,19,16,13,7)(2,14,10,11,24,18,6,20)(3,21,4,8,9,23,15,12)
(1,16,17,7,19,5,13,22)(2,18,10,20,24,14,6,11)(3,23,4,12,9,21,15,8)
(1,5,3,9,16,19,12,8)(2,17,13,24,18,22,7,14)(4,21,6,10,23,15,20,11)
(1,19,3,8,16,5,12,9)(2,22,13,14,18,17,7,24)(4,15,6,11,23,21,20,10)
(1,9,20,13,2,17,14,15)(3,10,21,6,4,5,24,7)(8,19,12,16,18,23,11,22)
(1,13,14,9,2,15,20,17)(3,6,24,10,4,7,21,5)(8,16,11,19,18,22,12,23)
(1,15,14,17,2,13,20,9)(3,7,24,5,4,6,21,10)(8,22,11,23,18,16,12,19)
(1,21,11,4,20,8,17,18)(2,7,14,22,10,12,5,23)(3,13,6,15,24,19,9,16)
(1,8,11,18,20,21,17,4)(2,12,14,23,10,7,5,22)(3,19,6,16,24,13,9,15)
(1,4,17,21,20,18,11,8)(2,22,5,7,10,23,14,12)(3,15,9,13,24,16,6,19)
(1,18,17,8,20,4,11,21)(2,23,5,12,10,22,14,7)(3,16,9,19,24,15,6,13)
(1,17,16,7,10,3,21,18)(2,5,23,12,4,9,13,20)(6,14,11,8,22,19,15,24)
(1,3,16,18,10,17,21,7)(2,9,23,20,4,5,13,12)(6,19,11,24,22,14,15,8)
(1,7,21,17,10,18,16,3)(2,12,13,5,4,20,23,9)(6,8,15,14,22,24,11,19)
(1,18,21,3,10,7,16,17)(2,20,13,9,4,12,23,5)(6,24,15,19,22,8,11,14)
(1,22,16,2,15,12,11,13)(3,4,19,18,6,7,8,23)(5,17,9,10,24,20,14,21)
(1,12,16,13,15,22,11,2)(3,7,19,23,6,4,8,18)(5,20,9,21,24,17,14,10)
(1,2,11,22,15,13,16,12)(3,18,8,4,6,23,19,7)(5,10,14,17,24,21,9,20)
(1,13,11,12,15,2,16,22)(3,23,8,7,6,18,19,4)(5,21,14,20,24,10,9,17)
(1,11,21,4,6,5,22,13)(2,14,17,15,3,8,23,7)(9,19,16,12,18,20,10,24)
(1,5,21,13,6,11,22,4)(2,8,17,7,3,14,23,15)(9,20,16,24,18,19,10,12)
(1,4,22,11,6,13,21,5)(2,15,23,14,3,7,17,8)(9,12,10,19,18,24,16,20)
(1,13,22,5,6,4,21,11)(2,7,23,8,3,15,17,14)(9,24,10,20,18,12,16,19)
(1,9,4,3,17,2,5,10)(6,21,18,8,24,7,16,22)(11,14,20,12,19,15,13,23)
(1,2,4,10,17,9,5,3)(6,7,18,22,24,21,16,8)(11,15,20,23,19,14,13,12)
(1,3,5,9,17,10,4,2)(6,8,16,21,24,22,18,7)(11,12,13,14,19,23,20,15)
(1,10,5,2,17,3,4,9)(6,22,16,7,24,8,18,21)(11,23,13,15,19,12,20,14)
(1,6,20,16,5,11,10,19)(2,24,12,3,14,18,9,8)(4,15,7,13,21,23,17,22)
(1,11,20,19,5,6,10,16)(2,18,12,8,14,24,9,3)(4,23,7,22,21,15,17,13)
(1,16,10,6,5,19,20,11)(2,3,9,24,14,8,12,18)(4,13,17,15,21,22,7,23)
(1,19,10,11,5,16,20,6)(2,8,9,18,14,3,12,24)(4,22,17,23,21,13,7,15)
(1,14,15,17,3,11,19,10)(2,8,24,4,5,6,22,9)(7,21,13,23,16,18,12,20)
(1,11,15,10,3,14,19,17)(2,6,24,9,5,8,22,4)(7,18,13,20,16,21,12,23)
(1,17,19,14,3,10,15,11)(2,4,22,8,5,9,24,6)(7,23,12,21,16,20,13,18)
(1,21,18,3,14,12,13,11)(2,5,20,16,6,8,7,23)(4,17,10,9,24,19,15,22)
(1,6,7,2,13,4,3,15)(5,24,12,11,21,10,16,22)(8,14,20,18,23,17,9,19)
(1,4,7,15,13,6,3,2)(5,10,12,22,21,24,16,11)(8,17,20,19,23,14,9,18)
(1,2,3,6,13,15,7,4)(5,11,16,24,21,22,12,10)(8,18,9,14,23,19,20,17)
(1,15,3,4,13,2,7,6)(5,22,16,10,21,11,12,24)(8,19,9,17,23,18,20,14)
(1,6,19,18,4,13,9,20)(2,15,16,10,7,3,24,12)(5,14,8,11,22,23,17,21)
(1,13,19,20,4,6,9,18)(2,3,16,12,7,15,24,10)(5,23,8,21,22,14,17,11)
(1,18,9,6,4,20,19,13)(2,10,24,15,7,12,16,3)(5,11,17,14,22,21,8,23)
(1,20,9,13,4,18,19,6)(2,12,24,3,7,10,16,15)(5,21,17,23,22,11,8,14)
(1,6,8,3,11,5,2,14)(4,24,12,13,22,9,18,21)(7,15,19,16,23,17,10,20)
(1,5,8,14,11,6,2,3)(4,9,12,21,22,24,18,13)(7,17,19,20,23,15,10,16)
(1,3,2,6,11,14,8,5)(4,13,18,24,22,21,12,9)(7,16,10,15,23,20,19,17)
(1,14,2,5,11,3,8,6)(4,21,18,9,22,13,12,24)(7,20,10,17,23,16,19,15)
(1,20,6,16,8,21,15,9)(2,18,11,23,22,17,4,10)(3,12,14,13,19,5,7,24)
(1,21,6,9,8,20,15,16)(2,17,11,10,22,18,4,23)(3,5,14,24,19,12,7,13)
(1,16,15,20,8,9,6,21)(2,23,4,18,22,10,11,17)(3,13,7,12,19,24,14,5)
(1,9,15,21,8,16,6,20)(2,10,4,17,22,23,11,18)(3,24,7,5,19,13,14,12)
(1,11,13,12,14,3,18,21)(2,23,7,8,6,16,20,5)(4,22,15,19,24,9,10,17)
(1,3,13,21,14,11,18,12)(2,16,7,5,6,23,20,8)(4,9,15,17,24,22,10,19)
(1,12,18,11,14,21,13,3)(2,8,20,23,6,5,7,16)(4,19,10,22,24,17,15,9)
(1,10,19,11,3,17,15,14)(2,9,22,6,5,4,24,8)(7,20,12,18,16,23,13,21)
(1,17,20,15,2,9,14,13)(3,5,21,7,4,10,24,6)(8,23,12,22,18,19,11,16)