1 2 27
1 2 47
1 3 32
1 3 42
1 4 28
1 4 35
1 24 27
1 24 32
1 28 40
1 35 39
1 39 42
1 40 47
2 5 16
2 5 55
2 7 21
2 7 43
2 14 16
2 14 27
2 21 23
2 23 47
2 43 53
2 53 55
3 6 19
3 6 55
3 8 17
3 8 49
3 13 19
3 13 32
3 17 25
3 25 42
3 49 52
3 52 55
4 9 10
4 9 43
4 10 15
4 11 12
4 11 49
4 12 20
4 15 28
4 20 35
4 43 46
4 46 49
5 8 9
5 8 16
5 9 10
5 10 42
5 13 34
5 13 56
5 34 38
5 38 55
5 42 45
5 45 56
6 7 11
6 7 19
6 11 12
6 12 47
6 14 29
6 14 59
6 29 38
6 38 55
6 47 51
6 51 59
7 11 21
7 15 18
7 15 56
7 18 26
7 19 35
7 26 43
7 35 37
7 37 56
8 9 17
8 16 28
8 20 22
8 20 59
8 22 33
8 28 31
8 31 59
8 33 49
9 17 27
9 23 36
9 23 62
9 26 36
9 26 43
9 27 44
9 44 62
10 15 18
10 18 47
10 24 29
10 24 63
10 25 29
10 25 42
10 47 58
10 58 63
11 21 32
11 25 30
11 25 62
11 30 33
11 32 50
11 33 49
11 50 62
12 20 22
12 22 42
12 23 34
12 23 47
12 24 34
12 24 64
12 42 61
12 61 64
13 19 34
13 21 22
13 21 32
13 22 63
13 26 31
13 26 63
13 31 41
13 41 56
14 16 29
14 17 18
14 17 27
14 18 64
14 33 37
14 33 64
14 37 48
14 48 59
15 16 28
15 16 30
15 30 61
15 38 50
15 38 61
15 41 50
15 41 56
16 29 32
16 30 39
16 32 57
16 39 58
16 57 58
17 18 40
17 25 30
17 30 35
17 35 63
17 40 57
17 57 63
18 26 31
18 31 55
18 40 47
18 55 62
18 62 64
19 20 35
19 20 36
19 27 34
19 27 60
19 36 40
19 40 61
19 60 61
20 36 58
20 38 44
20 38 58
20 44 48
20 48 59
21 22 39
21 23 36
21 28 36
21 28 64
21 39 60
21 60 64
22 33 37
22 37 55
22 39 42
22 55 62
22 62 63
23 33 45
23 33 57
23 34 57
23 45 54
23 54 62
24 27 34
24 29 32
24 41 46
24 41 64
24 46 48
24 48 63
25 26 51
25 26 60
25 29 60
25 51 54
25 54 62
26 36 51
26 48 60
26 48 63
27 44 52
27 45 52
27 45 60
28 31 53
28 36 40
28 44 53
28 44 64
29 38 44
29 44 49
29 49 56
29 56 60
30 33 45
30 35 39
30 43 45
30 43 59
30 59 61
31 41 46
31 42 46
31 42 61
31 53 55
31 59 61
32 50 53
32 51 53
32 51 57
33 41 57
33 41 64
34 38 50
34 43 50
34 43 59
34 57 59
35 37 52
35 50 52
35 50 63
36 49 51
36 49 56
36 56 58
37 46 47
37 46 48
37 47 58
37 52 55
37 56 58
38 54 58
38 54 61
39 48 53
39 48 60
39 53 54
39 54 58
40 41 52
40 41 57
40 52 54
40 54 61
41 50 52
42 45 46
43 45 46
43 50 53
44 48 53
44 49 52
44 62 64
45 52 54
45 56 60
46 47 51
46 49 51
50 62 63
51 53 54
51 57 59
57 58 63
60 61 64