1 4 5
1 4 245
1 5 221
1 7 193
1 7 221
1 193 218
1 206 218
1 206 245
2 3 6
2 3 250
2 6 252
2 17 151
2 17 250
2 151 249
2 154 249
2 154 252
3 6 227
3 11 193
3 11 227
3 191 225
3 191 250
3 193 225
4 5 246
4 15 170
4 15 245
4 170 244
4 172 244
4 172 246
5 9 151
5 9 246
5 151 219
5 213 219
5 213 221
6 13 170
6 13 252
6 170 226
6 197 226
6 197 227
7 12 19
7 12 233
7 19 221
7 160 195
7 160 233
7 193 195
8 11 20
8 11 235
8 18 192
8 18 235
8 20 269
8 31 41
8 31 192
8 41 269
9 18 23
9 18 235
9 23 246
9 101 155
9 101 235
9 151 155
10 14 150
10 14 257
10 17 24
10 17 257
10 24 266
10 73 78
10 73 150
10 78 266
11 20 227
11 138 188
11 138 235
11 188 193
12 16 198
12 16 233
12 19 266
12 55 61
12 55 198
12 61 266
13 16 21
13 16 233
13 21 252
13 86 173
13 86 233
13 170 173
14 15 22
14 15 257
14 22 269
14 75 76
14 75 150
14 76 269
15 22 245
15 115 199
15 115 257
15 170 199
16 21 270
16 53 63
16 53 198
16 63 270
17 24 250
17 128 214
17 128 257
17 151 214
18 23 270
18 33 43
18 33 192
18 43 270
19 24 192
19 24 266
19 157 205
19 157 221
19 192 205
20 22 198
20 22 269
20 137 190
20 137 227
20 190 198
21 23 150
21 23 270
21 87 187
21 87 252
21 150 187
22 113 166
22 113 245
22 166 198
23 102 211
23 102 246
23 150 211
24 124 147
24 124 250
24 147 192
25 28 29
25 28 268
25 29 180
25 38 142
25 38 180
25 140 179
25 140 268
25 142 179
26 27 30
26 27 217
26 30 258
26 35 106
26 35 217
26 106 215
26 108 215
26 108 258
27 30 248
27 31 142
27 31 248
27 142 194
27 191 194
27 191 217
28 29 264
28 39 201
28 39 268
28 201 244
28 203 244
28 203 264
29 33 106
29 33 264
29 106 181
29 180 213
29 181 213
30 36 201
30 36 258
30 201 226
30 226 239
30 239 248
31 41 248
31 142 145
31 145 205
31 192 205
32 38 42
32 38 260
32 40 141
32 40 260
32 42 251
32 88 92
32 88 141
32 92 251
33 43 264
33 106 110
33 110 147
33 147 192
34 35 44
34 35 265
34 37 105
34 37 265
34 44 251
34 100 105
34 100 120
34 120 251
35 44 217
35 106 236
35 176 236
35 176 265
36 40 45
36 40 260
36 45 258
36 52 200
36 52 260
36 200 201
37 39 46
37 39 265
37 46 269
37 76 118
37 76 269
37 105 118
38 42 180
38 142 231
38 186 231
38 186 260
39 46 268
39 71 238
39 71 265
39 201 238
40 45 270
40 63 89
40 63 270
40 89 141
41 46 141
41 46 269
41 141 240
41 204 240
41 204 248
42 44 235
42 44 251
42 135 138
42 135 180
42 138 235
43 45 105
43 45 270
43 105 230
43 149 230
43 149 264
44 98 101
44 98 217
44 101 235
45 56 164
45 56 258
45 105 164
46 72 129
46 72 268
46 129 141
47 50 51
47 50 267
47 51 178
47 58 165
47 58 178
47 162 174
47 162 267
47 165 174
48 49 52
48 49 223
48 52 260
48 59 90
48 59 223
48 90 222
48 93 222
48 93 260
49 52 247
49 55 165
49 55 247
49 165 207
49 206 207
49 206 223
50 51 255
50 57 200
50 57 267
50 200 249
50 202 249
50 202 255
51 53 90
51 53 255
51 90 177
51 177 197
51 178 197
52 200 219
52 219 237
52 237 247
53 63 255
53 90 95
53 95 166
53 166 198
54 59 64
54 59 259
54 60 89
54 60 259
54 64 243
54 85 89
54 85 131
54 131 243
55 61 247
55 146 165
55 146 190
55 190 198
56 58 62
56 58 258
56 62 243
56 103 107
56 103 164
56 107 243
57 60 65
57 60 259
57 65 267
57 69 238
57 69 259
57 200 238
58 62 178
58 165 234
58 210 234
58 210 258
59 64 223
59 90 242
59 183 242
59 183 259
60 65 266
60 78 129
60 78 266
60 89 129
61 65 164
61 65 266
61 164 232
61 189 232
61 189 247
62 64 233
62 64 243
62 158 160
62 158 178
62 160 233
63 89 241
63 168 241
63 168 255
64 83 86
64 83 223
64 86 233
65 74 118
65 74 267
65 118 164
66 69 70
66 69 259
66 70 185
66 81 130
66 81 185
66 130 184
66 132 184
66 132 259
67 68 71
67 68 209
67 71 265
67 80 119
67 80 209
67 119 208
67 121 208
67 121 265
68 71 262
68 73 130
68 73 262
68 130 152
68 152 154
68 154 209
69 70 261
69 218 220
69 218 238
69 220 261
70 75 119
70 75 261
70 119 169
70 169 172
70 172 185
71 225 228
71 225 238
71 228 262
72 79 81
72 79 229
72 81 268
72 127 129
72 127 139
72 139 229
73 78 262
73 111 130
73 111 211
73 150 211
74 77 80
74 77 229
74 80 267
74 114 118
74 114 161
74 161 229
75 76 261
75 96 119
75 96 187
75 150 187
76 118 253
76 196 253
76 196 261
77 79 229
77 79 257
77 80 209
77 115 116
77 115 257
77 116 209
78 129 263
78 212 262
78 212 263
79 81 185
79 125 128
79 125 185
79 128 257
80 119 256
80 216 256
80 216 267
81 130 254
81 224 254
81 224 268
82 84 85
82 84 256
82 85 125
82 94 125
82 94 134
82 123 133
82 123 134
82 133 256
83 86 228
83 88 134
83 88 228
83 134 143
83 140 143
83 140 223
84 85 241
84 91 173
84 91 256
84 171 215
84 171 241
84 173 215
85 89 241
85 125 239
85 131 239
86 173 181
86 181 262
86 228 262
87 93 94
87 93 222
87 94 252
87 148 153
87 148 187
87 153 222
88 92 228
88 134 136
88 136 240
88 141 240
89 129 141
90 95 242
90 177 222
91 95 96
91 95 242
91 96 256
91 117 199
91 117 242
91 173 199
92 96 187
92 96 251
92 187 232
92 189 228
92 189 232
93 94 125
93 125 185
93 185 186
93 186 260
94 134 234
94 210 234
94 210 252
95 96 251
95 120 166
95 120 251
96 119 256
97 99 100
97 99 254
97 100 116
97 109 116
97 109 156
97 112 122
97 112 156
97 122 254
98 101 220
98 103 156
98 103 220
98 156 163
98 162 163
98 162 217
99 100 230
99 104 155
99 104 254
99 153 222
99 153 230
99 155 222
100 105 230
100 116 237
100 120 237
101 155 177
101 177 261
101 220 261
102 108 109
102 108 215
102 109 246
102 167 171
102 167 211
102 171 215
103 107 220
103 156 159
103 159 232
103 164 232
104 110 111
104 110 236
104 111 254
104 126 214
104 126 236
104 155 214
105 118 164
106 110 236
106 181 215
107 111 211
107 111 243
107 204 220
107 204 240
107 211 240
108 109 116
108 116 209
108 209 210
108 210 258
109 156 231
109 186 231
109 186 246
110 111 243
110 131 147
110 131 243
111 130 254
112 114 117
112 114 158
112 117 242
112 122 158
112 156 163
112 163 242
113 121 122
113 121 208
113 122 245
113 166 175
113 167 175
113 167 208
114 117 253
114 118 253
114 158 203
114 161 203
115 116 237
115 194 199
115 194 247
115 237 247
117 179 182
117 179 199
117 182 253
119 169 208
120 166 263
120 212 237
120 212 263
121 122 158
121 158 178
121 176 178
121 176 265
122 224 245
122 224 254
123 126 127
123 126 236
123 127 135
123 133 135
123 134 143
123 143 236
124 132 133
124 132 184
124 133 250
124 147 182
124 148 182
124 148 184
125 128 239
126 127 263
126 174 175
126 174 214
126 175 263
127 129 263
127 135 202
127 139 202
128 207 214
128 207 248
128 239 248
130 152 184
131 147 253
131 196 239
131 196 253
132 133 135
132 135 180
132 180 183
132 183 259
133 216 250
133 216 256
134 136 234
135 138 202
136 144 188
136 144 234
136 167 208
136 167 240
136 188 208
137 140 143
137 140 179
137 143 227
137 153 182
137 153 190
137 179 182
138 169 188
138 169 255
138 202 255
139 146 190
139 146 229
139 149 202
139 149 230
139 190 230
140 223 224
140 224 268
142 145 231
142 179 194
143 176 227
143 176 236
144 145 146
144 145 231
144 146 234
144 159 195
144 159 231
144 188 195
145 146 229
145 161 205
145 161 229
146 165 234
147 182 253
148 153 182
148 159 184
148 159 232
148 187 232
149 152 154
149 152 264
149 154 249
149 202 249
151 155 214
151 219 249
152 160 195
152 160 264
152 184 195
153 190 230
154 209 210
154 210 252
155 177 222
156 159 231
157 162 163
157 162 174
157 163 221
157 171 175
157 171 205
157 174 175
158 160 203
159 184 195
160 203 264
161 168 203
161 168 241
161 205 241
162 216 217
162 216 267
163 183 221
163 183 242
165 174 207
166 175 263
167 171 175
167 211 240
168 169 172
168 169 255
168 172 244
168 203 244
169 188 208
170 173 199
170 226 244
171 205 241
172 185 186
172 186 246
173 181 215
174 207 214
176 178 197
176 197 227
177 196 197
177 196 261
179 194 199
180 183 213
181 212 213
181 212 262
183 213 221
188 193 195
189 191 194
189 191 225
189 194 247
189 225 228
191 216 217
191 216 250
193 218 225
196 197 226
196 226 239
200 201 238
200 219 249
201 226 244
204 206 207
204 206 218
204 207 248
204 218 220
206 223 224
206 224 245
212 213 219
212 219 237
218 225 238