1 34 68
1 34 94
1 37 74
1 37 81
1 49 68
1 49 84
1 56 81
1 56 92
1 58 84
1 58 92
1 63 74
1 63 94
2 33 67
2 33 93
2 40 75
2 40 80
2 43 67
2 43 77
2 55 75
2 55 91
2 57 77
2 57 91
2 61 80
2 61 93
3 36 65
3 36 96
3 39 83
3 39 88
3 44 83
3 44 96
3 46 65
3 46 73
3 47 73
3 47 89
3 53 88
3 53 89
4 35 66
4 35 95
4 38 78
4 38 87
4 41 79
4 41 90
4 51 78
4 51 95
4 52 66
4 52 79
4 54 87
4 54 90
5 34 86
5 34 92
5 40 71
5 40 77
5 42 77
5 42 92
5 43 80
5 43 86
5 50 80
5 50 94
5 56 71
5 56 94
6 35 76
6 35 90
6 39 69
6 39 73
6 46 76
6 46 83
6 54 69
6 54 95
6 60 83
6 60 95
6 64 73
6 64 90
7 36 82
7 36 89
7 38 72
7 38 79
7 52 78
7 52 82
7 53 72
7 53 96
7 59 78
7 59 96
7 62 79
7 62 89
8 33 85
8 33 91
8 37 70
8 37 84
8 45 74
8 45 93
8 48 84
8 48 91
8 49 74
8 49 85
8 55 70
8 55 93
9 38 66
9 38 82
9 42 72
9 42 92
9 50 82
9 50 94
9 52 72
9 52 87
9 58 66
9 58 92
9 63 87
9 63 94
10 40 71
10 40 75
10 41 75
10 41 95
10 43 67
10 43 86
10 51 67
10 51 90
10 60 71
10 60 90
10 64 86
10 64 95
11 36 88
11 36 89
11 39 65
11 39 73
11 44 73
11 44 89
11 46 83
11 46 88
11 47 83
11 47 96
11 53 65
11 53 96
12 34 71
12 34 94
12 40 80
12 40 86
12 42 80
12 42 94
12 43 71
12 43 77
12 50 77
12 50 92
12 56 86
12 56 92
13 37 68
13 37 85
13 44 81
13 44 96
13 47 68
13 47 89
13 49 70
13 49 81
13 59 85
13 59 96
13 62 70
13 62 89
14 39 69
14 39 88
14 45 69
14 45 91
14 46 65
14 46 76
14 48 76
14 48 93
14 57 88
14 57 93
14 61 65
14 61 91
15 39 65
15 39 76
15 45 76
15 45 93
15 46 69
15 46 88
15 48 69
15 48 91
15 57 65
15 57 91
15 61 88
15 61 93
16 37 70
16 37 81
16 44 68
16 44 89
16 47 81
16 47 96
16 49 68
16 49 85
16 59 70
16 59 89
16 62 85
16 62 96
17 35 87
17 35 90
17 38 66
17 38 79
17 41 78
17 41 95
17 51 79
17 51 90
17 52 78
17 52 87
17 54 66
17 54 95
18 33 70
18 33 93
18 37 74
18 37 85
18 45 84
18 45 91
18 48 74
18 48 93
18 49 70
18 49 84
18 55 85
18 55 91
19 38 72
19 38 87
19 42 82
19 42 94
19 50 72
19 50 92
19 52 66
19 52 82
19 58 87
19 58 94
19 63 66
19 63 92
20 40 67
20 40 86
20 41 67
20 41 90
20 43 71
20 43 75
20 51 75
20 51 95
20 60 86
20 60 95
20 64 71
20 64 90
21 35 69
21 35 95
21 39 76
21 39 83
21 46 69
21 46 73
21 54 76
21 54 90
21 60 73
21 60 90
21 64 83
21 64 95
22 36 72
22 36 96
22 38 78
22 38 82
22 52 72
22 52 79
22 53 82
22 53 89
22 59 79
22 59 89
22 62 78
22 62 96
23 33 75
23 33 91
23 40 67
23 40 77
23 43 75
23 43 80
23 55 67
23 55 93
23 57 80
23 57 93
23 61 77
23 61 91
24 34 81
24 34 92
24 37 68
24 37 84
24 49 74
24 49 81
24 56 68
24 56 94
24 58 74
24 58 94
24 63 84
24 63 92
25 35 66
25 35 76
25 45 76
25 45 84
25 48 69
25 48 74
25 54 69
25 54 87
25 58 66
25 58 74
25 63 84
25 63 87
26 36 65
26 36 82
26 42 72
26 42 80
26 50 77
26 50 82
26 53 72
26 53 88
26 57 65
26 57 80
26 61 77
26 61 88
27 34 68
27 34 86
27 44 73
27 44 81
27 47 68
27 47 83
27 56 71
27 56 81
27 60 73
27 60 86
27 64 71
27 64 83
28 33 67
28 33 85
28 41 67
28 41 78
28 51 75
28 51 79
28 55 70
28 55 75
28 59 79
28 59 85
28 62 70
28 62 78
29 34 71
29 34 81
29 44 68
29 44 83
29 47 73
29 47 81
29 56 68
29 56 86
29 60 71
29 60 83
29 64 73
29 64 86
30 33 70
30 33 75
30 41 75
30 41 79
30 51 67
30 51 78
30 55 67
30 55 85
30 59 70
30 59 78
30 62 79
30 62 85
31 36 72
31 36 88
31 42 77
31 42 82
31 50 72
31 50 80
31 53 65
31 53 82
31 57 77
31 57 88
31 61 65
31 61 80
32 35 69
32 35 87
32 45 69
32 45 74
32 48 76
32 48 84
32 54 66
32 54 76
32 58 84
32 58 87
32 63 66
32 63 74