1 16 27
1 16 39
1 20 32
1 20 69
1 23 51
1 23 63
1 27 66
1 32 40
1 39 51
1 40 52
1 46 52
1 46 55
1 55 66
1 63 69
2 18 54
2 18 68
2 19 38
2 19 57
2 22 42
2 22 65
2 26 42
2 26 62
2 31 50
2 31 65
2 38 48
2 48 68
2 50 57
2 54 62
3 17 24
3 17 56
3 21 24
3 21 53
3 25 47
3 25 49
3 33 47
3 33 61
3 37 61
3 37 64
3 41 56
3 41 67
3 49 67
3 53 64
4 7 47
4 7 61
4 11 47
4 11 49
4 17 34
4 17 59
4 21 34
4 21 45
4 30 61
4 30 64
4 41 59
4 41 72
4 45 64
4 49 72
5 9 20
5 9 40
5 10 16
5 10 66
5 16 29
5 20 71
5 29 51
5 36 51
5 36 63
5 40 44
5 44 46
5 46 58
5 58 66
5 63 71
6 8 50
6 8 65
6 12 42
6 12 62
6 18 43
6 18 70
6 19 28
6 19 60
6 28 48
6 35 42
6 35 65
6 43 62
6 48 70
6 50 60
7 14 24
7 14 56
7 19 38
7 19 52
7 24 66
7 26 42
7 26 51
7 38 66
7 42 69
7 47 69
7 51 56
7 52 61
8 13 54
8 13 68
8 21 55
8 21 68
8 23 41
8 23 63
8 25 63
8 25 65
8 37 46
8 37 50
8 41 54
8 46 55
9 15 27
9 15 39
9 20 22
9 22 49
9 27 48
9 39 62
9 40 57
9 48 53
9 49 67
9 53 64
9 57 64
9 62 67
10 15 32
10 15 69
10 16 22
10 22 61
10 32 48
10 37 50
10 37 61
10 41 54
10 41 56
10 48 56
10 50 69
10 54 66
11 14 24
11 14 53
11 18 55
11 18 68
11 24 40
11 31 63
11 31 65
11 39 47
11 39 65
11 40 68
11 49 55
11 53 63
12 13 38
12 13 57
12 17 38
12 17 52
12 23 51
12 23 64
12 33 42
12 33 51
12 46 52
12 46 67
12 57 64
12 62 67
13 22 28
13 22 70
13 26 28
13 26 60
13 31 43
13 31 70
13 35 38
13 35 68
13 43 57
13 54 60
14 25 34
14 25 45
14 30 56
14 30 67
14 33 34
14 33 59
14 37 59
14 37 72
14 45 67
14 53 72
15 23 44
15 23 58
15 27 71
15 29 32
15 29 52
15 36 52
15 36 55
15 39 44
15 55 71
15 58 69
16 22 45
16 27 35
16 29 57
16 35 53
16 39 60
16 45 67
16 53 72
16 57 72
16 60 67
17 24 71
17 26 28
17 26 44
17 28 69
17 34 69
17 38 71
17 44 56
17 52 59
18 23 30
18 23 58
18 25 58
18 25 70
18 30 54
18 36 37
18 36 55
18 37 43
19 23 44
19 23 72
19 28 33
19 33 44
19 36 52
19 36 67
19 57 72
19 60 67
20 22 59
20 30 54
20 30 56
20 32 35
20 35 56
20 37 43
20 37 59
20 43 69
20 54 71
21 24 29
21 29 68
21 31 58
21 31 70
21 34 39
21 39 70
21 45 55
21 53 58
22 28 49
22 42 45
22 59 65
22 61 70
23 30 64
23 41 72
24 29 62
24 40 60
24 43 62
24 43 66
24 50 60
24 50 71
25 29 47
25 29 65
25 34 40
25 40 70
25 45 63
25 49 58
26 36 51
26 36 64
26 44 46
26 46 72
26 60 64
26 62 72
27 30 50
27 30 61
27 35 61
27 41 43
27 41 59
27 43 66
27 48 59
27 50 71
28 33 66
28 48 53
28 49 55
28 53 63
28 55 66
28 63 69
29 32 62
29 47 57
29 51 68
29 52 65
30 31 46
30 31 50
30 46 67
31 36 41
31 36 63
31 41 43
31 46 58
32 35 49
32 40 60
32 45 48
32 45 64
32 49 72
32 60 64
32 62 72
33 34 66
33 42 71
33 44 61
33 47 71
33 51 59
34 39 62
34 40 57
34 50 57
34 50 69
34 54 62
34 54 66
35 38 49
35 42 53
35 56 65
35 61 68
36 37 64
36 41 67
37 46 72
38 45 48
38 45 63
38 49 58
38 58 66
38 63 71
39 44 65
39 47 60
39 51 70
40 44 68
40 52 70
42 45 55
42 53 58
42 55 71
42 58 69
43 47 57
43 47 69
44 56 65
44 61 68
47 54 60
47 54 71
48 56 70
48 59 68
51 56 70
51 59 68
52 59 65
52 61 70