1 71 245
1 71 253
1 97 210
1 97 253
1 178 274
1 178 293
1 210 274
1 245 293
2 76 133
2 76 252
2 102 252
2 102 300
2 133 277
2 155 277
2 155 301
2 300 301
3 59 232
3 59 241
3 114 263
3 114 272
3 126 175
3 126 263
3 175 232
3 241 272
4 40 199
4 40 306
4 101 162
4 101 306
4 162 256
4 199 229
4 229 280
4 256 280
5 47 82
5 47 242
5 82 285
5 137 168
5 137 192
5 168 213
5 192 242
5 213 285
6 54 165
6 54 181
6 89 150
6 89 198
6 150 302
6 165 302
6 181 239
6 198 239
7 43 164
7 43 304
7 83 197
7 83 287
7 122 235
7 122 304
7 164 287
7 197 235
8 52 113
8 52 233
8 74 153
8 74 290
8 113 290
8 153 244
8 233 273
8 244 273
9 45 184
9 45 303
9 68 184
9 68 217
9 142 262
9 142 279
9 217 279
9 262 303
10 50 91
10 50 270
10 91 193
10 98 220
10 98 270
10 193 207
10 207 286
10 220 286
11 41 140
11 41 204
11 96 121
11 96 295
11 121 218
11 140 218
11 204 255
11 255 295
12 64 85
12 64 221
12 85 246
12 116 215
12 116 246
12 135 167
12 135 221
12 167 215
13 65 139
13 65 170
13 67 227
13 67 267
13 139 247
13 170 227
13 182 247
13 182 267
14 38 144
14 38 289
14 94 177
14 94 266
14 144 157
14 157 264
14 177 289
14 264 266
15 35 110
15 35 298
15 110 125
15 125 191
15 191 208
15 208 250
15 250 265
15 265 298
16 62 171
16 62 201
16 95 111
16 95 288
16 111 171
16 134 186
16 134 201
16 186 288
17 37 226
17 37 297
17 73 159
17 73 282
17 138 282
17 138 297
17 159 216
17 216 226
18 56 141
18 56 189
18 78 99
18 78 211
18 99 305
18 141 305
18 189 251
18 211 251
19 63 79
19 63 225
19 79 151
19 119 143
19 119 206
19 143 151
19 206 276
19 225 276
20 46 84
20 46 230
20 84 166
20 108 148
20 108 185
20 148 166
20 185 299
20 230 299
21 61 130
21 61 163
21 77 123
21 77 130
21 123 179
21 163 291
21 179 257
21 257 291
22 60 158
22 60 214
22 86 120
22 86 214
22 120 127
22 127 219
22 158 294
22 219 294
23 53 169
23 53 195
23 88 147
23 88 258
23 106 169
23 106 200
23 147 200
23 195 258
24 36 160
24 36 194
24 115 146
24 115 209
24 146 238
24 160 234
24 194 209
24 234 238
25 51 117
25 51 231
25 92 128
25 92 237
25 117 205
25 128 231
25 174 205
25 174 237
26 42 112
26 42 224
26 75 112
26 75 149
26 149 248
26 190 224
26 190 259
26 248 259
27 57 80
27 57 109
27 80 173
27 109 145
27 145 222
27 173 176
27 176 284
27 222 284
28 44 124
28 44 240
28 69 124
28 69 268
28 156 212
28 156 240
28 212 261
28 261 268
29 39 196
29 39 203
29 90 196
29 90 223
29 100 223
29 100 292
29 203 236
29 236 292
30 58 103
30 58 249
30 93 152
30 93 254
30 103 254
30 131 152
30 131 269
30 249 269
31 49 81
31 49 118
31 81 281
31 118 154
31 132 187
31 132 275
31 154 187
31 275 281
32 66 70
32 66 296
32 70 278
32 105 161
32 105 180
32 161 278
32 180 202
32 202 296
33 55 129
33 55 183
33 87 129
33 87 228
33 107 172
33 107 183
33 172 260
33 228 260
34 48 136
34 48 188
34 72 136
34 72 243
34 104 188
34 104 283
34 243 271
34 271 283
35 110 271
35 142 179
35 142 271
35 174 205
35 174 298
35 179 205
36 107 131
36 107 212
36 131 269
36 160 269
36 194 294
36 212 294
37 83 260
37 83 286
37 126 175
37 126 226
37 175 260
37 286 297
38 72 186
38 72 289
38 144 234
38 186 262
38 234 238
38 238 262
39 68 217
39 68 284
39 159 284
39 159 288
39 196 217
39 203 288
40 116 156
40 116 265
40 156 306
40 190 199
40 190 259
40 259 265
41 87 119
41 87 228
41 119 250
41 140 261
41 204 228
41 250 261
42 94 145
42 94 299
42 112 299
42 145 180
42 180 202
42 202 224
43 67 164
43 67 227
43 213 237
43 213 256
43 227 237
43 256 304
44 75 220
44 75 240
44 124 166
44 148 166
44 148 272
44 220 272
45 88 258
45 88 303
45 114 132
45 114 248
45 132 258
45 184 248
46 84 305
46 99 128
46 99 305
46 128 243
46 230 278
46 243 278
47 82 176
47 147 173
47 147 295
47 173 176
47 242 266
47 266 295
48 86 120
48 86 188
48 120 247
48 136 209
48 162 209
48 162 247
49 81 215
49 118 191
49 125 191
49 125 267
49 215 223
49 223 267
50 91 104
50 104 283
50 150 177
50 150 255
50 177 270
50 255 283
51 96 138
51 96 200
51 117 152
51 138 282
51 152 200
51 231 282
52 90 161
52 90 207
52 113 193
52 161 246
52 193 207
52 233 246
53 78 143
53 78 195
53 122 208
53 122 235
53 143 208
53 169 235
54 93 134
54 93 216
54 134 165
54 181 229
54 216 280
54 229 280
55 92 105
55 92 168
55 105 129
55 168 236
55 183 292
55 236 292
56 95 111
56 95 154
56 111 141
56 154 219
56 189 302
56 219 302
57 80 127
57 109 275
57 127 172
57 172 197
57 197 281
57 275 281
58 77 167
58 77 185
58 103 273
58 135 167
58 135 249
58 185 273
59 100 182
59 100 276
59 146 182
59 146 232
59 206 241
59 206 276
60 74 106
60 74 290
60 106 149
60 149 254
60 158 254
60 214 290
61 89 163
61 89 187
61 121 130
61 121 218
61 187 263
61 218 263
62 69 171
62 69 268
62 101 201
62 101 244
62 244 285
62 268 285
63 79 137
63 123 153
63 123 279
63 137 192
63 153 225
63 192 279
64 85 98
64 98 211
64 157 221
64 157 264
64 211 287
64 264 287
65 73 222
65 73 291
65 108 170
65 108 222
65 139 257
65 257 291
66 70 251
66 115 151
66 115 251
66 151 198
66 198 239
66 239 296
67 135 249
67 135 301
67 164 249
67 267 301
68 184 296
68 202 293
68 202 296
68 284 293
69 124 236
69 171 206
69 178 206
69 178 236
70 103 158
70 103 189
70 158 230
70 189 251
70 230 278
71 122 190
71 122 208
71 132 245
71 132 275
71 190 275
71 208 253
72 136 289
72 186 203
72 203 231
72 231 243
73 97 210
73 97 291
73 159 222
73 210 282
74 106 261
74 153 265
74 250 261
74 250 265
75 112 240
75 149 169
75 169 297
75 220 297
76 100 133
76 100 292
76 192 234
76 192 279
76 234 292
76 252 279
77 123 259
77 130 185
77 167 248
77 248 259
78 99 255
78 143 283
78 195 211
78 255 283
79 115 151
79 115 209
79 137 224
79 209 304
79 224 304
80 113 173
80 113 204
80 127 219
80 204 302
80 219 302
81 116 156
81 116 215
81 144 183
81 144 281
81 156 183
82 141 170
82 141 176
82 170 273
82 244 273
82 244 285
83 172 197
83 172 260
83 180 286
83 180 287
84 118 140
84 118 191
84 140 218
84 166 218
84 191 305
85 98 270
85 165 201
85 165 233
85 201 270
85 233 246
86 125 214
86 125 300
86 188 235
86 235 300
87 119 274
87 129 181
87 181 239
87 239 274
88 102 147
88 102 157
88 157 221
88 221 303
89 150 163
89 187 238
89 198 262
89 238 262
90 108 148
90 108 207
90 148 223
90 161 196
91 104 257
91 139 225
91 139 257
91 193 276
91 225 276
92 105 264
92 128 264
92 168 213
92 213 237
93 117 134
93 117 152
93 216 226
93 226 254
94 109 145
94 109 177
94 242 266
94 242 299
95 146 154
95 146 182
95 182 247
95 247 288
96 121 277
96 138 155
96 155 277
96 200 295
97 174 229
97 174 237
97 229 291
97 237 253
98 195 211
98 195 241
98 220 241
99 128 266
99 255 295
99 266 295
100 133 276
100 182 223
101 139 162
101 139 225
101 201 306
101 225 244
102 147 252
102 157 281
102 197 281
102 197 300
103 158 254
103 189 233
103 233 273
104 138 155
104 138 188
104 155 257
105 129 161
105 180 287
105 264 287
106 149 169
106 200 268
106 261 268
107 131 256
107 172 280
107 183 212
107 256 280
108 170 185
108 207 222
109 163 177
109 163 199
109 199 275
110 125 214
110 196 214
110 196 278
110 243 271
110 243 278
111 141 176
111 171 258
111 176 245
111 245 258
112 136 194
112 136 240
112 194 230
112 230 299
113 173 290
113 193 228
113 204 228
114 132 187
114 167 248
114 167 272
114 187 263
115 146 232
115 232 251
116 246 298
116 265 298
117 134 303
117 205 221
117 221 303
118 140 294
118 154 219
118 219 294
119 143 250
119 178 206
119 178 274
120 127 216
120 159 216
120 159 288
120 247 288
121 130 160
121 160 269
121 269 277
122 190 224
122 224 304
123 142 179
123 142 279
123 153 259
124 166 282
124 203 231
124 203 236
124 231 282
125 267 300
126 226 296
126 239 274
126 239 296
126 263 274
127 172 280
127 216 280
128 231 243
128 264 266
129 161 246
129 181 298
129 246 298
130 160 242
130 185 299
130 242 299
131 152 285
131 213 256
131 213 285
132 245 258
133 193 228
133 193 276
133 228 260
133 260 277
134 165 201
134 186 303
135 205 221
135 205 301
136 194 209
136 240 289
137 168 293
137 202 224
137 202 293
138 188 297
139 162 247
140 212 261
140 212 294
141 170 227
141 227 305
142 198 262
142 198 271
143 151 283
143 208 250
144 157 281
144 183 292
144 234 292
145 180 286
145 207 222
145 207 286
146 154 238
147 173 252
147 200 295
148 215 223
148 215 272
149 184 248
149 184 254
150 163 177
150 204 255
150 204 302
151 198 271
151 271 283
152 200 268
152 268 285
153 225 244
153 259 265
154 187 238
155 179 257
155 179 301
156 183 212
156 240 306
158 194 230
158 194 294
159 222 284
160 192 234
160 192 242
161 196 278
162 209 304
162 256 304
163 199 291
164 211 251
164 211 287
164 232 249
164 232 251
165 189 233
165 189 302
166 210 218
166 210 282
167 215 272
168 178 236
168 178 293
169 188 235
169 188 297
170 185 273
171 195 241
171 195 258
171 206 241
173 252 290
174 181 229
174 181 298
175 232 249
175 249 269
175 260 277
175 269 277
176 245 284
177 270 289
179 205 301
182 223 267
184 226 254
184 226 296
186 203 288
186 262 303
190 199 275
191 208 253
191 253 305
196 214 217
197 235 300
199 229 291
201 270 306
210 218 263
210 263 274
214 217 290
217 252 279
217 252 290
220 241 272
220 286 297
227 237 253
227 253 305
240 289 306
245 284 293
267 300 301
270 289 306