1 9 11
1 9 21
1 11 13
1 13 15
1 15 79
1 21 27
1 23 29
1 23 38
1 27 34
1 29 89
1 34 38
1 79 89
2 10 12
2 10 22
2 12 14
2 14 16
2 16 80
2 22 28
2 24 30
2 24 37
2 28 33
2 30 90
2 33 37
2 80 90
3 5 7
3 5 17
3 7 78
3 17 19
3 19 39
3 33 37
3 33 45
3 37 41
3 39 45
3 41 47
3 47 71
3 71 78
4 6 8
4 6 18
4 8 77
4 18 20
4 20 40
4 34 38
4 34 46
4 38 42
4 40 46
4 42 48
4 48 72
4 72 77
5 7 35
5 17 25
5 25 43
5 35 51
5 43 63
5 51 61
5 55 61
5 55 90
5 63 80
5 80 90
6 8 36
6 18 26
6 26 44
6 36 52
6 44 64
6 52 62
6 56 62
6 56 89
6 64 79
6 79 89
7 10 12
7 10 65
7 12 57
7 31 35
7 31 53
7 53 65
7 57 67
7 67 76
7 76 78
8 9 11
8 9 66
8 11 58
8 32 36
8 32 54
8 54 66
8 58 68
8 68 75
8 75 77
9 21 39
9 39 64
9 41 69
9 41 92
9 64 82
9 66 94
9 69 94
9 82 92
10 22 40
10 40 63
10 42 70
10 42 91
10 63 81
10 65 93
10 70 93
10 81 91
11 13 43
11 43 46
11 46 105
11 55 59
11 55 108
11 58 73
11 59 73
11 105 108
12 14 44
12 44 45
12 45 106
12 56 60
12 56 107
12 57 74
12 60 74
12 106 107
13 15 49
13 25 43
13 25 101
13 31 49
13 31 99
13 72 77
13 72 95
13 77 101
13 95 99
14 16 50
14 26 44
14 26 102
14 32 50
14 32 100
14 71 78
14 71 96
14 78 102
14 96 100
15 18 20
15 18 82
15 20 103
15 49 51
15 51 93
15 67 76
15 67 79
15 76 82
15 93 103
16 17 19
16 17 81
16 19 104
16 50 52
16 52 94
16 68 75
16 68 80
16 75 81
16 94 104
17 25 28
17 28 106
17 81 91
17 91 97
17 95 97
17 95 107
17 106 107
18 26 27
18 27 105
18 82 92
18 92 98
18 96 98
18 96 108
18 105 108
19 21 39
19 21 102
19 23 74
19 23 85
19 54 85
19 54 104
19 57 74
19 57 102
20 22 40
20 22 101
20 24 73
20 24 86
20 53 86
20 53 103
20 58 73
20 58 101
21 27 83
21 36 52
21 36 102
21 52 97
21 76 83
21 76 99
21 97 99
22 28 84
22 35 51
22 35 101
22 51 98
22 75 84
22 75 100
22 98 100
23 29 85
23 38 61
23 51 61
23 51 106
23 69 74
23 69 75
23 75 77
23 77 106
24 30 86
24 37 62
24 52 62
24 52 105
24 70 73
24 70 76
24 76 78
24 78 105
25 28 87
25 29 85
25 29 93
25 65 93
25 65 101
25 68 85
25 68 87
26 27 88
26 30 86
26 30 94
26 66 94
26 66 102
26 67 86
26 67 88
27 31 53
27 31 105
27 34 53
27 71 74
27 71 83
27 74 88
28 32 54
28 32 106
28 33 54
28 72 73
28 72 84
28 73 87
29 32 36
29 32 59
29 36 81
29 47 71
29 47 89
29 59 93
29 71 81
30 31 35
30 31 60
30 35 82
30 48 72
30 48 90
30 60 94
30 72 82
31 40 49
31 40 60
31 41 99
31 41 105
32 39 50
32 39 59
32 42 100
32 42 106
33 45 93
33 54 55
33 55 82
33 58 96
33 58 109
33 82 109
33 93 96
34 46 94
34 53 56
34 56 81
34 57 95
34 57 110
34 81 110
34 94 95
35 69 88
35 69 107
35 82 109
35 88 109
35 101 107
36 70 87
36 70 108
36 81 110
36 87 110
36 102 108
37 41 99
37 62 65
37 64 104
37 64 107
37 65 101
37 99 104
37 101 107
38 42 100
38 61 66
38 63 103
38 63 108
38 66 102
38 100 103
38 102 108
39 45 88
39 50 64
39 59 61
39 61 67
39 67 88
40 46 87
40 49 63
40 60 62
40 62 68
40 68 87
41 47 69
41 68 80
41 68 85
41 80 105
41 85 92
42 48 70
42 67 79
42 67 86
42 79 106
42 86 91
43 46 84
43 47 53
43 47 69
43 53 103
43 63 103
43 69 75
43 75 84
44 45 83
44 48 54
44 48 70
44 54 104
44 64 104
44 70 76
44 76 83
45 51 93
45 51 106
45 83 92
45 88 89
45 89 92
46 52 94
46 52 105
46 84 91
46 87 90
46 90 91
47 50 52
47 50 58
47 52 97
47 53 97
47 58 89
48 49 51
48 49 57
48 51 98
48 54 98
48 57 90
49 57 110
49 63 108
49 83 85
49 83 110
49 85 108
50 58 109
50 64 107
50 84 86
50 84 109
50 86 107
53 56 86
53 65 97
54 55 85
54 66 98
55 59 61
55 76 82
55 76 99
55 85 108
55 90 99
56 60 62
56 75 81
56 75 100
56 86 107
56 89 100
57 67 95
57 90 102
58 68 96
58 89 101
59 73 97
59 78 91
59 78 103
59 91 97
59 93 103
60 74 98
60 77 92
60 77 104
60 92 98
60 94 104
61 66 84
61 67 95
61 72 84
61 72 95
62 65 83
62 68 96
62 71 83
62 71 96
63 71 74
63 71 81
63 74 80
64 72 73
64 72 82
64 73 79
65 79 97
65 79 110
65 83 110
66 80 98
66 80 109
66 84 109
69 74 88
69 94 95
69 95 107
70 73 87
70 93 96
70 96 108
73 79 97
74 80 98
77 92 101
77 104 110
77 106 110
78 91 102
78 103 109
78 105 109
79 106 110
80 105 109
83 85 92
84 86 91
87 90 99
87 99 104
87 104 110
88 89 100
88 100 103
88 103 109
89 92 101
90 91 102
95 97 99
96 98 100