1 35 92
1 35 98
1 40 96
1 40 102
1 41 66
1 41 117
1 46 67
1 46 120
1 66 98
1 67 102
1 92 120
1 96 117
2 34 94
2 34 99
2 36 95
2 36 103
2 45 65
2 45 113
2 47 69
2 47 116
2 65 99
2 69 103
2 94 116
2 95 113
3 33 95
3 33 101
3 38 94
3 38 104
3 43 69
3 43 114
3 48 65
3 48 118
3 65 104
3 69 101
3 94 114
3 95 118
4 34 90
4 34 98
4 36 91
4 36 102
4 45 68
4 45 117
4 47 72
4 47 120
4 68 98
4 72 102
4 90 120
4 91 117
5 37 96
5 37 97
5 39 92
5 39 100
5 42 67
5 42 115
5 44 66
5 44 119
5 66 100
5 67 97
5 92 115
5 96 119
6 35 89
6 35 99
6 40 93
6 40 103
6 41 70
6 41 113
6 46 71
6 46 116
6 70 99
6 71 103
6 89 116
6 93 113
7 37 93
7 37 101
7 39 89
7 39 104
7 42 71
7 42 114
7 44 70
7 44 118
7 70 104
7 71 101
7 89 114
7 93 118
8 33 91
8 33 97
8 38 90
8 38 100
8 43 72
8 43 115
8 48 68
8 48 119
8 68 100
8 72 97
8 90 115
8 91 119
9 35 76
9 35 124
9 40 80
9 40 121
9 43 82
9 43 108
9 48 83
9 48 105
9 76 108
9 80 105
9 82 121
9 83 124
10 34 78
10 34 128
10 36 79
10 36 125
10 42 81
10 42 112
10 44 85
10 44 109
10 78 112
10 79 109
10 81 125
10 85 128
11 33 79
11 33 127
11 38 78
11 38 123
11 41 85
11 41 111
11 46 81
11 46 107
11 78 107
11 79 111
11 81 127
11 85 123
12 34 74
12 34 124
12 36 75
12 36 121
12 42 84
12 42 108
12 44 88
12 44 105
12 74 108
12 75 105
12 84 121
12 88 124
13 37 80
13 37 126
13 39 76
13 39 122
13 45 83
13 45 110
13 47 82
13 47 106
13 76 106
13 80 110
13 82 126
13 83 122
14 35 73
14 35 128
14 40 77
14 40 125
14 43 86
14 43 112
14 48 87
14 48 109
14 73 112
14 77 109
14 86 125
14 87 128
15 37 77
15 37 127
15 39 73
15 39 123
15 45 87
15 45 111
15 47 86
15 47 107
15 73 107
15 77 111
15 86 127
15 87 123
16 33 75
16 33 126
16 38 74
16 38 122
16 41 88
16 41 110
16 46 84
16 46 106
16 74 106
16 75 110
16 84 126
16 88 122
17 50 74
17 50 118
17 52 75
17 52 114
17 61 87
17 61 102
17 63 86
17 63 98
17 74 98
17 75 102
17 86 114
17 87 118
18 51 73
18 51 119
18 56 77
18 56 115
18 57 88
18 57 103
18 62 84
18 62 99
18 73 99
18 77 103
18 84 115
18 88 119
19 53 77
19 53 120
19 55 73
19 55 117
19 58 84
19 58 104
19 60 88
19 60 101
19 73 104
19 77 101
19 84 120
19 88 117
20 51 76
20 51 118
20 56 80
20 56 114
20 57 85
20 57 102
20 62 81
20 62 98
20 76 98
20 80 102
20 81 114
20 85 118
21 49 75
21 49 116
21 54 74
21 54 113
21 59 86
21 59 100
21 64 87
21 64 97
21 74 100
21 75 97
21 86 116
21 87 113
22 50 78
22 50 119
22 52 79
22 52 115
22 61 83
22 61 103
22 63 82
22 63 99
22 78 99
22 79 103
22 82 115
22 83 119
23 49 79
23 49 120
23 54 78
23 54 117
23 59 82
23 59 104
23 64 83
23 64 101
23 78 104
23 79 101
23 82 120
23 83 117
24 53 80
24 53 116
24 55 76
24 55 113
24 58 81
24 58 100
24 60 85
24 60 97
24 76 100
24 80 97
24 81 116
24 85 113
25 50 93
25 50 107
25 52 89
25 52 111
25 58 68
25 58 121
25 60 72
25 60 124
25 68 111
25 72 107
25 89 124
25 93 121
26 51 91
26 51 106
26 56 90
26 56 110
26 59 70
26 59 125
26 64 71
26 64 128
26 70 110
26 71 106
26 90 128
26 91 125
27 53 90
27 53 105
27 55 91
27 55 108
27 61 71
27 61 123
27 63 70
27 63 127
27 70 105
27 71 108
27 90 123
27 91 127
28 51 95
28 51 107
28 56 94
28 56 111
28 59 66
28 59 121
28 64 67
28 64 124
28 66 111
28 67 107
28 94 124
28 95 121
29 49 89
29 49 109
29 54 93
29 54 112
29 57 72
29 57 122
29 62 68
29 62 126
29 68 109
29 72 112
29 89 122
29 93 126
30 50 96
30 50 106
30 52 92
30 52 110
30 58 65
30 58 125
30 60 69
30 60 128
30 65 110
30 69 106
30 92 128
30 96 125
31 49 92
31 49 105
31 54 96
31 54 108
31 57 69
31 57 123
31 62 65
31 62 127
31 65 105
31 69 108
31 92 123
31 96 127
32 53 94
32 53 109
32 55 95
32 55 112
32 61 67
32 61 122
32 63 66
32 63 126
32 66 109
32 67 112
32 94 122
32 95 126
33 75 97
33 79 101
33 91 127
33 95 126
34 74 98
34 78 99
34 90 128
34 94 124
35 73 99
35 76 98
35 89 124
35 92 128
36 75 102
36 79 103
36 91 125
36 95 121
37 77 101
37 80 97
37 93 126
37 96 127
38 74 100
38 78 104
38 90 123
38 94 122
39 73 104
39 76 100
39 89 122
39 92 123
40 77 103
40 80 102
40 93 121
40 96 125
41 66 111
41 70 110
41 85 113
41 88 117
42 67 112
42 71 108
42 81 114
42 84 115
43 69 108
43 72 112
43 82 115
43 86 114
44 66 109
44 70 105
44 85 118
44 88 119
45 65 110
45 68 111
45 83 117
45 87 113
46 67 107
46 71 106
46 81 116
46 84 120
47 69 106
47 72 107
47 82 120
47 86 116
48 65 105
48 68 109
48 83 119
48 87 118
49 75 105
49 79 109
49 89 116
49 92 120
50 74 106
50 78 107
50 93 118
50 96 119
51 73 107
51 76 106
51 91 119
51 95 118
52 75 110
52 79 111
52 89 114
52 92 115
53 77 109
53 80 105
53 90 120
53 94 116
54 74 108
54 78 112
54 93 113
54 96 117
55 73 112
55 76 108
55 91 117
55 95 113
56 77 111
56 80 110
56 90 115
56 94 114
57 69 103
57 72 102
57 85 123
57 88 122
58 65 104
58 68 100
58 81 125
58 84 121
59 66 100
59 70 104
59 82 121
59 86 125
60 69 101
60 72 97
60 85 128
60 88 124
61 67 102
61 71 103
61 83 122
61 87 123
62 65 99
62 68 98
62 81 127
62 84 126
63 66 98
63 70 99
63 82 126
63 86 127
64 67 97
64 71 101
64 83 124
64 87 128