1 10 176
1 10 178
1 13 167
1 13 187
1 72 94
1 72 178
1 82 113
1 82 187
1 94 167
1 113 176
2 9 160
2 9 188
2 14 172
2 14 184
2 70 102
2 70 184
2 85 118
2 85 188
2 102 160
2 118 172
3 50 139
3 50 152
3 53 153
3 53 185
3 69 98
3 69 139
3 75 108
3 75 152
3 98 153
3 108 185
4 49 162
4 49 186
4 54 141
4 54 148
4 71 90
4 71 141
4 80 111
4 80 148
4 90 162
4 111 186
5 9 151
5 9 177
5 14 163
5 14 189
5 67 89
5 67 177
5 89 163
5 106 115
5 106 189
5 115 151
6 10 156
6 10 190
6 13 147
6 13 183
6 65 97
6 65 183
6 97 156
6 109 120
6 109 190
6 120 147
7 49 140
7 49 175
7 54 157
7 54 191
7 66 101
7 66 140
7 73 84
7 73 175
7 84 191
7 101 157
8 50 166
8 50 192
8 53 142
8 53 171
8 68 93
8 68 142
8 78 87
8 78 171
8 87 192
8 93 166
9 78 110
9 78 188
9 98 123
9 98 177
9 110 151
9 123 160
10 80 86
10 80 190
10 86 176
10 101 128
10 101 178
10 128 156
11 58 129
11 58 168
11 61 169
11 61 179
11 65 92
11 65 168
11 79 82
11 79 129
11 82 169
11 92 179
12 57 146
12 57 180
12 62 135
12 62 164
12 70 95
12 70 164
12 77 106
12 77 135
12 95 180
12 106 146
13 73 105
13 73 187
13 90 121
13 90 183
13 105 147
13 121 167
14 75 81
14 75 189
14 81 172
14 93 126
14 93 184
14 126 163
15 57 130
15 57 159
15 62 173
15 62 181
15 67 100
15 67 159
15 76 85
15 76 130
15 85 173
15 100 181
16 58 150
16 58 182
16 61 136
16 61 155
16 72 103
16 72 155
16 74 109
16 74 136
16 103 182
16 109 150
17 28 131
17 28 160
17 37 138
17 37 151
17 72 94
17 72 151
17 94 131
17 109 120
17 109 160
17 120 138
18 32 155
18 32 191
18 33 141
18 33 150
18 91 123
18 91 191
18 110 116
18 110 155
18 116 141
18 123 150
19 29 152
19 29 180
19 36 135
19 36 166
19 66 101
19 66 152
19 80 111
19 80 180
19 101 135
19 111 166
20 25 149
20 25 183
20 40 161
20 40 187
20 76 112
20 76 183
20 100 125
20 100 187
20 112 161
20 125 149
21 27 136
21 27 157
21 38 148
21 38 182
21 68 93
21 68 148
21 75 108
21 75 182
21 93 136
21 108 157
22 31 154
22 31 188
22 34 145
22 34 177
22 79 107
22 79 177
22 92 127
22 92 188
22 107 154
22 127 145
23 30 144
23 30 147
23 35 132
23 35 167
23 70 102
23 70 147
23 102 132
23 106 115
23 106 167
23 115 144
24 26 139
24 26 146
24 39 164
24 39 192
24 99 121
24 99 192
24 105 119
24 105 164
24 119 139
24 121 146
25 45 158
25 45 190
25 68 104
25 68 190
25 87 116
25 87 183
25 104 149
25 116 158
26 41 159
26 41 185
26 72 103
26 72 185
26 79 82
26 79 159
26 82 139
26 103 146
27 44 175
27 44 179
27 102 124
27 102 175
27 112 118
27 112 179
27 118 157
27 124 136
28 48 143
28 48 172
28 73 105
28 73 160
28 101 128
28 101 172
28 105 143
28 128 131
29 46 130
29 46 153
29 88 120
29 88 180
29 97 127
29 97 152
29 120 153
29 127 130
30 42 133
30 42 156
30 75 81
30 75 156
30 81 144
30 98 123
30 98 147
30 123 133
31 43 174
31 43 184
31 71 99
31 71 188
31 99 174
31 111 114
31 111 184
31 114 154
32 47 140
32 47 169
32 67 100
32 67 191
32 77 106
32 77 155
32 100 169
32 106 140
33 47 168
33 47 186
33 70 95
33 70 186
33 76 85
33 76 168
33 85 141
33 95 150
34 43 165
34 43 189
34 66 96
34 66 189
34 84 119
34 84 177
34 96 145
34 119 165
35 42 137
35 42 176
35 78 110
35 78 167
35 93 126
35 93 176
35 110 137
35 126 132
36 46 171
36 46 181
36 94 122
36 94 171
36 107 113
36 107 181
36 113 166
36 122 135
37 48 134
37 48 163
37 80 86
37 80 163
37 86 138
37 90 121
37 90 151
37 121 134
38 44 129
38 44 162
38 83 115
38 83 182
38 89 125
38 89 148
38 115 162
38 125 129
39 41 142
39 41 173
39 65 92
39 65 192
39 74 109
39 74 164
39 92 173
39 109 142
40 45 170
40 45 178
40 69 91
40 69 187
40 91 170
40 108 117
40 108 178
40 117 161
41 86 114
41 86 159
41 96 128
41 96 185
41 114 142
41 128 173
42 67 89
42 67 176
42 85 118
42 85 156
42 89 133
42 118 137
43 74 88
43 74 184
43 88 165
43 103 122
43 103 189
43 122 174
44 69 98
44 69 175
44 78 87
44 78 179
44 87 162
44 98 129
45 77 83
45 77 178
45 83 158
45 95 124
45 95 190
45 124 170
46 71 90
46 71 171
46 73 84
46 73 181
46 84 153
46 90 130
47 81 117
47 81 168
47 104 126
47 104 186
47 117 140
47 126 169
48 65 97
48 65 172
48 82 113
48 82 163
48 97 134
48 113 143
49 88 120
49 88 175
49 94 122
49 94 140
49 120 186
49 122 162
50 89 125
50 89 139
50 112 118
50 112 152
50 118 192
50 125 166
51 60 131
51 60 154
51 63 138
51 63 145
51 68 104
51 68 154
51 104 138
51 108 117
51 108 145
51 117 131
52 59 137
52 59 170
52 64 133
52 64 158
52 71 99
52 71 158
52 84 119
52 84 170
52 99 137
52 119 133
53 83 115
53 83 171
53 102 124
53 102 142
53 115 185
53 124 153
54 97 127
54 97 141
54 107 113
54 107 148
54 113 191
54 127 157
55 59 132
55 59 161
55 64 144
55 64 149
55 66 96
55 66 161
55 96 144
55 111 114
55 111 149
55 114 132
56 60 143
56 60 174
56 63 134
56 63 165
56 69 91
56 69 165
56 87 116
56 87 174
56 91 143
56 116 134
57 104 126
57 104 159
57 110 116
57 110 130
57 116 146
57 126 180
58 96 128
58 96 168
58 105 119
58 105 129
58 119 150
58 128 182
59 74 88
59 74 170
59 88 132
59 92 127
59 92 161
59 127 137
60 77 83
60 77 174
60 83 131
60 100 125
60 100 154
60 125 143
61 86 114
61 86 136
61 99 121
61 99 155
61 114 169
61 121 179
62 81 117
62 81 135
62 91 123
62 91 164
62 117 173
62 123 181
63 76 112
63 76 145
63 95 124
63 95 165
63 112 134
63 124 138
64 79 107
64 79 149
64 103 122
64 103 158
64 107 133
64 122 144
65 168 183
65 172 192
66 140 161
66 152 189
67 159 177
67 176 191
68 142 154
68 148 190
69 139 165
69 175 187
70 147 186
70 164 184
71 141 158
71 171 188
72 151 185
72 155 178
73 160 181
73 175 187
74 136 170
74 164 184
75 152 189
75 156 182
76 130 145
76 168 183
77 135 174
77 155 178
78 167 179
78 171 188
79 129 149
79 159 177
80 148 190
80 163 180
81 135 172
81 144 168
82 139 163
82 169 187
83 131 171
83 158 182
84 153 177
84 170 191
85 141 156
85 173 188
86 136 176
86 138 159
87 162 183
87 174 192
88 132 175
88 165 180
89 133 148
89 139 163
90 130 151
90 162 183
91 143 164
91 170 191
92 161 179
92 173 188
93 136 176
93 166 184
94 131 171
94 140 167
95 150 190
95 165 180
96 144 168
96 145 185
97 134 152
97 141 156
98 129 147
98 153 177
99 137 155
99 174 192
100 154 181
100 169 187
101 135 172
101 157 178
102 132 175
102 142 160
103 146 189
103 158 182
104 138 159
104 149 186
105 129 147
105 143 164
106 140 167
106 146 189
107 133 148
107 154 181
108 145 185
108 157 178
109 142 160
109 150 190
110 130 151
110 137 155
111 149 186
111 166 184
112 134 152
112 161 179
113 143 166
113 176 191
114 132 169
114 142 154
115 144 162
115 151 185
116 134 146
116 141 158
117 131 173
117 140 161
118 137 157
118 172 192
119 133 150
119 139 165
120 138 153
120 147 186
121 134 146
121 167 179
122 135 174
122 144 162
123 133 150
123 160 181
124 136 170
124 138 153
125 129 149
125 143 166
126 132 169
126 163 180
127 130 145
127 137 157
128 131 173
128 156 182