1 130 322
1 130 374
1 158 281
1 158 374
1 200 259
1 200 322
1 227 259
1 227 281
2 140 283
2 140 364
2 146 331
2 146 364
2 194 257
2 194 331
2 246 257
2 246 283
3 129 328
3 129 355
3 157 271
3 157 355
3 222 275
3 222 328
3 234 271
3 234 275
4 139 269
4 139 377
4 145 333
4 145 377
4 221 273
4 221 333
4 253 269
4 253 273
5 172 344
5 172 356
5 180 308
5 180 356
5 212 297
5 212 344
5 247 297
5 247 308
6 164 307
6 164 383
6 186 351
6 186 383
6 211 298
6 211 351
6 232 298
6 232 307
7 173 343
7 173 372
7 178 292
7 178 372
7 204 315
7 204 343
7 256 292
7 256 315
8 162 291
8 162 363
8 191 352
8 191 363
8 206 316
8 206 352
8 237 291
8 237 316
9 142 276
9 142 293
9 185 293
9 185 376
9 201 334
9 201 376
9 242 276
9 242 334
10 156 274
10 156 294
10 171 294
10 171 361
10 207 327
10 207 361
10 225 274
10 225 327
11 141 260
11 141 309
11 192 309
11 192 354
11 210 332
11 210 354
11 249 260
11 249 332
12 155 258
12 155 310
12 174 310
12 174 379
12 209 321
12 209 379
12 236 258
12 236 321
13 132 267
13 132 381
13 181 267
13 181 317
13 223 337
13 223 381
13 243 317
13 243 337
14 148 265
14 148 353
14 165 265
14 165 318
14 224 346
14 224 353
14 230 318
14 230 346
15 131 285
15 131 362
15 183 285
15 183 303
15 195 338
15 195 362
15 252 303
15 252 338
16 147 287
16 147 370
16 167 287
16 167 304
16 197 345
16 197 370
16 239 304
16 239 345
17 132 349
17 132 381
17 160 282
17 160 381
17 205 260
17 205 349
17 249 260
17 249 282
18 138 284
18 138 353
18 148 342
18 148 353
18 203 258
18 203 342
18 236 258
18 236 284
19 131 350
19 131 362
19 159 272
19 159 362
19 213 276
19 213 350
19 242 272
19 242 276
20 137 270
20 137 370
20 147 341
20 147 370
20 214 274
20 214 341
20 225 270
20 225 274
21 171 330
21 171 361
21 179 306
21 179 361
21 219 304
21 219 330
21 239 304
21 239 306
22 163 305
22 163 376
22 185 323
22 185 376
22 220 303
22 220 323
22 252 303
22 252 305
23 174 336
23 174 379
23 177 290
23 177 379
23 193 318
23 193 336
23 230 290
23 230 318
24 161 289
24 161 354
24 192 325
24 192 354
24 199 317
24 199 325
24 243 289
24 243 317
25 129 286
25 129 355
25 184 286
25 184 298
25 202 329
25 202 355
25 232 298
25 232 329
26 145 288
26 145 377
26 168 288
26 168 297
26 208 324
26 208 377
26 247 297
26 247 324
27 130 268
27 130 374
27 182 268
27 182 316
27 216 335
27 216 374
27 237 316
27 237 335
28 146 266
28 146 364
28 166 266
28 166 315
28 215 326
28 215 364
28 256 315
28 256 326
29 143 259
29 143 311
29 191 311
29 191 363
29 217 340
29 217 363
29 227 259
29 227 340
30 153 257
30 153 312
30 173 312
30 173 372
30 218 347
30 218 372
30 246 257
30 246 347
31 144 275
31 144 295
31 186 295
31 186 383
31 196 339
31 196 383
31 234 275
31 234 339
32 154 273
32 154 296
32 172 296
32 172 356
32 198 348
32 198 356
32 253 273
32 253 348
33 152 289
33 152 371
33 161 280
33 161 289
33 219 330
33 219 371
33 226 280
33 226 330
34 151 305
34 151 358
34 163 264
34 163 305
34 193 336
34 193 358
34 235 264
34 235 336
35 136 290
35 136 365
35 177 278
35 177 290
35 220 323
35 220 365
35 248 278
35 248 323
36 135 306
36 135 384
36 179 262
36 179 306
36 199 325
36 199 384
36 255 262
36 255 325
37 137 270
37 137 313
37 190 270
37 190 357
37 205 349
37 205 357
37 245 313
37 245 349
38 138 284
38 138 299
38 187 284
38 187 373
38 213 350
38 213 373
38 254 299
38 254 350
39 159 272
39 159 314
39 176 272
39 176 378
39 203 342
39 203 378
39 229 314
39 229 342
40 160 282
40 160 300
40 169 282
40 169 366
40 214 341
40 214 366
40 240 300
40 240 341
41 133 340
41 133 375
41 154 296
41 154 375
41 217 320
41 217 340
41 238 296
41 238 320
42 134 339
42 134 360
42 153 312
42 153 360
42 196 302
42 196 339
42 231 302
42 231 312
43 166 266
43 166 382
43 188 329
43 188 382
43 202 277
43 202 329
43 233 266
43 233 277
44 168 288
44 168 368
44 189 335
44 189 368
44 216 261
44 216 335
44 228 261
44 228 288
45 175 326
45 175 369
45 184 286
45 184 369
45 215 263
45 215 326
45 244 263
45 244 286
46 170 324
46 170 359
46 182 268
46 182 359
46 208 279
46 208 324
46 251 268
46 251 279
47 143 311
47 143 380
47 150 348
47 150 380
47 198 301
47 198 348
47 241 301
47 241 311
48 144 295
48 144 367
48 149 347
48 149 367
48 218 319
48 218 347
48 250 295
48 250 319
49 150 291
49 150 380
49 162 279
49 162 291
49 212 344
49 212 380
49 251 279
49 251 344
50 149 307
50 149 367
50 164 263
50 164 307
50 204 343
50 204 367
50 244 263
50 244 343
51 134 292
51 134 360
51 178 277
51 178 292
51 211 351
51 211 360
51 233 277
51 233 351
52 133 308
52 133 375
52 180 261
52 180 308
52 206 352
52 206 375
52 228 261
52 228 352
53 139 269
53 139 320
53 189 269
53 189 368
53 200 322
53 200 368
53 238 320
53 238 322
54 140 283
54 140 302
54 188 283
54 188 382
54 222 328
54 222 382
54 231 302
54 231 328
55 157 271
55 157 319
55 175 271
55 175 369
55 194 331
55 194 369
55 250 319
55 250 331
56 158 281
56 158 301
56 170 281
56 170 359
56 221 333
56 221 359
56 241 301
56 241 333
57 165 265
57 165 373
57 187 338
57 187 373
57 195 278
57 195 338
57 248 265
57 248 278
58 167 287
58 167 357
58 190 337
58 190 357
58 223 262
58 223 337
58 255 262
58 255 287
59 135 332
59 135 384
59 156 294
59 156 384
59 210 313
59 210 332
59 245 294
59 245 313
60 136 334
60 136 365
60 155 310
60 155 365
60 201 299
60 201 334
60 254 299
60 254 310
61 141 309
61 141 371
61 152 327
61 152 371
61 207 300
61 207 327
61 240 300
61 240 309
62 142 293
62 142 358
62 151 321
62 151 358
62 209 314
62 209 321
62 229 293
62 229 314
63 176 346
63 176 378
63 183 285
63 183 378
63 224 264
63 224 346
63 235 264
63 235 285
64 169 345
64 169 366
64 181 267
64 181 366
64 197 280
64 197 345
64 226 267
64 226 280
65 140 337
65 140 364
65 190 279
65 190 337
65 208 279
65 208 290
65 230 290
65 230 364
66 129 258
66 129 328
66 181 328
66 181 366
66 203 258
66 203 311
66 241 311
66 241 366
67 150 313
67 150 348
67 163 348
67 163 376
67 210 271
67 210 313
67 234 271
67 234 376
68 154 336
68 154 375
68 174 298
68 174 336
68 211 287
68 211 298
68 255 287
68 255 375
69 152 320
69 152 327
69 164 327
69 164 383
69 217 272
69 217 320
69 242 272
69 242 383
70 156 343
70 156 384
70 173 303
70 173 343
70 220 288
70 220 303
70 228 288
70 228 384
71 138 335
71 138 353
71 189 280
71 189 335
71 197 280
71 197 292
71 256 292
71 256 353
72 131 257
72 131 350
72 182 350
72 182 359
72 194 257
72 194 309
72 240 309
72 240 359
73 153 330
73 153 360
73 171 316
73 171 330
73 206 265
73 206 316
73 248 265
73 248 360
74 149 299
74 149 347
74 161 347
74 161 354
74 201 281
74 201 299
74 227 281
74 227 354
75 130 274
75 130 322
75 183 322
75 183 378
75 214 274
75 214 295
75 250 295
75 250 378
76 139 338
76 139 377
76 187 263
76 187 338
76 215 263
76 215 306
76 239 306
76 239 377
77 132 273
77 132 349
77 184 349
77 184 369
77 221 273
77 221 293
77 229 293
77 229 369
78 137 329
78 137 370
78 188 264
78 188 329
78 224 264
78 224 308
78 247 308
78 247 370
79 155 344
79 155 365
79 172 317
79 172 344
79 199 266
79 199 317
79 233 266
79 233 365
80 151 302
80 151 321
80 162 321
80 162 363
80 196 282
80 196 302
80 249 282
80 249 363
81 141 351
81 141 371
81 186 318
81 186 351
81 193 268
81 193 318
81 251 268
81 251 371
82 143 323
82 143 380
82 185 315
82 185 323
82 204 267
82 204 315
82 226 267
82 226 380
83 159 324
83 159 362
83 170 262
83 170 324
83 223 262
83 223 307
83 232 307
83 232 362
84 157 345
84 157 355
84 169 261
84 169 345
84 216 261
84 216 305
84 252 305
84 252 355
85 148 275
85 148 342
85 168 342
85 168 368
85 222 275
85 222 294
85 245 294
85 245 368
86 146 276
86 146 331
86 167 331
86 167 357
86 213 276
86 213 296
86 238 296
86 238 357
87 135 301
87 135 332
87 178 332
87 178 372
87 198 284
87 198 301
87 236 284
87 236 372
88 133 300
88 133 340
88 177 340
88 177 379
88 207 283
88 207 300
88 246 283
88 246 379
89 144 325
89 144 367
89 192 297
89 192 325
89 212 285
89 212 297
89 235 285
89 235 367
90 142 352
90 142 358
90 191 304
90 191 352
90 219 286
90 219 304
90 244 286
90 244 358
91 158 346
91 158 374
91 176 277
91 176 346
91 202 277
91 202 289
91 243 289
91 243 374
92 160 326
92 160 381
92 175 278
92 175 326
92 195 278
92 195 291
92 237 291
92 237 381
93 145 260
93 145 333
93 165 333
93 165 373
93 205 260
93 205 312
93 231 312
93 231 373
94 147 259
94 147 341
94 166 341
94 166 382
94 200 259
94 200 310
94 254 310
94 254 382
95 134 314
95 134 339
95 179 339
95 179 361
95 209 269
95 209 314
95 253 269
95 253 361
96 136 319
96 136 334
96 180 334
96 180 356
96 218 270
96 218 319
96 225 270
96 225 356
97 142 276
97 142 352
97 146 266
97 146 276
97 199 266
97 199 384
97 228 352
97 228 384
98 139 320
98 139 338
98 152 289
98 152 320
98 202 289
98 202 355
98 252 338
98 252 355
99 131 257
99 131 285
99 153 257
99 153 330
99 212 285
99 212 380
99 226 330
99 226 380
100 133 300
100 133 308
100 160 300
100 160 326
100 224 308
100 224 353
100 256 326
100 256 353
101 165 318
101 165 333
101 186 295
101 186 318
101 214 295
101 214 366
101 241 333
101 241 366
102 162 279
102 162 321
102 190 270
102 190 279
102 218 270
102 218 372
102 236 321
102 236 372
103 174 298
103 174 310
103 184 298
103 184 349
103 200 310
103 200 368
103 245 349
103 245 368
104 170 262
104 170 281
104 179 262
104 179 339
104 201 281
104 201 376
104 234 339
104 234 376
105 138 299
105 138 335
105 149 299
105 149 307
105 223 307
105 223 381
105 237 335
105 237 381
106 143 259
106 143 323
106 147 259
106 147 287
106 211 287
106 211 360
106 248 323
106 248 360
107 136 290
107 136 319
107 157 319
107 157 345
107 208 290
107 208 377
107 239 345
107 239 377
108 130 268
108 130 274
108 156 274
108 156 343
108 193 268
108 193 358
108 244 343
108 244 358
109 163 264
109 163 348
109 188 264
109 188 283
109 207 283
109 207 361
109 253 348
109 253 361
110 168 297
110 168 342
110 192 297
110 192 309
110 194 309
110 194 369
110 229 342
110 229 369
111 176 272
111 176 277
111 178 277
111 178 332
111 217 272
111 217 363
111 249 332
111 249 363
112 172 296
112 172 317
112 181 317
112 181 328
112 213 296
112 213 373
112 231 328
112 231 373
113 173 303
113 173 312
113 183 303
113 183 322
113 205 312
113 205 357
113 238 322
113 238 357
114 144 275
114 144 325
114 148 265
114 148 275
114 206 265
114 206 375
114 255 325
114 255 375
115 161 280
115 161 347
115 189 269
115 189 280
115 209 269
115 209 379
115 246 347
115 246 379
116 135 301
116 135 306
116 158 301
116 158 346
116 215 306
116 215 364
116 230 346
116 230 364
117 166 315
117 166 341
117 185 293
117 185 315
117 221 293
117 221 359
117 240 341
117 240 359
118 129 258
118 129 286
118 155 258
118 155 344
118 219 286
118 219 371
118 251 344
118 251 371
119 169 261
119 169 282
119 180 261
119 180 334
119 196 282
119 196 383
119 242 334
119 242 383
120 137 313
120 137 329
120 150 291
120 150 313
120 195 291
120 195 362
120 232 329
120 232 362
121 132 267
121 132 273
121 154 273
121 154 336
121 204 267
121 204 367
121 235 336
121 235 367
122 167 304
122 167 331
122 191 304
122 191 311
122 203 311
122 203 378
122 250 331
122 250 378
123 140 302
123 140 337
123 151 302
123 151 305
123 216 305
123 216 374
123 243 337
123 243 374
124 175 271
124 175 278
124 177 278
124 177 340
124 210 271
124 210 354
124 227 340
124 227 354
125 141 260
125 141 351
125 145 260
125 145 288
125 220 288
125 220 365
125 233 351
125 233 365
126 171 294
126 171 316
126 182 316
126 182 350
126 222 294
126 222 382
126 254 350
126 254 382
127 134 292
127 134 314
127 159 314
127 159 324
127 197 292
127 197 370
127 247 324
127 247 370
128 164 263
128 164 327
128 187 263
128 187 284
128 198 284
128 198 356
128 225 327
128 225 356