1 19 63
1 19 169
1 23 143
1 23 241
1 63 177
1 106 169
1 106 241
1 143 252
1 177 252
2 17 46
2 17 186
2 28 193
2 28 258
2 45 160
2 45 210
2 46 258
2 160 186
2 193 210
3 51 65
3 51 101
3 63 119
3 63 245
3 65 152
3 72 101
3 72 129
3 119 152
3 129 245
4 66 193
4 66 237
4 69 92
4 69 222
4 92 145
4 145 202
4 173 193
4 173 222
4 202 237
5 26 92
5 26 114
5 84 176
5 84 257
5 92 208
5 114 257
5 176 271
5 208 225
5 225 271
6 17 158
6 17 226
6 62 112
6 62 226
6 105 158
6 105 196
6 112 225
6 196 253
6 225 253
7 45 81
7 45 115
7 81 214
7 108 115
7 108 263
7 121 205
7 121 209
7 205 214
7 209 263
8 25 140
8 25 157
8 53 82
8 53 145
8 82 135
8 105 135
8 105 209
8 140 145
8 157 209
9 49 164
9 49 235
9 80 161
9 80 272
9 155 161
9 155 251
9 158 235
9 158 272
9 164 251
10 33 167
10 33 201
10 36 65
10 36 83
10 65 115
10 83 167
10 115 168
10 134 168
10 134 201
11 20 77
11 20 97
11 33 99
11 33 135
11 77 185
11 97 182
11 99 215
11 135 185
11 182 215
12 35 55
12 35 177
12 55 208
12 123 187
12 123 207
12 161 187
12 161 268
12 177 207
12 208 268
13 19 210
13 19 257
13 49 142
13 49 219
13 64 180
13 64 257
13 142 236
13 180 219
13 210 236
14 71 127
14 71 233
14 91 113
14 91 181
14 113 233
14 127 241
14 168 235
14 168 241
14 181 235
15 41 227
15 41 245
15 69 97
15 69 245
15 81 227
15 81 254
15 86 97
15 86 150
15 150 254
16 40 136
16 40 261
16 113 136
16 113 185
16 129 223
16 129 261
16 185 268
16 223 243
16 243 268
17 46 162
17 123 186
17 123 226
17 158 235
17 162 235
18 35 82
18 35 118
18 46 103
18 46 230
18 82 135
18 89 118
18 89 146
18 103 135
18 146 230
19 60 144
19 60 193
19 63 257
19 144 169
19 193 210
20 67 192
20 67 258
20 77 224
20 97 258
20 192 272
20 224 242
20 242 272
21 77 85
21 77 130
21 81 210
21 81 254
21 85 207
21 130 217
21 188 207
21 188 210
21 217 254
22 60 66
22 60 100
22 66 197
22 100 125
22 104 194
22 104 221
22 125 264
22 194 264
22 197 221
23 47 128
23 47 241
23 120 143
23 120 211
23 128 242
23 211 238
23 238 242
24 34 179
24 34 252
24 96 178
24 96 271
24 138 178
24 138 236
24 143 252
24 143 271
24 179 236
25 36 65
25 36 130
25 65 152
25 120 152
25 120 194
25 130 157
25 140 194
26 50 116
26 50 152
26 92 170
26 114 165
26 116 200
26 152 170
26 165 200
27 50 184
27 50 218
27 53 68
27 53 82
27 68 184
27 82 100
27 100 183
27 149 183
27 149 218
28 34 159
28 34 204
28 48 163
28 48 258
28 159 251
28 163 204
28 193 251
29 38 51
29 38 224
29 51 162
29 106 171
29 106 222
29 162 222
29 171 178
29 178 267
29 224 267
30 56 230
30 56 244
30 66 237
30 66 244
30 71 114
30 71 133
30 85 114
30 85 230
30 133 237
31 74 98
31 74 166
31 86 110
31 86 250
31 98 250
31 110 226
31 166 252
31 183 226
31 183 252
32 57 151
32 57 262
32 98 151
32 98 170
32 146 206
32 146 262
32 170 267
32 206 228
32 228 267
33 99 237
33 105 135
33 105 147
33 147 167
33 201 237
34 57 159
34 57 179
34 99 183
34 99 204
34 183 252
35 55 118
35 58 83
35 58 198
35 82 198
35 83 177
36 76 154
36 76 163
36 83 166
36 130 163
36 154 166
37 70 109
37 70 131
37 89 109
37 89 153
37 95 131
37 95 217
37 139 179
37 139 217
37 153 179
38 51 101
38 62 227
38 62 260
38 101 260
38 111 224
38 111 244
38 227 244
39 89 118
39 89 195
39 118 171
39 119 147
39 119 186
39 147 219
39 156 186
39 156 195
39 171 219
40 49 142
40 49 164
40 67 240
40 67 261
40 136 259
40 142 240
40 164 259
41 78 148
41 78 238
41 142 153
41 142 211
41 148 227
41 153 245
41 211 238
42 111 131
42 111 167
42 131 249
42 167 190
42 173 239
42 173 243
42 190 268
42 239 249
42 243 268
43 51 68
43 51 213
43 67 94
43 67 192
43 68 117
43 94 232
43 117 192
43 189 213
43 189 232
44 61 206
44 61 223
44 120 132
44 120 211
44 132 204
44 189 204
44 189 243
44 206 211
44 223 243
45 65 115
45 65 213
45 81 210
45 160 262
45 213 262
46 103 122
46 122 240
46 162 230
46 240 258
47 55 244
47 55 259
47 66 197
47 66 244
47 115 197
47 115 241
47 128 259
48 86 246
48 86 258
48 108 203
48 108 266
48 163 203
48 195 246
48 195 266
49 116 168
49 116 219
49 168 235
50 116 254
50 120 132
50 120 152
50 132 184
50 218 254
51 65 213
51 68 162
52 72 124
52 72 137
52 78 148
52 78 202
52 87 124
52 87 148
52 137 164
52 154 164
52 154 202
53 68 181
53 93 139
53 93 180
53 139 181
53 145 180
54 72 101
54 72 212
54 101 187
54 103 132
54 103 169
54 132 204
54 141 169
54 141 212
54 187 204
55 118 259
55 126 208
55 126 227
55 227 244
56 95 131
56 95 253
56 131 244
56 137 159
56 137 230
56 159 196
56 196 253
57 84 256
57 84 262
57 151 260
57 159 256
57 179 260
58 79 84
58 79 247
58 83 102
58 84 176
58 102 176
58 172 198
58 172 247
59 126 148
59 126 184
59 148 234
59 175 184
59 175 267
59 188 228
59 188 255
59 228 267
59 234 255
60 66 193
60 82 100
60 82 198
60 144 261
60 198 261
61 105 147
61 105 196
61 147 219
61 172 219
61 172 228
61 196 223
61 206 228
62 81 214
62 81 227
62 100 214
62 100 226
62 112 260
63 107 119
63 107 256
63 177 245
63 256 257
64 71 229
64 71 257
64 125 220
64 125 265
64 180 220
64 212 229
64 212 265
67 94 198
67 198 261
67 240 258
68 117 184
68 162 235
68 181 235
69 88 129
69 88 231
69 92 97
69 129 245
69 222 231
70 87 107
70 87 122
70 107 117
70 109 216
70 117 131
70 122 165
70 165 216
71 114 257
71 127 229
71 133 233
72 124 205
72 129 205
72 137 212
73 85 146
73 85 248
73 91 181
73 91 262
73 128 154
73 128 248
73 146 262
73 154 166
73 166 181
74 88 166
74 88 261
74 98 133
74 133 174
74 144 249
74 144 261
74 174 249
75 140 153
75 140 192
75 153 245
75 177 207
75 177 245
75 192 272
75 207 255
75 229 255
75 229 272
76 154 202
76 163 187
76 165 200
76 165 270
76 187 200
76 202 220
76 220 270
77 85 114
77 114 216
77 130 224
77 185 216
78 99 183
78 99 237
78 149 183
78 149 238
78 202 237
79 84 213
79 109 149
79 109 247
79 149 218
79 173 218
79 173 243
79 213 243
80 101 161
80 101 260
80 108 151
80 108 197
80 151 260
80 197 247
80 247 272
83 102 167
83 166 252
83 177 252
84 213 262
84 256 257
85 146 230
85 207 248
86 97 258
86 110 246
86 150 250
87 102 122
87 102 148
87 107 182
87 124 199
87 182 199
88 112 139
88 112 231
88 129 261
88 139 181
88 166 181
89 109 221
89 146 221
89 153 195
90 137 157
90 137 230
90 157 176
90 162 222
90 162 230
90 176 271
90 222 239
90 239 246
90 246 271
91 113 150
91 150 191
91 160 234
91 160 262
91 191 234
92 97 199
92 145 208
92 170 199
93 139 217
93 171 180
93 171 215
93 182 215
93 182 269
93 203 217
93 203 269
94 124 134
94 124 232
94 134 201
94 188 201
94 188 228
94 198 228
95 116 168
95 116 254
95 134 168
95 134 253
95 217 254
96 118 178
96 118 259
96 125 136
96 125 214
96 136 259
96 214 232
96 232 271
97 182 199
98 119 152
98 119 250
98 133 151
98 152 170
99 189 204
99 189 215
100 125 214
100 183 226
101 161 187
102 122 263
102 148 234
102 167 234
102 176 263
103 113 135
103 113 233
103 122 169
103 132 233
104 134 199
104 134 253
104 141 191
104 141 221
104 155 191
104 155 199
104 194 253
105 158 209
106 141 169
106 141 231
106 171 215
106 215 241
106 222 231
107 117 264
107 119 186
107 182 256
107 186 264
108 115 197
108 151 266
108 203 263
109 149 216
109 197 221
109 197 247
110 127 229
110 127 246
110 172 200
110 172 247
110 200 226
110 229 247
111 131 244
111 147 167
111 147 250
111 224 265
111 250 265
112 139 260
112 190 225
112 190 270
112 231 270
113 135 185
113 136 150
114 165 216
115 168 241
116 172 200
116 172 219
117 131 249
117 184 249
117 192 264
118 171 178
119 147 250
120 143 194
121 138 174
121 138 216
121 149 216
121 149 238
121 156 174
121 156 205
121 209 238
122 165 240
122 169 263
123 156 186
123 156 248
123 187 200
123 200 226
123 207 248
124 134 199
124 205 214
124 214 232
125 136 265
125 220 264
126 132 184
126 132 233
126 148 227
126 208 266
126 233 266
127 189 215
127 189 232
127 215 241
127 232 246
128 154 259
128 175 242
128 175 269
128 248 269
129 205 223
130 157 265
130 163 217
130 224 265
133 151 233
133 174 201
133 201 237
136 150 250
136 250 265
137 157 212
137 159 164
138 155 161
138 155 178
138 161 185
138 174 236
138 185 216
139 179 260
140 145 266
140 153 195
140 192 194
140 195 266
141 191 255
141 212 255
141 221 231
142 153 179
142 179 236
142 211 240
143 194 253
143 225 253
143 225 271
144 169 263
144 175 203
144 175 249
144 203 263
145 180 202
145 208 266
146 206 221
150 191 218
150 218 254
151 233 266
154 164 259
155 170 178
155 170 199
155 191 251
156 174 239
156 195 239
156 205 248
157 176 209
157 212 265
158 209 238
158 238 242
158 242 272
159 164 251
159 196 256
160 186 264
160 190 220
160 190 234
160 220 264
161 185 268
163 187 204
163 203 217
165 240 270
167 190 234
170 178 267
171 180 219
172 198 228
173 193 251
173 218 251
173 222 239
174 201 236
174 239 249
175 184 249
175 203 269
175 242 267
176 209 263
180 202 220
182 256 269
188 201 236
188 207 255
188 210 236
189 213 243
190 220 270
190 225 268
191 218 251
191 234 255
192 194 264
195 239 246
196 223 269
196 256 269
205 223 248
206 211 270
206 221 231
206 231 270
208 225 268
211 240 270
212 229 255
223 248 269
224 242 267
229 247 272
232 246 271