1 73 145
1 73 163
1 91 145
1 91 155
1 104 163
1 104 203
1 124 155
1 124 181
1 134 181
1 134 203
2 75 150
2 75 152
2 85 152
2 85 185
2 108 150
2 108 165
2 122 165
2 122 197
2 128 185
2 128 197
3 78 146
3 78 175
3 80 146
3 80 164
3 88 175
3 88 205
3 96 164
3 96 195
3 118 195
3 118 205
4 76 148
4 76 158
4 82 158
4 82 199
4 86 148
4 86 179
4 100 193
4 100 199
4 112 179
4 112 193
5 79 151
5 79 186
5 95 151
5 95 162
5 97 186
5 97 191
5 110 171
5 110 191
5 140 162
5 140 171
6 74 147
6 74 180
6 101 180
6 101 216
6 103 147
6 103 173
6 126 189
6 126 216
6 138 173
6 138 189
7 77 151
7 77 167
7 79 149
7 79 151
7 94 167
7 94 189
7 114 149
7 114 159
7 126 159
7 126 189
8 74 147
8 74 157
8 84 157
8 84 183
8 92 147
8 92 153
8 110 171
8 110 183
8 132 153
8 132 171
9 80 164
9 80 204
9 90 204
9 90 209
9 98 164
9 98 168
9 100 199
9 100 209
9 135 168
9 135 199
10 83 174
10 83 214
10 86 148
10 86 174
10 88 205
10 88 214
10 106 170
10 106 205
10 127 148
10 127 170
11 73 163
11 73 196
11 89 187
11 89 196
11 102 154
11 102 163
11 122 165
11 122 187
11 142 154
11 142 165
12 85 152
12 85 161
12 111 152
12 111 169
12 113 161
12 113 202
12 124 181
12 124 202
12 143 169
12 143 181
13 80 146
13 80 156
13 89 156
13 89 187
13 100 187
13 100 193
13 113 146
13 113 161
13 120 161
13 120 193
14 76 148
14 76 154
14 102 154
14 102 177
14 107 148
14 107 169
14 118 177
14 118 205
14 143 169
14 143 205
15 79 186
15 79 198
15 89 186
15 89 196
15 113 198
15 113 202
15 126 202
15 126 216
15 129 196
15 129 216
16 103 147
16 103 169
16 111 169
16 111 207
16 133 147
16 133 154
16 140 171
16 140 207
16 142 154
16 142 171
17 84 157
17 84 185
17 85 185
17 85 192
17 114 159
17 114 192
17 115 155
17 115 157
17 124 155
17 124 159
18 77 167
18 77 212
18 104 163
18 104 167
18 108 165
18 108 212
18 132 153
18 132 165
18 137 153
18 137 163
19 73 145
19 73 176
19 83 145
19 83 174
19 90 176
19 90 209
19 116 174
19 116 197
19 122 197
19 122 209
20 75 152
20 75 168
20 81 152
20 81 170
20 98 168
20 98 211
20 106 170
20 106 181
20 134 181
20 134 211
21 74 180
21 74 194
21 83 194
21 83 214
21 90 180
21 90 204
21 110 191
21 110 214
21 130 191
21 130 204
22 95 151
22 95 170
22 117 151
22 117 168
22 127 170
22 127 208
22 135 168
22 135 189
22 138 189
22 138 208
23 79 149
23 79 166
23 90 149
23 90 176
23 98 166
23 98 211
23 110 183
23 110 211
23 129 176
23 129 183
24 81 170
24 81 207
24 92 147
24 92 170
24 94 189
24 94 207
24 116 174
24 116 189
24 123 147
24 123 174
25 84 183
25 84 215
25 86 179
25 86 215
25 88 175
25 88 183
25 114 149
25 114 179
25 119 149
25 119 175
26 82 178
26 82 199
26 92 153
26 92 178
26 94 167
26 94 199
26 96 153
26 96 164
26 139 164
26 139 167
27 77 182
27 77 212
27 80 182
27 80 204
27 88 212
27 88 214
27 114 192
27 114 204
27 120 192
27 120 214
28 115 157
28 115 199
28 121 148
28 121 157
28 127 148
28 127 153
28 135 177
28 135 199
28 137 153
28 137 177
29 78 175
29 78 210
29 104 203
29 104 210
29 108 150
29 108 175
29 112 179
29 112 203
29 144 150
29 144 179
30 82 155
30 82 158
30 91 155
30 91 188
30 96 188
30 96 195
30 105 158
30 105 185
30 128 185
30 128 195
31 75 150
31 75 160
31 97 160
31 97 191
31 101 150
31 101 180
31 134 191
31 134 203
31 141 180
31 141 203
32 91 145
32 91 162
32 95 162
32 95 201
32 128 197
32 128 201
32 131 145
32 131 173
32 138 173
32 138 197
33 86 174
33 86 190
33 100 207
33 100 209
33 111 190
33 111 207
33 113 174
33 113 198
33 119 198
33 119 209
34 98 154
34 98 164
34 106 178
34 106 205
34 109 164
34 109 196
34 129 196
34 129 205
34 133 154
34 133 178
35 76 158
35 76 184
35 97 158
35 97 186
35 101 184
35 101 216
35 118 195
35 118 216
35 136 186
35 136 195
36 78 146
36 78 173
36 93 146
36 93 162
36 103 173
36 103 213
36 112 193
36 112 213
36 140 162
36 140 193
37 73 196
37 73 206
37 84 196
37 84 215
37 92 178
37 92 206
37 116 202
37 116 215
37 124 178
37 124 202
38 99 149
38 99 152
38 111 152
38 111 167
38 119 149
38 119 165
38 139 167
38 139 211
38 142 165
38 142 211
39 80 156
39 80 182
39 95 182
39 95 201
39 97 156
39 97 160
39 118 177
39 118 201
39 135 160
39 135 177
40 107 148
40 107 173
40 120 193
40 120 214
40 121 148
40 121 180
40 131 173
40 131 214
40 141 180
40 141 193
41 74 157
41 74 200
41 89 156
41 89 157
41 102 177
41 102 200
41 126 159
41 126 177
41 130 156
41 130 159
42 77 151
42 77 169
42 87 151
42 87 161
42 107 169
42 107 208
42 120 161
42 120 171
42 132 171
42 132 208
43 83 161
43 83 194
43 85 161
43 85 172
43 115 187
43 115 194
43 122 187
43 122 208
43 127 172
43 127 208
44 102 163
44 102 168
44 117 168
44 117 212
44 125 163
44 125 204
44 130 181
44 130 204
44 143 181
44 143 212
45 78 198
45 78 210
45 79 166
45 79 198
45 94 207
45 94 210
45 96 166
45 96 188
45 140 188
45 140 207
46 105 158
46 105 183
46 123 147
46 123 179
46 129 183
46 129 216
46 133 147
46 133 158
46 144 179
46 144 216
47 77 169
47 77 182
47 93 182
47 93 202
47 103 169
47 103 206
47 126 177
47 126 202
47 137 177
47 137 206
48 89 157
48 89 186
48 99 186
48 99 192
48 120 171
48 120 192
48 121 157
48 121 184
48 142 171
48 142 184
49 76 172
49 76 184
49 85 172
49 85 192
49 108 184
49 108 212
49 112 192
49 112 213
49 143 212
49 143 213
50 93 146
50 93 155
50 115 155
50 115 187
50 125 146
50 125 163
50 136 187
50 136 195
50 137 163
50 137 195
51 75 168
51 75 190
51 102 168
51 102 200
51 107 190
51 107 208
51 122 208
51 122 209
51 141 200
51 141 209
52 83 145
52 83 161
52 87 161
52 87 201
52 106 181
52 106 201
52 109 145
52 109 156
52 130 156
52 130 181
53 74 194
53 74 200
53 91 188
53 91 194
53 104 200
53 104 210
53 132 188
53 132 208
53 138 208
53 138 210
54 87 151
54 87 185
54 105 185
54 105 191
54 117 150
54 117 151
54 130 159
54 130 191
54 144 150
54 144 159
55 76 154
55 76 172
55 81 172
55 81 207
55 98 154
55 98 166
55 100 187
55 100 207
55 136 166
55 136 187
56 113 146
56 113 174
56 123 174
56 123 213
56 125 146
56 125 176
56 129 176
56 129 205
56 143 205
56 143 213
57 104 167
57 104 200
57 111 167
57 111 190
57 124 159
57 124 178
57 133 178
57 133 200
57 144 159
57 144 190
58 84 185
58 84 196
58 87 185
58 87 198
58 109 188
58 109 196
58 119 165
58 119 198
58 132 165
58 132 188
59 73 176
59 73 206
59 101 176
59 101 184
59 103 206
59 103 213
59 134 211
59 134 213
59 142 184
59 142 211
60 81 152
60 81 162
60 93 162
60 93 202
60 99 152
60 99 186
60 116 197
60 116 202
60 136 186
60 136 197
61 75 160
61 75 190
61 82 160
61 82 178
61 86 190
61 86 215
61 106 178
61 106 201
61 128 201
61 128 215
62 109 145
62 109 164
62 119 175
62 119 209
62 131 145
62 131 175
62 139 164
62 139 203
62 141 203
62 141 209
63 88 183
63 88 212
63 96 153
63 96 166
63 105 172
63 105 183
63 117 166
63 117 212
63 127 153
63 127 172
64 94 199
64 94 210
64 114 179
64 114 204
64 115 194
64 115 199
64 123 179
64 123 194
64 125 204
64 125 210
65 81 162
65 81 172
65 91 162
65 91 194
65 105 172
65 105 191
65 123 194
65 123 213
65 134 191
65 134 213
66 101 150
66 101 176
66 117 150
66 117 166
66 125 176
66 125 210
66 136 166
66 136 197
66 138 197
66 138 210
67 92 170
67 92 206
67 95 170
67 95 182
67 110 211
67 110 214
67 131 206
67 131 214
67 139 182
67 139 211
68 90 149
68 90 180
68 99 149
68 99 160
68 116 189
68 116 215
68 121 180
68 121 215
68 135 160
68 135 189
69 108 175
69 108 184
69 121 184
69 121 215
69 128 195
69 128 215
69 131 175
69 131 206
69 137 195
69 137 206
70 82 155
70 82 160
70 93 155
70 93 182
70 99 160
70 99 192
70 112 192
70 112 203
70 139 182
70 139 203
71 97 156
71 97 158
71 109 156
71 109 188
71 133 158
71 133 200
71 140 188
71 140 193
71 141 193
71 141 200
72 78 173
72 78 198
72 87 198
72 87 201
72 107 173
72 107 190
72 118 201
72 118 216
72 144 190
72 144 216