1 25 68
1 25 74
1 30 61
1 30 89
1 36 56
1 36 75
1 40 52
1 40 93
1 41 49
1 41 80
1 49 74
1 52 75
1 56 89
1 61 80
1 68 93
2 26 55
2 26 74
2 30 58
2 30 88
2 37 52
2 37 95
2 42 60
2 42 83
2 48 50
2 48 91
2 50 74
2 52 83
2 55 95
2 58 91
2 60 88
3 27 70
3 27 77
3 28 62
3 28 90
3 35 55
3 35 73
3 39 54
3 39 91
3 42 51
3 42 79
3 51 77
3 54 73
3 55 90
3 62 79
3 70 91
4 25 58
4 25 76
4 26 51
4 26 75
4 33 61
4 33 87
4 38 64
4 38 90
4 39 53
4 39 83
4 51 87
4 53 76
4 58 90
4 61 83
4 64 75
5 28 57
5 28 87
5 29 56
5 29 77
5 38 54
5 38 96
5 41 59
5 41 84
5 47 53
5 47 93
5 53 77
5 54 84
5 56 96
5 57 93
5 59 87
6 27 57
6 27 78
6 29 49
6 29 73
6 34 62
6 34 88
6 37 63
6 37 89
6 40 50
6 40 84
6 49 88
6 50 78
6 57 89
6 62 84
6 63 73
7 26 62
7 26 93
7 27 72
7 27 83
7 32 67
7 32 73
7 41 58
7 41 94
7 45 56
7 45 82
7 56 83
7 58 73
7 62 82
7 67 93
7 72 94
8 25 71
8 25 84
8 29 61
8 29 91
8 31 69
8 31 75
8 42 57
8 42 92
8 43 55
8 43 81
8 55 84
8 57 75
8 61 81
8 69 91
8 71 92
9 29 52
9 29 79
9 30 64
9 30 84
9 32 70
9 32 76
9 33 72
9 33 74
9 35 57
9 35 82
9 52 76
9 57 74
9 64 82
9 70 84
9 72 79
10 26 54
10 26 80
10 28 63
10 28 83
10 31 68
10 31 78
10 34 71
10 34 77
10 36 58
10 36 81
10 54 78
10 58 77
10 63 81
10 68 83
10 71 80
11 29 68
11 29 90
11 36 67
11 36 84
11 39 57
11 39 95
11 45 60
11 45 80
11 48 51
11 48 94
11 51 84
11 57 80
11 60 90
11 67 95
11 68 94
12 26 70
12 26 89
12 35 69
12 35 83
12 40 58
12 40 96
12 43 59
12 43 79
12 47 49
12 47 92
12 49 83
12 58 79
12 59 89
12 69 96
12 70 92
13 25 54
13 25 82
13 28 50
13 28 75
13 32 61
13 32 85
13 37 66
13 37 77
13 44 72
13 44 88
13 50 85
13 54 88
13 61 77
13 66 82
13 72 75
14 27 52
14 27 81
14 30 53
14 30 73
14 31 62
14 31 86
14 38 65
14 38 74
14 46 71
14 46 87
14 52 87
14 53 86
14 62 74
14 65 81
14 71 73
15 30 51
15 30 78
15 34 52
15 34 85
15 39 59
15 39 74
15 44 63
15 44 96
15 47 66
15 47 90
15 51 96
15 52 90
15 59 85
15 63 74
15 66 78
16 28 49
16 28 76
16 33 54
16 33 86
16 40 60
16 40 77
16 46 64
16 46 95
16 48 65
16 48 89
16 49 95
16 54 89
16 60 86
16 64 77
16 65 76
17 38 49
17 38 85
17 40 55
17 40 87
17 42 67
17 42 89
17 44 53
17 44 94
17 45 66
17 45 91
17 49 91
17 53 89
17 55 94
17 66 87
17 67 85
18 37 51
18 37 86
18 39 56
18 39 88
18 41 69
18 41 90
18 43 65
18 43 93
18 46 50
18 46 92
18 50 90
18 51 93
18 56 92
18 65 88
18 69 86
19 31 66
19 31 79
19 35 71
19 35 93
19 41 70
19 41 95
19 44 60
19 44 81
19 48 56
19 48 85
19 56 79
19 60 93
19 66 95
19 70 81
19 71 85
20 25 63
20 25 79
20 34 65
20 34 75
20 35 61
20 35 94
20 45 70
20 45 86
20 46 67
20 46 78
20 61 78
20 63 86
20 65 94
20 67 79
20 70 75
21 32 65
21 32 80
21 36 72
21 36 91
21 42 68
21 42 96
21 46 59
21 46 82
21 47 55
21 47 86
21 55 80
21 59 91
21 65 96
21 68 82
21 72 86
22 27 64
22 27 80
22 33 66
22 33 73
22 36 62
22 36 92
22 43 68
22 43 85
22 44 69
22 44 76
22 62 76
22 64 85
22 66 92
22 68 73
22 69 80
23 32 63
23 32 92
23 34 53
23 34 82
23 38 60
23 38 78
23 43 72
23 43 95
23 48 69
23 48 87
23 53 95
23 60 92
23 63 87
23 69 82
23 72 78
24 31 64
24 31 94
24 33 50
24 33 81
24 37 59
24 37 76
24 45 71
24 45 96
24 47 67
24 47 88
24 50 96
24 59 94
24 64 88
24 67 81
24 71 76
25 54 84
25 58 79
25 63 74
25 68 82
25 71 76
26 51 93
26 54 89
26 55 80
26 62 74
26 70 75
27 52 83
27 57 80
27 64 77
27 70 81
27 72 78
28 49 83
28 50 90
28 57 75
28 62 76
28 63 87
29 49 91
29 52 90
29 56 79
29 61 77
29 68 73
30 51 84
30 53 89
30 58 73
30 61 78
30 64 88
31 62 79
31 64 75
31 66 78
31 68 94
31 69 86
32 61 80
32 63 73
32 65 76
32 67 85
32 70 92
33 50 74
33 54 73
33 61 81
33 66 87
33 72 86
34 52 75
34 53 77
34 62 82
34 65 88
34 71 85
35 55 94
35 57 93
35 61 83
35 69 82
35 71 73
36 56 92
36 58 91
36 62 84
36 67 81
36 72 75
37 51 77
37 52 76
37 59 89
37 63 86
37 66 95
38 49 74
38 54 78
38 60 90
38 64 85
38 65 96
39 53 95
39 54 88
39 56 83
39 57 74
39 59 91
40 50 96
40 52 87
40 55 84
40 58 77
40 60 93
41 49 95
41 58 90
41 59 94
41 69 80
41 70 84
42 51 96
42 57 89
42 60 92
42 67 79
42 68 83
43 55 95
43 59 85
43 65 81
43 68 93
43 72 79
44 53 76
44 60 88
44 63 81
44 69 96
44 72 94
45 56 96
45 60 86
45 66 82
45 70 91
45 71 80
46 50 78
46 59 87
46 64 82
46 67 95
46 71 92
47 49 88
47 53 86
47 55 90
47 66 92
47 67 93
48 50 85
48 51 87
48 56 89
48 65 94
48 69 91