1 2 32
1 2 36
1 3 16
1 3 20
1 8 24
1 8 45
1 10 34
1 10 68
1 16 57
1 18 20
1 18 26
1 24 57
1 26 68
1 32 45
1 34 36
2 4 15
2 4 19
2 7 28
2 7 49
2 9 30
2 9 56
2 15 69
2 17 19
2 17 22
2 22 56
2 28 69
2 30 32
2 36 49
3 4 31
3 4 35
3 6 33
3 6 44
3 12 23
3 12 77
3 14 16
3 14 25
3 20 61
3 23 61
3 25 44
3 31 77
3 33 35
4 5 29
4 5 40
4 11 27
4 11 81
4 13 15
4 13 21
4 19 73
4 21 40
4 27 73
4 29 31
4 35 81
5 6 48
5 6 52
5 7 12
5 7 18
5 12 53
5 14 50
5 14 72
5 18 20
5 20 42
5 29 48
5 40 53
5 42 72
5 50 52
6 8 11
6 8 17
6 11 65
6 13 46
6 13 60
6 17 19
6 19 38
6 33 52
6 38 60
6 44 65
6 46 48
7 8 47
7 8 51
7 10 12
7 10 41
7 16 39
7 16 85
7 18 63
7 28 41
7 39 63
7 47 85
7 49 51
8 9 11
8 9 37
8 15 43
8 15 89
8 17 75
8 24 37
8 43 75
8 45 47
8 51 89
9 10 80
9 10 84
9 11 14
9 14 16
9 16 67
9 18 76
9 18 82
9 30 80
9 37 56
9 67 76
9 82 84
10 12 13
10 13 15
10 15 55
10 17 64
10 17 78
10 34 84
10 41 68
10 55 64
10 78 80
11 12 79
11 12 83
11 14 59
11 20 54
11 20 93
11 27 65
11 54 59
11 79 93
11 81 83
12 13 71
12 19 66
12 19 97
12 23 53
12 66 71
12 77 79
12 83 97
13 14 88
13 14 92
13 20 74
13 20 90
13 21 60
13 46 88
13 71 74
13 90 92
14 19 62
14 19 86
14 25 72
14 50 92
14 59 62
14 86 88
15 16 87
15 16 91
15 18 58
15 18 95
15 43 69
15 55 58
15 87 95
15 89 91
16 17 70
16 17 99
16 39 57
16 67 70
16 85 87
16 91 99
17 18 96
17 18 100
17 22 64
17 70 75
17 78 96
17 99 100
18 26 76
18 58 63
18 82 100
18 95 96
19 20 94
19 20 98
19 38 62
19 66 73
19 86 94
19 97 98
20 42 74
20 54 61
20 90 98
20 93 94
21 22 60
21 22 64
21 23 28
21 23 34
21 28 41
21 30 62
21 30 80
21 34 36
21 36 54
21 40 41
21 54 80
21 62 64
22 24 27
22 24 33
22 27 65
22 29 48
22 29 58
22 33 35
22 35 39
22 39 48
22 56 65
22 58 60
23 24 59
23 24 63
23 26 28
23 26 53
23 32 38
23 32 85
23 34 51
23 38 51
23 59 85
23 61 63
24 25 27
24 25 37
24 31 55
24 31 93
24 33 83
24 55 83
24 57 59
24 63 93
25 26 72
25 26 76
25 27 30
25 30 32
25 32 66
25 34 74
25 34 84
25 37 44
25 66 84
25 74 76
26 28 29
26 29 31
26 31 43
26 33 52
26 33 70
26 43 52
26 53 68
26 70 72
27 28 71
27 28 75
27 30 47
27 36 42
27 36 89
27 42 47
27 71 89
27 73 75
28 29 79
28 35 67
28 35 97
28 67 79
28 69 71
28 75 97
29 30 88
29 30 96
29 36 82
29 36 94
29 58 88
29 79 82
29 94 96
30 35 50
30 35 87
30 47 50
30 62 96
30 87 88
31 32 86
31 32 95
31 34 46
31 34 91
31 43 46
31 55 77
31 86 91
31 93 95
32 33 78
32 33 98
32 38 45
32 66 78
32 85 86
32 95 98
33 34 92
33 34 100
33 70 92
33 78 83
33 98 100
34 46 51
34 74 100
34 91 92
35 36 90
35 36 99
35 39 50
35 67 81
35 87 90
35 97 99
36 42 49
36 54 82
36 89 90
36 94 99
37 38 56
37 38 62
37 39 44
37 39 50
37 46 64
37 46 88
37 50 52
37 52 58
37 58 88
37 62 64
38 40 43
38 40 49
38 43 69
38 45 54
38 49 51
38 54 56
38 60 69
39 40 55
39 40 61
39 42 44
39 42 57
39 48 77
39 55 77
39 61 63
40 41 43
40 47 59
40 47 95
40 49 91
40 53 55
40 59 91
40 61 95
41 42 68
41 42 74
41 43 46
41 46 48
41 48 70
41 50 76
41 50 92
41 70 92
41 74 76
42 44 45
42 45 47
42 49 66
42 57 72
42 66 68
43 44 67
43 44 73
43 52 81
43 67 81
43 73 75
44 45 87
44 51 71
44 51 99
44 65 67
44 71 87
44 73 99
45 46 80
45 46 94
45 52 90
45 52 96
45 54 80
45 87 90
45 94 96
46 51 79
46 64 94
46 79 80
47 48 78
47 48 93
47 50 83
47 59 85
47 78 83
47 93 95
48 49 86
48 49 100
48 70 86
48 77 78
48 93 100
49 50 84
49 50 98
49 66 84
49 86 91
49 98 100
50 76 98
50 83 84
51 52 82
51 52 97
51 71 89
51 79 82
51 97 99
52 58 90
52 81 82
52 96 97
53 54 68
53 54 82
53 55 58
53 58 60
53 60 78
53 62 84
53 62 96
53 78 96
53 82 84
54 56 57
54 57 59
54 61 67
54 67 68
55 56 66
55 56 81
55 64 73
55 66 73
55 81 83
56 57 86
56 63 79
56 63 98
56 65 66
56 79 86
56 81 98
57 58 72
57 58 90
57 64 92
57 64 94
57 86 94
57 90 92
58 63 71
58 71 72
59 60 70
59 60 89
59 62 75
59 70 75
59 89 91
60 61 87
60 61 100
60 69 70
60 78 87
60 89 100
61 62 76
61 62 99
61 67 76
61 87 95
61 99 100
62 75 76
62 84 99
63 64 74
63 64 97
63 71 74
63 79 93
63 97 98
64 73 74
64 92 97
65 66 78
65 67 70
65 70 72
65 72 82
65 74 80
65 74 100
65 78 80
65 82 100
66 68 69
66 69 71
67 68 77
67 77 79
68 69 90
68 75 83
68 75 94
68 77 94
68 83 90
69 70 86
69 76 88
69 76 98
69 86 88
69 90 98
71 72 85
71 85 87
72 73 91
72 73 96
72 82 91
72 85 96
73 74 95
73 91 99
73 95 96
74 80 95
75 76 93
75 83 97
75 93 94
76 88 93
77 78 87
77 84 88
77 84 99
77 87 88
77 94 99
79 80 85
79 85 86
80 81 92
80 81 95
80 85 92
81 82 91
81 91 92
81 95 98
83 84 89
83 89 90
84 88 89
85 92 97
85 96 97
88 89 93
89 93 100