1 27 102
1 27 130
1 30 105
1 30 127
1 32 107
1 32 132
1 77 102
1 77 127
1 80 107
1 80 130
1 82 105
1 82 132
2 28 101
2 28 134
2 33 118
2 33 126
2 41 113
2 41 131
2 78 101
2 78 131
2 83 113
2 83 126
2 91 118
2 91 134
3 26 104
3 26 128
3 38 108
3 38 136
3 43 120
3 43 129
3 76 108
3 76 129
3 81 104
3 81 136
3 84 120
3 84 128
4 26 108
4 26 133
4 31 103
4 31 141
4 34 116
4 34 128
4 76 103
4 76 128
4 88 108
4 88 141
4 93 116
4 93 133
5 29 110
5 29 126
5 33 101
5 33 135
5 45 114
5 45 139
5 78 114
5 78 126
5 79 101
5 79 139
5 86 110
5 86 135
6 30 107
6 30 137
6 46 124
6 46 127
6 50 121
6 50 144
6 80 121
6 80 127
6 87 107
6 87 144
6 97 124
6 97 137
7 28 109
7 28 126
7 29 101
7 29 143
7 36 106
7 36 138
7 79 106
7 79 126
7 83 101
7 83 138
7 95 109
7 95 143
8 26 103
8 26 129
8 35 111
8 35 133
8 39 104
8 39 145
8 76 104
8 76 133
8 85 111
8 85 129
8 89 103
8 89 145
9 32 115
9 32 127
9 46 107
9 46 148
9 49 117
9 49 140
9 77 107
9 77 140
9 87 117
9 87 127
9 94 115
9 94 148
10 30 121
10 30 130
10 37 105
10 37 147
10 47 125
10 47 137
10 80 105
10 80 137
10 96 125
10 96 130
10 100 121
10 100 147
11 34 108
11 34 149
11 38 123
11 38 128
11 40 119
11 40 142
11 84 108
11 84 142
11 88 119
11 88 128
11 90 123
11 90 149
12 33 114
12 33 131
12 44 118
12 44 146
12 48 112
12 48 135
12 78 118
12 78 135
12 92 114
12 92 146
12 99 112
12 99 131
13 32 102
13 32 140
13 40 123
13 40 132
13 42 115
13 42 142
13 77 115
13 77 132
13 90 102
13 90 142
13 98 123
13 98 140
14 27 105
14 27 146
14 37 122
14 37 130
14 44 112
14 44 150
14 82 112
14 82 130
14 96 105
14 96 150
14 99 122
14 99 146
15 28 113
15 28 138
15 42 109
15 42 140
15 49 115
15 49 134
15 83 109
15 83 134
15 94 113
15 94 140
15 98 115
15 98 138
16 37 125
16 37 150
16 39 122
16 39 129
16 43 104
16 43 147
16 81 125
16 81 129
16 85 104
16 85 150
16 96 122
16 96 147
17 36 109
17 36 136
17 38 120
17 38 142
17 42 123
17 42 138
17 84 123
17 84 136
17 95 120
17 95 138
17 98 109
17 98 142
18 27 112
18 27 132
18 40 102
18 40 149
18 48 119
18 48 146
18 82 102
18 82 146
18 90 119
18 90 132
18 92 112
18 92 149
19 39 111
19 39 150
19 41 118
19 41 145
19 44 122
19 44 131
19 85 122
19 85 145
19 91 111
19 91 131
19 99 118
19 99 150
20 31 124
20 31 133
20 35 103
20 35 148
20 46 117
20 46 144
20 87 124
20 87 148
20 89 117
20 89 133
20 93 103
20 93 144
21 29 106
21 29 139
21 47 121
21 47 143
21 50 110
21 50 137
21 79 110
21 79 143
21 97 121
21 97 139
21 100 106
21 100 137
22 34 119
22 34 141
22 45 116
22 45 135
22 48 114
22 48 149
22 86 114
22 86 141
22 88 116
22 88 149
22 92 119
22 92 135
23 35 117
23 35 145
23 41 111
23 41 134
23 49 113
23 49 148
23 89 111
23 89 148
23 91 113
23 91 145
23 94 117
23 94 134
24 36 120
24 36 143
24 43 125
24 43 136
24 47 106
24 47 147
24 81 120
24 81 147
24 95 106
24 95 136
24 100 125
24 100 143
25 31 116
25 31 144
25 45 110
25 45 141
25 50 124
25 50 139
25 86 116
25 86 139
25 93 124
25 93 141
25 97 110
25 97 144
26 53 108
26 53 129
26 54 103
26 54 128
26 58 104
26 58 133
27 51 105
27 51 132
27 64 112
27 64 130
27 68 102
27 68 146
28 52 113
28 52 126
28 57 101
28 57 138
28 65 109
28 65 134
29 55 101
29 55 139
29 57 106
29 57 126
29 71 110
29 71 143
30 51 107
30 51 130
30 56 121
30 56 127
30 60 105
30 60 137
31 54 116
31 54 133
31 70 103
31 70 144
31 75 124
31 75 141
32 51 102
32 51 127
32 59 107
32 59 140
32 63 115
32 63 132
33 52 101
33 52 131
33 55 114
33 55 126
33 62 118
33 62 135
34 54 108
34 54 141
34 61 119
34 61 128
34 72 116
34 72 149
35 58 103
35 58 145
35 70 117
35 70 133
35 73 111
35 73 148
36 57 109
36 57 143
36 67 120
36 67 138
36 74 106
36 74 136
37 60 125
37 60 130
37 64 105
37 64 150
37 66 122
37 66 147
38 53 120
38 53 128
38 61 108
38 61 142
38 67 123
38 67 136
39 58 111
39 58 129
39 66 104
39 66 150
39 69 122
39 69 145
40 61 123
40 61 149
40 63 102
40 63 142
40 68 119
40 68 132
41 52 118
41 52 134
41 69 111
41 69 131
41 73 113
41 73 145
42 63 123
42 63 140
42 65 115
42 65 138
42 67 109
42 67 142
43 53 104
43 53 136
43 66 125
43 66 129
43 74 120
43 74 147
44 62 112
44 62 131
44 64 122
44 64 146
44 69 118
44 69 150
45 55 110
45 55 135
45 72 114
45 72 141
45 75 116
45 75 139
46 56 107
46 56 144
46 59 117
46 59 127
46 70 124
46 70 148
47 60 121
47 60 147
47 71 106
47 71 137
47 74 125
47 74 143
48 62 114
48 62 146
48 68 112
48 68 149
48 72 119
48 72 135
49 59 115
49 59 148
49 65 113
49 65 140
49 73 117
49 73 134
50 56 124
50 56 137
50 71 121
50 71 139
50 75 110
50 75 144
51 77 107
51 77 132
51 80 105
51 80 127
51 82 102
51 82 130
52 78 118
52 78 126
52 83 101
52 83 134
52 91 113
52 91 131
53 76 104
53 76 128
53 81 120
53 81 129
53 84 108
53 84 136
54 76 108
54 76 133
54 88 116
54 88 128
54 93 103
54 93 141
55 78 101
55 78 135
55 79 110
55 79 126
55 86 114
55 86 139
56 80 107
56 80 137
56 87 124
56 87 127
56 97 121
56 97 144
57 79 101
57 79 143
57 83 109
57 83 126
57 95 106
57 95 138
58 76 103
58 76 129
58 85 104
58 85 145
58 89 111
58 89 133
59 77 115
59 77 127
59 87 107
59 87 148
59 94 117
59 94 140
60 80 121
60 80 130
60 96 105
60 96 147
60 100 125
60 100 137
61 84 123
61 84 128
61 88 108
61 88 149
61 90 119
61 90 142
62 78 114
62 78 131
62 92 112
62 92 135
62 99 118
62 99 146
63 77 102
63 77 140
63 90 123
63 90 132
63 98 115
63 98 142
64 82 105
64 82 146
64 96 122
64 96 130
64 99 112
64 99 150
65 83 113
65 83 138
65 94 115
65 94 134
65 98 109
65 98 140
66 81 104
66 81 147
66 85 122
66 85 129
66 96 125
66 96 150
67 84 120
67 84 142
67 95 109
67 95 136
67 98 123
67 98 138
68 82 112
68 82 132
68 90 102
68 90 149
68 92 119
68 92 146
69 85 111
69 85 150
69 91 118
69 91 145
69 99 122
69 99 131
70 87 117
70 87 144
70 89 103
70 89 148
70 93 124
70 93 133
71 79 106
71 79 139
71 97 110
71 97 137
71 100 121
71 100 143
72 86 116
72 86 135
72 88 119
72 88 141
72 92 114
72 92 149
73 89 117
73 89 145
73 91 111
73 91 134
73 94 113
73 94 148
74 81 125
74 81 136
74 95 120
74 95 143
74 100 106
74 100 147
75 86 110
75 86 141
75 93 116
75 93 144
75 97 124
75 97 139