(1,8)(2,31)(3,22)(4,34)(5,14)(6,23)(7,11)(9,17)(10,30)(12,15)(13,28)(16,38)(18,41)(19,32)(20,33)(21,39)(24,29)(25,42)(26,27)(35,37)(36,40)
(1,33)(2,20)(3,40)(4,36)(5,32)(6,12)(7,15)(8,31)(9,42)(10,19)(11,23)(13,24)(14,30)(16,29)(17,41)(18,25)(21,37)(22,34)(26,35)(27,39)(28,38)
(1,28)(2,22)(3,23)(4,39)(5,38)(6,31)(7,13)(8,11)(9,10)(12,21)(14,19)(15,34)(16,32)(17,20)(18,37)(24,27)(25,26)(29,42)(30,33)(35,40)(36,41)
(1,5)(2,15)(3,8)(4,24)(6,11)(7,27)(9,14)(10,29)(12,18)(13,34)(16,38)(17,22)(19,33)(20,36)(21,31)(23,35)(25,40)(26,37)(28,30)(32,42)(39,41)
(1,37)(2,41)(3,40)(4,26)(5,24)(6,42)(7,39)(8,38)(9,12)(10,14)(11,34)(13,32)(15,27)(16,25)(17,20)(18,29)(19,30)(21,33)(22,23)(28,31)(35,36)
(1,16)(2,13)(3,6)(4,7)(5,30)(8,35)(9,33)(10,32)(11,21)(12,26)(14,29)(15,17)(18,31)(19,28)(20,39)(22,36)(23,25)(24,41)(27,34)(37,40)(38,42)
(1,42)(2,27)(3,21)(4,34)(5,19)(6,35)(7,41)(8,25)(9,28)(10,38)(11,18)(12,40)(13,17)(14,32)(15,36)(16,30)(20,24)(22,39)(23,37)(26,31)(29,33)
(1,42)(2,41)(3,40)(4,34)(5,32)(6,37)(7,27)(8,25)(9,33)(10,30)(11,26)(12,21)(13,24)(14,19)(15,39)(16,38)(17,20)(18,31)(22,36)(23,35)(28,29)
(1,39)(2,28)(3,13)(4,22)(5,32)(6,21)(7,9)(8,25)(10,23)(11,19)(12,37)(14,26)(15,42)(16,17)(18,31)(20,38)(24,40)(27,33)(29,41)(30,35)(34,36)
(1,6)(2,3)(4,13)(5,11)(7,16)(8,15)(9,19)(10,21)(12,30)(14,33)(17,20)(18,28)(22,36)(23,35)(24,34)(25,39)(26,32)(27,38)(29,31)(37,42)(40,41)
(1,15)(2,6)(3,11)(4,33)(5,8)(7,36)(9,34)(10,30)(12,29)(13,19)(14,24)(16,20)(17,38)(18,31)(21,28)(22,27)(23,35)(25,32)(26,40)(37,41)(39,42)
(1,36)(2,29)(3,35)(4,15)(5,18)(6,16)(7,33)(8,25)(9,27)(10,24)(11,26)(12,20)(13,30)(14,19)(17,21)(22,42)(23,40)(28,41)(31,32)(34,39)(37,38)
(1,35)(2,36)(3,29)(4,18)(5,16)(6,15)(7,27)(8,30)(9,26)(10,25)(11,33)(12,21)(13,24)(14,17)(19,20)(22,41)(23,42)(28,40)(31,34)(32,38)(37,39)
(1,12)(2,24)(3,40)(4,29)(5,20)(6,37)(7,14)(8,23)(9,33)(10,15)(11,38)(13,41)(16,26)(17,32)(18,36)(19,27)(21,42)(22,31)(25,35)(28,34)(30,39)
(1,42)(2,41)(3,34)(4,40)(5,27)(6,30)(7,32)(8,21)(9,38)(10,37)(11,17)(12,25)(13,31)(14,19)(15,35)(16,33)(18,24)(20,26)(22,28)(23,39)(29,36)
(1,3)(2,5)(4,9)(6,8)(7,17)(10,18)(11,15)(12,21)(13,14)(16,22)(19,24)(20,27)(23,35)(25,37)(26,39)(28,29)(30,31)(32,41)(33,34)(36,38)(40,42)
(1,2)(3,4)(5,10)(6,7)(8,20)(9,18)(11,12)(13,16)(14,19)(15,23)(17,25)(21,26)(22,36)(24,38)(27,37)(28,29)(30,32)(31,33)(34,40)(35,39)(41,42)
(1,10)(2,4)(3,18)(5,9)(6,25)(7,20)(8,37)(11,26)(12,23)(13,36)(14,38)(15,39)(16,19)(17,27)(21,35)(22,24)(28,29)(30,42)(31,40)(32,33)(34,41)
(1,9)(2,18)(3,5)(4,10)(6,27)(7,37)(8,17)(11,35)(12,39)(13,24)(14,22)(15,21)(16,38)(19,36)(20,25)(23,26)(28,29)(30,34)(31,41)(32,40)(33,42)
(1,42)(2,32)(3,40)(4,25)(5,41)(6,33)(7,19)(8,34)(9,37)(10,39)(11,31)(12,21)(13,20)(14,27)(15,30)(16,36)(17,24)(18,26)(22,38)(23,28)(29,35)
(1,42)(2,19)(3,25)(4,21)(5,32)(6,36)(7,27)(8,40)(9,39)(10,28)(11,20)(12,34)(13,18)(14,41)(15,33)(16,35)(17,26)(22,37)(23,38)(24,31)(29,30)
(1,7)(2,23)(3,31)(4,12)(5,32)(6,22)(8,13)(9,33)(10,20)(11,28)(14,16)(15,39)(17,30)(18,40)(19,38)(21,34)(24,25)(26,29)(27,42)(35,41)(36,37)
(1,22)(2,39)(3,9)(4,28)(5,17)(6,37)(7,23)(8,14)(10,13)(11,26)(12,31)(15,41)(16,38)(18,21)(19,25)(20,32)(24,30)(27,35)(29,34)(33,40)(36,42)
(1,30)(2,41)(3,17)(4,34)(5,35)(6,14)(7,31)(8,16)(9,21)(10,42)(11,26)(12,33)(13,22)(15,29)(18,27)(19,37)(20,40)(23,32)(24,36)(25,38)(28,39)
(1,23)(2,10)(3,38)(4,20)(5,28)(6,37)(7,12)(8,22)(9,11)(13,24)(14,31)(15,39)(16,40)(17,34)(18,19)(21,27)(25,36)(26,33)(29,32)(30,41)(35,42)
(1,38)(2,11)(3,28)(4,34)(5,23)(6,19)(7,27)(8,10)(9,22)(12,24)(13,21)(14,37)(15,20)(16,42)(17,39)(18,31)(25,30)(26,41)(29,40)(32,35)(33,36)
(1,14)(2,41)(3,26)(4,17)(5,29)(6,37)(7,22)(8,12)(9,16)(10,30)(11,40)(13,39)(15,24)(18,35)(19,42)(20,34)(21,25)(23,31)(27,36)(28,32)(33,38)
(1,4)(2,7)(3,16)(5,26)(6,13)(8,25)(9,29)(10,12)(11,32)(14,18)(15,39)(17,35)(19,31)(20,23)(21,30)(22,36)(24,37)(27,41)(28,33)(34,42)(38,40)
(1,29)(2,35)(3,36)(4,16)(5,15)(6,18)(7,26)(8,24)(9,33)(10,30)(11,27)(12,14)(13,25)(17,20)(19,21)(22,40)(23,41)(28,42)(31,37)(32,39)(34,38)
(1,42)(2,25)(3,32)(4,19)(5,40)(6,39)(7,21)(8,41)(9,33)(10,36)(11,26)(12,27)(14,34)(15,37)(16,28)(17,31)(18,20)(22,30)(23,35)(29,38)
(1,20)(2,12)(3,40)(4,23)(5,33)(6,24)(7,10)(8,36)(9,32)(11,29)(13,37)(14,19)(16,38)(17,42)(18,31)(21,41)(22,25)(26,28)(27,30)(34,35)
(1,42)(2,34)(3,27)(4,41)(5,21)(6,38)(7,40)(8,19)(9,35)(10,30)(12,32)(13,24)(14,25)(15,28)(16,37)(17,18)(20,31)(22,36)(23,33)(29,39)
(1,19)(3,20)(4,11)(5,36)(6,10)(7,28)(8,25)(9,33)(12,21)(13,23)(14,42)(15,18)(16,38)(17,40)(22,32)(24,35)(26,34)(27,29)(30,37)(31,39)
(1,18)(2,9)(3,10)(4,5)(6,37)(7,27)(8,25)(11,39)(12,35)(13,38)(14,36)(15,26)(16,24)(17,20)(19,22)(21,23)(30,40)(31,42)(32,34)(33,41)
(1,31)(2,30)(3,33)(4,34)(5,32)(7,8)(9,40)(10,41)(11,16)(12,22)(13,15)(14,23)(17,20)(18,42)(19,35)(21,36)(24,39)(25,27)(26,38)(28,29)
(1,42)(2,40)(3,41)(4,32)(5,34)(6,37)(7,25)(8,27)(9,30)(10,33)(11,24)(12,19)(13,26)(14,21)(15,38)(16,39)(18,31)(22,35)(23,36)(28,29)
(1,41)(2,42)(3,40)(4,34)(5,37)(6,32)(7,30)(8,26)(9,24)(10,27)(11,25)(12,17)(13,33)(15,39)(16,31)(18,38)(20,21)(22,29)(23,35)(28,36)
(1,42)(2,21)(3,19)(4,27)(5,25)(6,28)(7,34)(8,32)(9,36)(10,35)(11,13)(12,41)(14,40)(15,39)(16,38)(17,20)(22,33)(23,30)(24,26)(29,37)
(1,13)(2,16)(3,7)(4,6)(5,32)(8,39)(9,31)(10,30)(11,26)(12,21)(14,28)(15,25)(17,23)(18,33)(19,29)(20,35)(24,42)(27,40)(34,37)(38,41)
(1,21)(2,17)(4,35)(5,13)(6,9)(7,27)(8,28)(10,30)(11,22)(12,42)(14,19)(15,39)(16,18)(20,41)(23,34)(24,32)(25,29)(26,36)(31,38)(33,37)
(1,26)(2,41)(3,37)(4,14)(5,39)(6,40)(7,29)(8,25)(10,17)(11,42)(12,16)(13,24)(15,32)(18,22)(19,34)(20,30)(21,38)(23,35)(27,28)(31,36)
(1,11)(2,8)(3,15)(4,34)(5,6)(7,38)(9,33)(10,31)(12,28)(13,24)(14,19)(16,27)(17,36)(18,30)(20,22)(21,29)(25,41)(26,42)(32,37)(39,40)
(1,40)(2,41)(3,42)(4,37)(5,32)(6,34)(7,24)(8,33)(9,25)(10,26)(11,30)(13,27)(14,20)(15,31)(16,38)(17,19)(18,39)(22,36)(23,29)(28,35)
(1,17)(2,41)(3,14)(4,30)(5,22)(6,26)(7,35)(8,9)(10,34)(11,37)(12,21)(13,29)(15,39)(18,31)(19,40)(20,42)(23,27)(24,28)(25,33)(32,36)
(1,27)(2,38)(3,24)(4,34)(6,37)(7,42)(8,18)(9,15)(10,11)(12,21)(13,40)(14,35)(16,41)(17,29)(19,23)(20,28)(22,36)(25,31)(26,30)(33,39)
(1,25)(2,26)(3,39)(5,32)(6,37)(7,18)(8,42)(9,13)(10,16)(11,41)(12,36)(14,19)(15,40)(17,28)(20,29)(21,22)(23,35)(24,33)(27,31)(30,38)
(2,14)(3,12)(4,8)(5,7)(6,29)(9,23)(10,22)(11,26)(13,24)(15,16)(17,20)(18,31)(19,41)(21,40)(25,34)(27,32)(28,37)(30,36)(33,35)(38,39)
(1,32)(2,33)(3,40)(4,31)(5,42)(6,20)(8,25)(9,41)(10,30)(11,36)(12,13)(14,39)(15,19)(16,23)(17,37)(18,34)(21,24)(22,26)(28,29)(35,38)
(1,24)(2,37)(3,40)(4,38)(5,12)(6,41)(7,27)(8,29)(9,20)(11,26)(13,42)(14,15)(16,34)(17,33)(18,23)(19,39)(21,32)(22,36)(25,28)(31,35)
(1,34)(2,41)(3,30)(4,42)(5,31)(6,17)(7,27)(9,33)(10,40)(11,14)(12,38)(13,35)(15,22)(16,21)(18,32)(19,26)(20,37)(23,24)(28,29)(36,39)
(2,5)(4,8)(6,9)(7,14)(10,15)(11,18)(13,17)(16,22)(19,27)(20,24)(23,29)(25,34)(26,31)(28,35)(30,39)(32,41)(33,37)(36,38)
(1,36)(2,15)(3,33)(4,29)(5,20)(7,35)(8,19)(9,40)(10,24)(12,18)(13,30)(14,25)(17,32)(21,31)(22,42)(23,27)(28,34)(39,41)
(1,10)(3,20)(5,23)(6,19)(7,18)(8,38)(9,12)(13,36)(14,37)(15,28)(16,25)(17,40)(21,33)(22,24)(27,31)(29,39)(30,42)(32,35)
(1,16)(2,26)(3,29)(5,35)(6,14)(8,30)(9,36)(10,25)(11,41)(12,13)(15,17)(19,37)(20,39)(21,24)(22,33)(23,32)(28,40)(38,42)
(1,22)(2,28)(3,23)(4,39)(5,31)(6,38)(7,9)(10,13)(12,17)(15,34)(16,37)(18,32)(20,21)(24,30)(27,33)(29,41)(35,40)(36,42)
(1,34)(2,27)(3,38)(4,42)(5,11)(6,24)(7,41)(9,28)(10,21)(12,30)(13,37)(14,31)(16,40)(17,23)(18,19)(20,35)(26,32)(29,33)
(1,39)(2,37)(3,26)(4,9)(5,25)(6,41)(7,22)(8,32)(11,40)(12,28)(13,14)(15,42)(16,17)(19,24)(20,38)(21,29)(27,36)(33,34)
(1,27)(2,35)(3,18)(4,21)(6,36)(7,42)(8,24)(10,17)(11,29)(12,34)(13,25)(14,38)(16,19)(20,30)(22,37)(23,41)(26,28)(31,40)
(1,28)(2,23)(3,22)(4,38)(5,39)(6,31)(7,11)(8,13)(12,19)(14,21)(15,32)(16,34)(18,37)(24,25)(26,27)(29,42)(35,41)(36,40)
(1,6)(4,11)(5,13)(7,15)(8,16)(9,21)(10,19)(12,33)(14,30)(18,28)(22,35)(23,36)(24,32)(25,38)(26,34)(27,39)(29,31)(37,42)
(2,14)(3,8)(4,12)(6,22)(9,15)(10,29)(11,17)(13,31)(16,23)(18,24)(19,41)(20,26)(21,34)(25,40)(28,30)(33,39)(35,38)(36,37)
(2,7)(3,12)(5,14)(6,23)(9,29)(10,16)(11,31)(13,20)(15,22)(17,24)(18,26)(19,32)(21,40)(27,41)(28,33)(30,38)(35,37)(36,39)
(1,21)(2,13)(4,28)(5,17)(7,19)(8,35)(10,39)(11,16)(12,42)(14,27)(15,30)(18,22)(20,32)(23,25)(24,41)(26,38)(29,34)(31,36)
(1,33)(2,31)(3,32)(4,30)(5,40)(6,7)(8,20)(9,42)(10,34)(11,23)(12,15)(14,36)(17,25)(18,41)(19,22)(21,39)(26,35)(27,37)
(1,30)(2,34)(3,31)(4,41)(5,33)(6,8)(7,17)(9,32)(10,42)(12,35)(13,22)(14,16)(18,40)(19,38)(20,27)(21,23)(24,36)(25,37)
(1,40)(2,32)(3,42)(4,33)(5,41)(6,25)(7,20)(8,37)(9,34)(10,31)(11,39)(13,19)(14,24)(15,26)(16,36)(17,27)(18,30)(22,38)
(1,41)(2,42)(3,34)(4,40)(5,30)(6,27)(7,37)(8,17)(9,31)(10,32)(11,21)(12,26)(13,38)(15,35)(16,24)(18,33)(20,25)(23,39)
(3,4)(5,7)(6,10)(8,12)(9,16)(11,20)(13,18)(15,23)(17,26)(21,25)(22,29)(24,31)(27,32)(28,36)(30,37)(33,38)(34,40)(35,39)
(1,38)(2,24)(3,37)(4,27)(5,10)(6,40)(7,34)(8,23)(11,12)(13,41)(14,28)(15,20)(16,42)(17,39)(19,29)(21,26)(25,35)(30,32)
(1,23)(2,22)(3,28)(4,31)(5,38)(6,39)(8,10)(9,11)(14,20)(15,37)(16,32)(17,19)(18,34)(25,30)(26,33)(29,40)(35,42)(36,41)
(1,9)(2,17)(4,22)(6,21)(7,39)(8,18)(10,14)(11,35)(12,37)(15,27)(16,28)(19,30)(20,41)(23,26)(25,31)(29,38)(33,42)(34,36)
(1,15)(2,29)(3,24)(4,36)(6,12)(7,33)(9,27)(10,35)(11,14)(13,40)(16,20)(17,38)(19,26)(21,37)(22,34)(23,30)(28,41)(39,42)
(1,25)(2,18)(3,36)(5,19)(6,35)(7,26)(8,42)(9,20)(11,27)(12,39)(13,29)(14,32)(15,21)(17,33)(22,40)(23,37)(24,28)(31,41)
(1,32)(2,39)(3,25)(4,13)(5,42)(6,26)(8,40)(9,19)(10,28)(11,37)(12,31)(14,33)(15,41)(17,36)(18,21)(20,22)(24,34)(29,30)
(1,35)(2,30)(3,16)(4,17)(5,29)(7,21)(8,36)(9,26)(10,41)(11,33)(12,27)(14,18)(19,31)(20,34)(22,25)(23,42)(28,32)(38,40)
(1,29)(2,36)(3,35)(4,15)(5,16)(6,18)(7,24)(8,26)(9,30)(10,33)(11,25)(13,27)(22,41)(23,40)(28,42)(31,37)(32,38)(34,39)
(1,37)(2,40)(3,41)(4,24)(5,26)(6,42)(7,38)(8,39)(9,14)(10,12)(11,32)(13,34)(15,25)(16,27)(18,29)(19,33)(21,30)(28,31)
(1,19)(3,11)(4,20)(5,28)(7,36)(8,21)(9,38)(12,25)(13,15)(14,42)(16,33)(17,34)(18,23)(22,27)(24,39)(26,40)(29,32)(31,35)
(1,31)(2,33)(3,30)(4,32)(5,34)(9,41)(10,40)(11,15)(12,23)(13,16)(14,22)(18,42)(19,36)(21,35)(24,38)(26,39)(28,29)
(2,4)(3,7)(5,12)(6,16)(8,14)(9,23)(11,26)(15,29)(17,31)(18,20)(19,25)(21,32)(27,40)(28,39)(33,35)(34,41)(37,38)
(1,17)(2,21)(4,35)(5,9)(6,13)(7,30)(8,22)(10,27)(11,28)(12,41)(15,39)(20,42)(23,34)(24,37)(25,36)(26,29)(32,33)
(1,12)(2,20)(3,40)(4,23)(5,24)(6,33)(8,29)(9,37)(11,36)(13,32)(16,31)(17,41)(18,38)(21,42)(22,26)(25,28)(34,35)
(1,5)(2,9)(4,18)(6,17)(7,27)(11,22)(12,24)(13,21)(14,15)(16,35)(19,39)(20,37)(23,38)(26,36)(31,34)(32,42)(33,41)
(1,26)(2,25)(3,39)(5,37)(6,32)(7,16)(8,41)(10,18)(11,42)(12,29)(15,40)(17,22)(20,36)(21,28)(23,35)(27,38)(30,31)
(1,42)(2,19)(3,21)(4,25)(5,27)(6,28)(7,32)(8,34)(9,35)(10,36)(12,40)(14,41)(15,38)(16,39)(22,30)(23,33)(29,37)
(1,3)(4,6)(7,13)(8,9)(10,11)(12,21)(14,17)(15,18)(19,20)(23,28)(24,27)(25,33)(26,30)(29,35)(31,39)(34,37)(40,42)
(1,14)(2,41)(3,17)(4,26)(5,22)(6,30)(7,29)(10,37)(11,34)(13,35)(15,31)(18,39)(19,42)(20,40)(23,24)(27,28)(32,36)
(1,8)(2,11)(3,15)(4,34)(7,31)(9,24)(10,38)(12,22)(13,33)(16,30)(17,29)(18,27)(20,28)(21,36)(25,42)(26,41)(39,40)
(1,20)(3,19)(4,10)(5,36)(6,11)(7,23)(8,33)(9,25)(13,28)(14,40)(16,38)(17,42)(22,32)(24,29)(26,37)(27,35)(30,34)
(1,7)(2,16)(3,13)(5,32)(8,31)(9,39)(10,26)(11,30)(14,23)(15,33)(17,28)(18,25)(19,35)(20,29)(24,40)(27,42)(38,41)
(2,12)(3,14)(4,7)(5,8)(6,29)(9,22)(10,23)(11,24)(13,26)(18,31)(19,40)(21,41)(25,32)(27,34)(28,37)(30,35)(33,36)
(2,8)(3,5)(4,14)(6,15)(7,12)(10,22)(13,24)(16,29)(17,18)(19,34)(20,31)(21,27)(25,41)(28,38)(30,36)(32,40)(37,39)
(1,13)(2,6)(4,16)(5,21)(8,28)(9,17)(10,30)(12,32)(14,39)(15,19)(18,35)(20,33)(23,31)(24,42)(25,29)(34,38)(37,41)
(2,3)(4,5)(7,8)(9,10)(11,13)(12,14)(15,16)(17,20)(19,21)(22,23)(24,26)(25,27)(30,33)(32,34)(35,36)(38,39)(40,41)
(1,24)(2,38)(3,27)(4,37)(6,34)(7,40)(8,15)(9,18)(13,42)(14,29)(16,41)(17,35)(19,28)(20,23)(22,36)(25,39)(31,33)
(1,2)(5,6)(7,10)(8,11)(9,13)(12,20)(14,19)(16,18)(17,21)(22,28)(24,33)(25,26)(27,30)(29,36)(31,38)(32,37)(41,42)
(1,11)(3,6)(4,19)(5,15)(7,28)(9,33)(10,20)(12,38)(14,34)(16,21)(17,30)(18,36)(22,31)(26,42)(27,29)(32,39)(37,40)
(1,4)(3,10)(5,18)(6,20)(8,25)(11,19)(12,16)(13,23)(14,26)(15,36)(17,37)(21,38)(22,39)(24,35)(30,40)(31,32)(34,42)
(1,18)(2,10)(3,9)(6,37)(7,25)(8,27)(11,38)(12,36)(13,39)(14,35)(15,24)(16,26)(19,23)(21,22)(30,41)(31,42)(33,40)
(1,7,12)(2,31,29)(3,32,24)(4,23,14)(5,13,40)(6,33,15)(8,16,20)(9,39,37)(10,22,26)(11,30,36)(17,25,38)(18,28,41)(19,34,35)(21,42,27)
(1,7,4)(2,12,16)(3,23,26)(5,31,25)(6,20,29)(8,32,18)(9,22,39)(10,14,13)(11,40,35)(15,33,36)(17,28,37)(19,24,30)(21,38,41)(27,34,42)
(1,4,7)(2,16,12)(3,26,23)(5,25,31)(6,29,20)(8,18,32)(9,39,22)(10,13,14)(11,35,40)(15,36,33)(17,37,28)(19,30,24)(21,41,38)(27,42,34)
(1,8,5)(2,22,24)(3,14,15)(4,31,27)(6,17,29)(7,34,18)(9,12,11)(10,23,38)(13,41,36)(16,30,35)(19,39,40)(20,28,37)(21,26,33)(25,32,42)
(1,5,8)(2,24,22)(3,15,14)(4,27,31)(6,29,17)(7,18,34)(9,11,12)(10,38,23)(13,36,41)(16,35,30)(19,40,39)(20,37,28)(21,33,26)(25,42,32)
(1,31,17)(2,32,35)(3,7,30)(4,33,21)(5,23,41)(6,13,16)(8,22,14)(9,12,34)(10,40,27)(11,39,29)(15,28,26)(18,20,42)(19,25,36)(24,38,37)
(1,37,36)(2,9,25)(3,39,19)(4,10,18)(5,26,20)(6,22,42)(7,38,35)(8,41,33)(11,17,32)(12,24,29)(13,28,21)(14,40,15)(16,23,27)(30,31,34)
(1,36,37)(2,25,9)(3,19,39)(4,18,10)(5,20,26)(6,42,22)(7,35,38)(8,33,41)(11,32,17)(12,29,24)(13,21,28)(14,15,40)(16,27,23)(30,34,31)
(1,35,39)(2,30,37)(3,17,9)(4,16,26)(5,21,22)(6,41,10)(7,29,25)(8,27,28)(11,34,38)(12,36,32)(13,14,18)(15,42,23)(19,31,24)(20,33,40)
(1,39,35)(2,37,30)(3,9,17)(4,26,16)(5,22,21)(6,10,41)(7,25,29)(8,28,27)(11,38,34)(12,32,36)(13,18,14)(15,23,42)(19,24,31)(20,40,33)
(1,11,24)(2,38,12)(3,34,29)(4,28,40)(5,8,15)(6,27,14)(7,19,37)(9,31,36)(10,23,20)(13,42,26)(16,21,41)(17,30,35)(18,22,33)(25,39,32)
(1,24,11)(2,12,38)(3,29,34)(4,40,28)(5,15,8)(6,14,27)(7,37,19)(9,36,31)(10,20,23)(13,26,42)(16,41,21)(17,35,30)(18,33,22)(25,32,39)
(1,12,7)(2,29,31)(3,24,32)(4,14,23)(5,40,13)(6,15,33)(8,20,16)(9,37,39)(10,26,22)(11,36,30)(17,38,25)(18,41,28)(19,35,34)(21,27,42)
(1,32,27)(2,39,35)(3,13,21)(4,25,18)(5,7,42)(6,28,17)(8,31,34)(9,16,19)(10,26,36)(11,22,30)(12,40,24)(14,33,38)(15,23,41)(20,37,29)
(1,3,2)(4,5,6)(7,9,11)(8,13,10)(12,17,19)(14,21,20)(15,16,18)(22,28,23)(24,30,25)(26,27,33)(29,35,36)(31,39,38)(32,37,34)(40,41,42)
(1,2,3)(4,6,5)(7,11,9)(8,10,13)(12,19,17)(14,20,21)(15,18,16)(22,23,28)(24,25,30)(26,33,27)(29,36,35)(31,38,39)(32,34,37)(40,42,41)
(1,17,31)(2,35,32)(3,30,7)(4,21,33)(5,41,23)(6,16,13)(8,14,22)(9,34,12)(10,27,40)(11,29,39)(15,26,28)(18,42,20)(19,36,25)(24,37,38)
(1,38,33)(2,24,31)(3,27,30)(4,37,32)(5,34,6)(7,10,40)(8,11,15)(9,42,16)(12,23,20)(13,18,41)(14,28,36)(17,21,35)(19,29,22)(25,26,39)
(1,20,31)(2,33,8)(3,36,34)(4,40,22)(5,19,30)(6,15,11)(7,12,23)(9,25,41)(10,32,14)(13,29,38)(16,24,28)(17,18,42)(21,35,27)(26,37,39)
(1,31,20)(2,8,33)(3,34,36)(4,22,40)(5,30,19)(6,11,15)(7,23,12)(9,41,25)(10,14,32)(13,38,29)(16,28,24)(17,42,18)(21,27,35)(26,39,37)
(1,37,35)(2,38,21)(3,10,27)(4,24,17)(5,9,18)(6,23,42)(7,40,30)(8,39,36)(11,28,19)(12,41,16)(13,20,34)(14,26,29)(15,22,25)(31,32,33)
(1,35,37)(2,21,38)(3,27,10)(4,17,24)(5,18,9)(6,42,23)(7,30,40)(8,36,39)(11,19,28)(12,16,41)(13,34,20)(14,29,26)(15,25,22)(31,33,32)
(1,36,38)(2,20,10)(3,33,37)(4,19,23)(5,15,24)(6,40,9)(7,25,28)(8,29,27)(11,12,18)(13,32,39)(14,35,34)(16,42,22)(17,30,41)(21,31,26)
(1,38,36)(2,10,20)(3,37,33)(4,23,19)(5,24,15)(6,9,40)(7,28,25)(8,27,29)(11,18,12)(13,39,32)(14,34,35)(16,22,42)(17,41,30)(21,26,31)
(1,28,33)(2,11,6)(3,19,15)(4,38,30)(5,21,36)(7,23,31)(8,13,20)(9,42,29)(10,34,16)(12,22,32)(14,39,40)(17,25,24)(18,27,35)(26,37,41)
(1,33,28)(2,6,11)(3,15,19)(4,30,38)(5,36,21)(7,31,23)(8,20,13)(9,29,42)(10,16,34)(12,32,22)(14,40,39)(17,24,25)(18,35,27)(26,41,37)
(1,24,26)(2,27,39)(3,38,25)(4,5,37)(6,34,32)(7,15,41)(8,40,16)(9,10,18)(11,42,13)(12,29,14)(17,23,36)(19,21,28)(20,35,22)(30,31,33)
(1,26,24)(2,39,27)(3,25,38)(4,37,5)(6,32,34)(7,41,15)(8,16,40)(9,18,10)(11,13,42)(12,14,29)(17,36,23)(19,28,21)(20,22,35)(30,33,31)
(1,3,5)(2,9,8)(4,17,15)(6,18,14)(7,21,24)(10,22,11)(12,13,27)(16,35,29)(19,37,31)(20,39,34)(23,28,38)(25,41,33)(26,30,36)(32,42,40)
(1,5,3)(2,8,9)(4,15,17)(6,14,18)(7,24,21)(10,11,22)(12,27,13)(16,29,35)(19,31,37)(20,34,39)(23,38,28)(25,33,41)(26,36,30)(32,40,42)
(1,41,19)(2,14,42)(3,17,21)(4,26,25)(5,30,28)(6,22,27)(7,37,36)(8,34,11)(9,35,13)(10,29,32)(12,40,20)(15,31,38)(16,39,18)(23,24,33)
(1,13,11)(2,3,6)(4,21,15)(5,16,19)(7,28,8)(9,30,20)(10,17,33)(12,39,34)(14,32,38)(18,35,36)(22,31,23)(24,26,42)(25,27,29)(37,41,40)
(1,18,20)(2,4,10)(3,25,23)(5,36,12)(6,26,38)(7,9,19)(8,35,40)(11,16,37)(13,39,28)(14,27,33)(15,29,24)(17,42,31)(21,32,22)(30,41,34)
(1,11,13)(2,6,3)(4,15,21)(5,19,16)(7,8,28)(9,20,30)(10,33,17)(12,34,39)(14,38,32)(18,36,35)(22,23,31)(24,42,26)(25,29,27)(37,40,41)
(1,20,18)(2,10,4)(3,23,25)(5,12,36)(6,38,26)(7,19,9)(8,40,35)(11,37,16)(13,28,39)(14,33,27)(15,24,29)(17,31,42)(21,22,32)(30,34,41)
(1,28,30)(2,21,16)(3,13,6)(4,19,35)(5,39,33)(7,11,17)(8,22,31)(9,32,15)(10,42,29)(12,38,41)(14,23,34)(18,25,36)(20,27,26)(24,37,40)
(1,13,26)(2,32,29)(3,39,14)(4,7,16)(5,28,41)(6,25,12)(8,21,37)(9,22,17)(10,31,35)(11,42,24)(15,19,40)(18,23,30)(20,33,36)(27,38,34)
(1,8,14)(2,34,26)(3,31,29)(4,11,41)(5,22,12)(6,30,16)(7,15,17)(9,23,24)(10,38,37)(13,33,35)(18,28,40)(19,42,25)(20,27,39)(21,32,36)
(1,26,13)(2,29,32)(3,14,39)(4,16,7)(5,41,28)(6,12,25)(8,37,21)(9,17,22)(10,35,31)(11,24,42)(15,40,19)(18,30,23)(20,36,33)(27,34,38)
(1,14,12)(2,17,40)(3,41,20)(4,22,24)(5,26,23)(6,30,33)(7,8,29)(9,37,10)(11,35,32)(13,34,36)(15,16,31)(18,39,38)(19,21,42)(25,28,27)
(1,30,28)(2,16,21)(3,6,13)(4,35,19)(5,33,39)(7,17,11)(8,31,22)(9,15,32)(10,29,42)(12,41,38)(14,34,23)(18,36,25)(20,26,27)(24,40,37)
(1,19,41)(2,42,14)(3,21,17)(4,25,26)(5,28,30)(6,27,22)(7,36,37)(8,11,34)(9,13,35)(10,32,29)(12,20,40)(15,38,31)(16,18,39)(23,33,24)
(1,2,4)(3,10,7)(5,20,16)(6,18,12)(8,19,26)(9,23,13)(11,25,14)(15,36,29)(17,38,32)(21,37,31)(22,28,39)(24,33,35)(27,40,30)(34,42,41)
(1,4,2)(3,7,10)(5,16,20)(6,12,18)(8,26,19)(9,13,23)(11,14,25)(15,29,36)(17,32,38)(21,31,37)(22,39,28)(24,35,33)(27,30,40)(34,41,42)
(1,18,17)(2,27,22)(3,5,9)(4,35,14)(6,24,39)(7,36,41)(8,10,21)(11,38,28)(12,25,30)(13,15,37)(16,29,26)(19,34,23)(20,42,31)(32,33,40)
(1,17,18)(2,22,27)(3,9,5)(4,14,35)(6,39,24)(7,41,36)(8,21,10)(11,28,38)(12,30,25)(13,37,15)(16,26,29)(19,23,34)(20,31,42)(32,40,33)
(1,14,8)(2,26,34)(3,29,31)(4,41,11)(5,12,22)(6,16,30)(7,17,15)(9,24,23)(10,37,38)(13,35,33)(18,40,28)(19,25,42)(20,39,27)(21,36,32)
(1,40,21)(2,20,19)(3,12,42)(4,33,28)(5,24,27)(6,23,25)(7,32,13)(8,37,35)(9,29,34)(10,36,11)(14,41,17)(15,38,18)(16,31,39)(22,26,30)
(1,21,40)(2,19,20)(3,42,12)(4,28,33)(5,27,24)(6,25,23)(7,13,32)(8,35,37)(9,34,29)(10,11,36)(14,17,41)(15,18,38)(16,39,31)(22,30,26)
(1,30,39)(2,33,25)(3,31,26)(4,6,32)(5,34,37)(7,16,13)(8,41,9)(10,15,42)(11,40,18)(12,35,28)(14,17,22)(19,20,36)(21,23,29)(24,27,38)
(1,27,32)(2,35,39)(3,21,13)(4,18,25)(5,42,7)(6,17,28)(8,34,31)(9,19,16)(10,36,26)(11,30,22)(12,24,40)(14,38,33)(15,41,23)(20,29,37)
(1,34,25)(2,11,19)(3,38,36)(4,8,42)(5,27,18)(6,28,20)(7,31,32)(9,24,35)(10,15,21)(12,30,39)(13,23,33)(14,41,26)(16,22,40)(17,37,29)
(1,39,30)(2,25,33)(3,26,31)(4,32,6)(5,37,34)(7,13,16)(8,9,41)(10,42,15)(11,18,40)(12,28,35)(14,22,17)(19,36,20)(21,29,23)(24,38,27)
(1,12,14)(2,40,17)(3,20,41)(4,24,22)(5,23,26)(6,33,30)(7,29,8)(9,10,37)(11,32,35)(13,36,34)(15,31,16)(18,38,39)(19,42,21)(25,27,28)
(1,25,34)(2,19,11)(3,36,38)(4,42,8)(5,18,27)(6,20,28)(7,32,31)(9,35,24)(10,21,15)(12,39,30)(13,33,23)(14,26,41)(16,40,22)(17,29,37)
(1,33,38)(2,31,24)(3,30,27)(4,32,37)(5,6,34)(7,40,10)(8,15,11)(9,16,42)(12,20,23)(13,41,18)(14,36,28)(17,35,21)(19,22,29)(25,39,26)
(1,21,20,41)(2,42,12,17)(3,19,40,14)(4,27,23,30)(5,28,33,26)(6,25,24,22)(7,35,10,34)(8,13,36,37)(9,11,32,29)(15,39)(16,18,38,31)
(1,11,42,26)(2,34,25,14)(3,38,32,29)(4,8,19,41)(5,28,40,16)(6,27,39,12)(7,15,21,37)(9,23,33,35)(10,31,36,17)(13,24)(18,22,20,30)
(1,27,31,25)(2,24,30,39)(3,38,33,26)(4,5,34,32)(6,37)(7,18,8,42)(9,11,40,16)(10,15,41,13)(12,35,22,19)(14,21,23,36)(17,28,20,29)
(1,25,31,27)(2,39,30,24)(3,26,33,38)(4,32,34,5)(6,37)(7,42,8,18)(9,16,40,11)(10,13,41,15)(12,19,22,35)(14,36,23,21)(17,29,20,28)
(1,31,42,18)(2,22,40,35)(3,23,41,36)(4,8,32,27)(5,7,34,25)(6,28,37,29)(9,12,30,19)(10,14,33,21)(11,39,24,16)(13,38,26,15)(17,20)
(1,18,42,31)(2,35,40,22)(3,36,41,23)(4,27,32,8)(5,25,34,7)(6,29,37,28)(9,19,30,12)(10,21,33,14)(11,16,24,39)(13,15,26,38)(17,20)
(1,42)(2,32,14,27)(3,25,12,34)(4,40,8,21)(5,19,7,41)(6,39,29,38)(9,36,23,30)(10,33,22,35)(11,13,26,24)(15,28,16,37)(17,18,20,31)
(1,42)(2,27,14,32)(3,34,12,25)(4,21,8,40)(5,41,7,19)(6,38,29,39)(9,30,23,36)(10,35,22,33)(11,24,26,13)(15,37,16,28)(17,31,20,18)
(1,24,42,13)(2,29,34,39)(3,12,27,32)(4,15,41,28)(5,40,21,7)(6,14,38,25)(8,37,19,16)(9,20,35,31)(10,36,30,22)(11,26)(17,23,18,33)
(1,13,42,24)(2,39,34,29)(3,32,27,12)(4,28,41,15)(5,7,21,40)(6,25,38,14)(8,16,19,37)(9,31,35,20)(10,22,30,36)(11,26)(17,33,18,23)
(1,26,42,11)(2,14,25,34)(3,29,32,38)(4,41,19,8)(5,16,40,28)(6,12,39,27)(7,37,21,15)(9,35,33,23)(10,17,36,31)(13,24)(18,30,20,22)
(1,41,20,21)(2,17,12,42)(3,14,40,19)(4,30,23,27)(5,26,33,28)(6,22,24,25)(7,34,10,35)(8,37,36,13)(9,29,32,11)(15,39)(16,31,38,18)
(1,25,11,41)(2,42,8,26)(3,32,15,37)(4,19,34,14)(5,39,6,40)(7,36,38,17)(9,13,33,24)(10,21,31,29)(12,18,28,30)(16,20,27,22)(23,35)
(1,41,11,25)(2,26,8,42)(3,37,15,32)(4,14,34,19)(5,40,6,39)(7,17,38,36)(9,24,33,13)(10,29,31,21)(12,30,28,18)(16,22,27,20)(23,35)
(1,37,21,33)(2,24,17,32)(3,40)(4,38,35,31)(5,41,13,20)(6,12,9,42)(7,10,27,30)(8,26,28,36)(11,29,22,25)(14,39,19,15)(16,23,18,34)
(1,33,21,37)(2,32,17,24)(3,40)(4,31,35,38)(5,20,13,41)(6,42,9,12)(7,30,27,10)(8,36,28,26)(11,25,22,29)(14,15,19,39)(16,34,18,23)
(1,39,27,33)(2,26,38,30)(3,25,24,31)(4,37,34,6)(5,32)(7,9,42,15)(8,13,18,40)(10,41,11,16)(12,22,21,36)(14,28,35,20)(17,19,29,23)
(1,33,27,39)(2,30,38,26)(3,31,24,25)(4,6,34,37)(5,32)(7,15,42,9)(8,40,18,13)(10,16,11,41)(12,36,21,22)(14,20,35,28)(17,23,29,19)
(1,40,13,27)(2,37,16,34)(3,24,7,42)(4,41,6,38)(5,12,32,21)(8,20,39,35)(9,29,31,19)(10,26,30,11)(14,33,28,18)(15,23,25,17)(22,36)
(1,38,25,30)(2,27,26,31)(3,24,39,33)(4,34)(5,37,32,6)(7,11,18,41)(8,10,42,16)(9,40,13,15)(12,28,36,17)(14,23,19,35)(20,21,29,22)
(1,35,32,38)(2,17,33,37)(3,30,40,10)(4,21,31,24)(5,16,42,23)(6,41,20,9)(7,27)(8,29,25,28)(11,14,36,39)(12,18,13,34)(15,26,19,22)
(1,38,32,35)(2,37,33,17)(3,10,40,30)(4,24,31,21)(5,23,42,16)(6,9,20,41)(7,27)(8,28,25,29)(11,39,36,14)(12,34,13,18)(15,22,19,26)
(1,40,17,19)(2,12,41,21)(3,20,14,42)(4,24,30,28)(5,33,22,25)(6,23,26,27)(7,37,35,11)(8,32,9,36)(10,29,34,13)(15,31,39,18)(16,38)
(1,19,17,40)(2,21,41,12)(3,42,14,20)(4,28,30,24)(5,25,22,33)(6,27,26,23)(7,11,35,37)(8,36,9,32)(10,13,34,29)(15,18,39,31)(16,38)
(1,27,13,40)(2,34,16,37)(3,42,7,24)(4,38,6,41)(5,21,32,12)(8,35,39,20)(9,19,31,29)(10,11,30,26)(14,18,28,33)(15,17,25,23)(22,36)
(1,34,18,32)(2,30,9,40)(3,41,10,33)(4,31,5,42)(6,17,37,20)(7,8,27,25)(11,35,39,12)(13,14,38,36)(15,21,26,23)(16,22,24,19)(28,29)
(1,32,18,34)(2,40,9,30)(3,33,10,41)(4,42,5,31)(6,20,37,17)(7,25,27,8)(11,12,39,35)(13,36,38,14)(15,23,26,21)(16,19,24,22)(28,29)
(1,19,26,34)(2,25,41,8)(3,36,37,31)(4,42,14,11)(5,20,39,30)(6,18,40,22)(7,21,29,38)(9,33)(10,32,17,15)(12,28,16,27)(13,35,24,23)
(1,34,26,19)(2,8,41,25)(3,31,37,36)(4,11,14,42)(5,30,39,20)(6,22,40,18)(7,38,29,21)(9,33)(10,15,17,32)(12,27,16,28)(13,23,24,35)
(1,28,40,35)(2,38,41,16)(3,23,42,29)(4,11,37,30)(5,22,32,36)(6,10,34,26)(7,19,24,17)(8,39,33,18)(9,31,25,15)(12,21)(13,20,27,14)
(1,30,19,37)(2,41)(3,34,20,26)(4,17,11,40)(5,31,36,39)(6,42,10,14)(7,35,28,24)(8,33,25,9)(12,16,21,38)(13,27,23,29)(15,32,18,22)
(1,36,34,39)(2,33,41,9)(3,20,30,37)(4,15,42,22)(5,19,31,26)(6,40,17,10)(7,29,27,28)(8,25)(11,32,14,18)(12,35,38,13)(16,24,21,23)
(1,39,34,36)(2,9,41,33)(3,37,30,20)(4,22,42,15)(5,26,31,19)(6,10,17,40)(7,28,27,29)(8,25)(11,18,14,32)(12,13,38,35)(16,23,21,24)
(1,36,41,28)(2,29,42,22)(3,15,40,39)(4,35,34,23)(5,33,37,13)(6,24,32,9)(7,18,30,38)(8,20,26,21)(10,16,27,31)(11,12,25,17)(14,19)
(1,28,41,36)(2,22,42,29)(3,39,40,15)(4,23,34,35)(5,13,37,33)(6,9,32,24)(7,38,30,18)(8,21,26,20)(10,31,27,16)(11,17,25,12)(14,19)
(1,17,42,20)(2,14,21,40)(3,41,19,12)(4,22,27,33)(5,30,25,23)(6,26,28,24)(7,9,34,36)(8,35,32,10)(11,29,13,37)(15,16,39,38)(18,31)
(1,20,42,17)(2,40,21,14)(3,12,19,41)(4,33,27,22)(5,23,25,30)(6,24,28,26)(7,36,34,9)(8,10,32,35)(11,37,13,29)(15,38,39,16)(18,31)
(1,21,24,32)(2,35,37,31)(3,27,40,7)(4,17,38,33)(5,42,12,13)(6,18,41,23)(8,19,29,39)(9,34,20,16)(10,30)(11,36,26,22)(14,28,15,25)
(1,32,24,21)(2,31,37,35)(3,7,40,27)(4,33,38,17)(5,13,12,42)(6,23,41,18)(8,39,29,19)(9,16,20,34)(10,30)(11,22,26,36)(14,25,15,28)
(1,37,19,30)(2,41)(3,26,20,34)(4,40,11,17)(5,39,36,31)(6,14,10,42)(7,24,28,35)(8,9,25,33)(12,38,21,16)(13,29,23,27)(15,22,18,32)
(1,35,40,28)(2,16,41,38)(3,29,42,23)(4,30,37,11)(5,36,32,22)(6,26,34,10)(7,17,24,19)(8,18,33,39)(9,15,25,31)(12,21)(13,14,27,20)
(1,30,25,38)(2,31,26,27)(3,33,39,24)(4,34)(5,6,32,37)(7,41,18,11)(8,16,42,10)(9,15,13,40)(12,17,36,28)(14,35,19,23)(20,22,29,21)
(1,3,13,7)(2,6,16,4)(5,21,32,12)(8,17,39,23)(9,28,31,14)(10,11,30,26)(15,35,25,20)(18,19,33,29)(24,27,42,40)(34,41,37,38)
(1,14,26,4)(2,8,41,25)(3,22,37,18)(5,17,39,10)(6,31,40,36)(7,12,29,16)(11,34,42,19)(13,23,24,35)(15,30,32,20)(21,28,38,27)
(1,5,18,4)(2,3,9,10)(6,17,37,20)(7,8,27,25)(11,21,39,23)(12,15,35,26)(13,22,38,19)(14,24,36,16)(30,41,40,33)(31,34,42,32)
(1,4,18,5)(2,10,9,3)(6,20,37,17)(7,25,27,8)(11,23,39,21)(12,26,35,15)(13,19,38,22)(14,16,36,24)(30,33,40,41)(31,32,42,34)
(1,23,32,16)(2,20,33,6)(3,10,40,30)(4,12,31,13)(5,38,42,35)(8,28,25,29)(9,37,41,17)(11,19,36,15)(14,22,39,26)(18,24,34,21)
(1,16,32,23)(2,6,33,20)(3,30,40,10)(4,13,31,12)(5,35,42,38)(8,29,25,28)(9,17,41,37)(11,15,36,19)(14,26,39,22)(18,21,34,24)
(1,18,42,31)(2,36,40,23)(3,35,41,22)(4,25,32,7)(5,27,34,8)(6,29,37,28)(9,21,30,14)(10,19,33,12)(11,15,24,38)(13,16,26,39)
(1,8,11,2)(3,5,15,6)(4,14,34,19)(7,22,38,20)(9,24,33,13)(10,12,31,28)(16,17,27,36)(18,29,30,21)(25,26,41,42)(32,39,37,40)
(1,2,11,8)(3,6,15,5)(4,19,34,14)(7,20,38,22)(9,13,33,24)(10,28,31,12)(16,36,27,17)(18,21,30,29)(25,42,41,26)(32,40,37,39)
(1,31,42,18)(2,23,40,36)(3,22,41,35)(4,7,32,25)(5,8,34,27)(6,28,37,29)(9,14,30,21)(10,12,33,19)(11,38,24,15)(13,39,26,16)
(1,12,20,2)(3,14,40,19)(4,7,23,10)(5,29,33,11)(6,8,24,36)(9,26,32,28)(13,22,37,25)(16,31,38,18)(17,41,42,21)(27,35,30,34)
(1,7,13,3)(2,4,16,6)(5,12,32,21)(8,23,39,17)(9,14,31,28)(10,26,30,11)(15,20,25,35)(18,29,33,19)(24,40,42,27)(34,38,37,41)
(1,3,17,14)(2,21,41,12)(4,13,30,29)(5,9,22,8)(6,35,26,7)(10,28,34,24)(11,27,37,23)(15,18,39,31)(19,42,40,20)(25,32,33,36)
(1,14,17,3)(2,12,41,21)(4,29,30,13)(5,8,22,9)(6,7,26,35)(10,24,34,28)(11,23,37,27)(15,31,39,18)(19,20,40,42)(25,36,33,32)
(1,8,31,7)(2,15,30,13)(3,11,33,16)(4,5,34,32)(9,38,40,26)(10,24,41,39)(12,14,22,23)(17,28,20,29)(18,27,42,25)(19,36,35,21)
(1,7,31,8)(2,13,30,15)(3,16,33,11)(4,32,34,5)(9,26,40,38)(10,39,41,24)(12,23,22,14)(17,29,20,28)(18,25,42,27)(19,21,35,36)
(1,26,42,11)(2,4,25,19)(3,16,32,28)(5,29,40,38)(6,7,39,21)(8,14,41,34)(9,35,33,23)(10,18,36,20)(12,37,27,15)(17,30,31,22)
(1,11,42,26)(2,19,25,4)(3,28,32,16)(5,38,40,29)(6,21,39,7)(8,34,41,14)(9,23,33,35)(10,20,36,18)(12,15,27,37)(17,22,31,30)
(1,10,25,16)(2,18,26,7)(3,9,39,13)(5,37,32,6)(8,38,42,30)(11,27,41,31)(12,20,36,29)(14,23,19,35)(15,24,40,33)(17,22,28,21)
(1,16,25,10)(2,7,26,18)(3,13,39,9)(5,6,32,37)(8,30,42,38)(11,31,41,27)(12,29,36,20)(14,35,19,23)(15,33,40,24)(17,21,28,22)
(1,10,19,6)(3,4,20,11)(5,18,36,15)(7,23,28,13)(8,9,25,33)(12,38,21,16)(14,37,42,30)(17,26,40,34)(22,39,32,31)(24,27,35,29)
(1,6,19,10)(3,11,20,4)(5,15,36,18)(7,13,28,23)(8,33,25,9)(12,16,21,38)(14,30,42,37)(17,34,40,26)(22,31,32,39)(24,29,35,27)
(1,2,20,12)(3,19,40,14)(4,10,23,7)(5,11,33,29)(6,36,24,8)(9,28,32,26)(13,25,37,22)(16,18,38,31)(17,21,42,41)(27,34,30,35)
(1,12,24,5)(2,23,37,18)(3,7,40,27)(4,20,38,9)(6,31,41,35)(8,14,29,15)(11,22,26,36)(13,32,42,21)(16,33,34,17)(19,28,39,25)
(1,5,24,12)(2,18,37,23)(3,27,40,7)(4,9,38,20)(6,35,41,31)(8,15,29,14)(11,36,26,22)(13,21,42,32)(16,17,34,33)(19,25,39,28)
(1,20,42,17)(2,19,21,3)(4,36,27,9)(5,10,25,35)(6,11,28,13)(7,33,34,22)(8,23,32,30)(12,40,41,14)(15,38,39,16)(24,37,26,29)
(1,17,42,20)(2,3,21,19)(4,9,27,36)(5,35,25,10)(6,13,28,11)(7,22,34,33)(8,30,32,23)(12,14,41,40)(15,16,39,38)(24,29,26,37)
(1,29,41,22)(2,36,42,28)(3,15,40,39)(4,35,34,23)(5,24,37,9)(6,33,32,13)(7,16,30,31)(8,12,26,17)(10,18,27,38)(11,20,25,21)
(1,22,41,29)(2,28,42,36)(3,39,40,15)(4,23,34,35)(5,9,37,24)(6,13,32,33)(7,31,30,16)(8,17,26,12)(10,38,27,18)(11,21,25,20)
(1,29,40,23)(2,16,41,38)(3,35,42,28)(4,26,37,10)(5,36,32,22)(6,30,34,11)(7,14,24,20)(8,15,33,31)(9,18,25,39)(13,17,27,19)
(1,13,42,24)(2,28,34,15)(3,21,27,5)(4,39,41,29)(6,19,38,8)(7,32,40,12)(9,17,35,18)(10,22,30,36)(14,16,25,37)(20,23,31,33)
(1,15,34,22)(2,33,41,9)(3,6,30,17)(4,36,42,39)(5,11,31,14)(7,29,27,28)(10,20,40,37)(12,24,38,23)(13,16,35,21)(18,19,32,26)
(1,22,34,15)(2,9,41,33)(3,17,30,6)(4,39,42,36)(5,14,31,11)(7,28,27,29)(10,37,40,20)(12,23,38,24)(13,21,35,16)(18,26,32,19)
(1,9,21,6)(2,5,17,13)(4,18,35,16)(7,10,27,30)(8,22,28,11)(12,37,42,33)(14,39,19,15)(20,24,41,32)(23,38,34,31)(25,36,29,26)
(1,6,21,9)(2,13,17,5)(4,16,35,18)(7,30,27,10)(8,11,28,22)(12,33,42,37)(14,15,19,39)(20,32,41,24)(23,31,34,38)(25,26,29,36)
(1,9,27,15)(2,10,38,11)(3,18,24,8)(4,37,34,6)(7,39,42,33)(12,22,21,36)(13,25,40,31)(14,17,35,29)(16,26,41,30)(19,20,23,28)
(2,7,14,5)(3,4,12,8)(6,16,29,15)(9,10,23,22)(11,13,26,24)(17,18,20,31)(19,32,41,27)(21,25,40,34)(28,39,37,38)(30,35,36,33)
(1,15,27,9)(2,11,38,10)(3,8,24,18)(4,6,34,37)(7,33,42,39)(12,36,21,22)(13,31,40,25)(14,29,35,17)(16,30,41,26)(19,28,23,20)
(1,4,26,14)(2,25,41,8)(3,18,37,22)(5,10,39,17)(6,36,40,31)(7,16,29,12)(11,19,42,34)(13,35,24,23)(15,20,32,30)(21,27,38,28)
(2,5,14,7)(3,8,12,4)(6,15,29,16)(9,22,23,10)(11,24,26,13)(17,31,20,18)(19,27,41,32)(21,34,40,25)(28,38,37,39)(30,33,36,35)
(1,23,40,29)(2,38,41,16)(3,28,42,35)(4,10,37,26)(5,22,32,36)(6,11,34,30)(7,20,24,14)(8,31,33,15)(9,39,25,18)(13,19,27,17)
(1,24,42,13)(2,15,34,28)(3,5,27,21)(4,29,41,39)(6,8,38,19)(7,12,40,32)(9,18,35,17)(10,36,30,22)(14,37,25,16)(20,33,31,23)
(1,15,35,42,39,23)(2,6,30,41,37,10)(3,33,17,40,9,20)(4,11,16,34,26,38)(5,36,21,32,22,12)(7,8,29,27,25,28)(13,31,14,24,18,19)
(1,15,12,33,7,6)(2,8,29,20,31,16)(3,5,24,40,32,13)(4,11,14,36,23,30)(9,27,37,42,39,21)(10,34,26,19,22,35)(17,18,38,41,25,28)
(1,6,7,33,12,15)(2,16,31,20,29,8)(3,13,32,40,24,5)(4,30,23,36,14,11)(9,21,39,42,37,27)(10,35,22,19,26,34)(17,28,25,41,38,18)
(1,13,35,14,39,18)(2,6,30,41,37,10)(3,16,17,26,9,4)(5,7,21,29,22,25)(8,32,27,12,28,36)(11,33,34,40,38,20)(15,31,42,24,23,19)
(1,40,17,10,31,27)(2,33,35,4,32,21)(3,20,30,18,7,42)(5,12,41,9,23,34)(6,36,16,25,13,19)(8,24,14,37,22,38)(11,15,29,26,39,28)
(1,29,5,35,3,16)(2,26,8,36,9,30)(4,14,15,18,17,6)(7,12,24,27,21,13)(10,41,11,25,22,33)(19,39,31,20,37,34)(23,40,38,42,28,32)
(1,16,3,35,5,29)(2,30,9,36,8,26)(4,6,17,18,15,14)(7,13,21,27,24,12)(10,33,22,25,11,41)(19,34,37,20,31,39)(23,32,28,42,38,40)
(1,29,4,36,2,15)(3,24,7,35,10,33)(5,12,16,18,20,6)(8,14,26,25,19,11)(9,40,13,27,23,30)(17,37,32,21,38,31)(22,41,39,42,28,34)
(1,6,36,42,37,22)(2,33,25,41,9,8)(3,15,19,40,39,14)(4,30,18,34,10,31)(5,11,20,32,26,17)(7,16,35,27,38,23)(12,13,29,21,24,28)
(1,15,2,36,4,29)(3,33,10,35,7,24)(5,6,20,18,16,12)(8,11,19,25,26,14)(9,30,23,27,13,40)(17,31,38,21,32,37)(22,34,28,42,39,41)
(1,22,7,39,4,9)(2,17,12,28,16,37)(3,14,23,13,26,10)(5,8,31,32,25,18)(6,41,20,21,29,38)(11,30,40,19,35,24)(15,34,33,42,36,27)
(1,9,4,39,7,22)(2,37,16,28,12,17)(3,10,26,13,23,14)(5,18,25,32,31,8)(6,38,29,21,20,41)(11,24,35,19,40,30)(15,27,36,42,33,34)
(1,21,20,22,18,32)(2,28,10,39,4,13)(3,19,23,9,25,7)(5,42,12,17,36,31)(6,11,38,37,26,16)(8,27,40,14,35,33)(15,34,24,41,29,30)
(1,20,31,42,17,18)(2,23,32,41,35,5)(3,10,7,40,30,27)(4,12,33,34,21,9)(6,38,13,37,16,24)(8,19,22,25,14,36)(11,28,39,26,29,15)
(1,32,18,22,20,21)(2,13,4,39,10,28)(3,7,25,9,23,19)(5,31,36,17,12,42)(6,16,26,37,38,11)(8,33,35,14,40,27)(15,30,29,41,24,34)
(1,6,8,30,14,16)(2,11,34,41,26,4)(3,15,31,17,29,7)(5,33,22,35,12,13)(9,36,23,21,24,32)(10,19,38,42,37,25)(18,20,28,27,40,39)
(1,18,17,42,31,20)(2,5,35,41,32,23)(3,27,30,40,7,10)(4,9,21,34,33,12)(6,24,16,37,13,38)(8,36,14,25,22,19)(11,15,29,26,39,28)
(1,22,37,42,36,6)(2,8,9,41,25,33)(3,14,39,40,19,15)(4,31,10,34,18,30)(5,17,26,32,20,11)(7,23,38,27,35,16)(12,28,24,21,29,13)
(1,13,11,42,24,26)(2,21,38,41,12,16)(3,28,34,40,29,4)(5,39,8,32,15,25)(6,19,27,37,14,7)(9,22,31,33,36,18)(10,17,23,30,20,35)
(1,27,31,10,17,40)(2,21,32,4,35,33)(3,42,7,18,30,20)(5,34,23,9,41,12)(6,19,13,25,16,36)(8,38,22,37,14,24)(11,28,39,26,29,15)
(1,26,24,42,11,13)(2,16,12,41,38,21)(3,4,29,40,34,28)(5,25,15,32,8,39)(6,7,14,37,27,19)(9,18,36,33,31,22)(10,35,20,30,23,17)
(1,23,39,42,35,15)(2,10,37,41,30,6)(3,20,9,40,17,33)(4,38,26,34,16,11)(5,12,22,32,21,36)(7,28,25,27,29,8)(13,19,18,24,14,31)
(1,16,14,30,8,6)(2,4,26,41,34,11)(3,7,29,17,31,15)(5,13,12,35,22,33)(9,32,24,21,23,36)(10,25,37,42,38,19)(18,39,40,27,28,20)
(1,11,36,12,38,18)(2,15,20,24,10,5)(3,6,33,40,37,9)(4,8,19,29,23,27)(7,34,25,14,28,35)(13,30,32,41,39,17)(16,31,42,26,22,21)
(1,18,38,12,36,11)(2,5,10,24,20,15)(3,9,37,40,33,6)(4,27,23,29,19,8)(7,35,28,14,25,34)(13,17,39,41,32,30)(16,21,22,26,42,31)
(1,25,11,29,13,27)(2,36,6,35,3,18)(4,19,15,16,21,5)(7,42,8,26,28,24)(9,10,20,33,30,17)(12,32,34,14,39,38)(22,37,23,40,31,41)
(1,4,18,35,17,14)(2,25,27,30,22,12)(3,26,5,16,9,29)(6,39,24)(7,10,36,21,41,8)(11,32,38,33,28,40)(13,37,15)(19,42,34,31,23,20)
(1,27,13,29,11,25)(2,18,3,35,6,36)(4,5,21,16,15,19)(7,24,28,26,8,42)(9,17,30,33,20,10)(12,38,39,14,34,32)(22,41,31,40,23,37)
(1,25,31,9,20,41)(2,42,8,18,33,17)(3,19,34,5,36,30)(4,32,22,10,40,14)(6,21,11,27,15,35)(7,39,23,37,12,26)(13,28,38,24,29,16)
(1,41,20,9,31,25)(2,17,33,18,8,42)(3,30,36,5,34,19)(4,14,40,10,22,32)(6,35,15,27,11,21)(7,26,12,37,23,39)(13,16,29,24,38,28)
(1,10,12,37,14,9)(2,20,40,41,17,3)(4,23,24,26,22,5)(6,19,33,42,30,21)(7,38,29,39,8,18)(11,36,32,34,35,13)(15,25,31,27,16,28)
(1,9,14,37,12,10)(2,3,17,41,40,20)(4,5,22,26,24,23)(6,21,30,42,33,19)(7,18,8,39,29,38)(11,13,35,34,32,36)(15,28,16,27,31,25)
(1,10,5,38,8,23)(2,9,24,11,22,12)(3,37,15,28,14,20)(4,18,27,34,31,7)(6,39,29,19,17,40)(13,26,36,21,41,33)(16,25,35,42,30,32)
(1,14,17,35,18,4)(2,12,22,30,27,25)(3,29,9,16,5,26)(6,24,39)(7,8,41,21,36,10)(11,40,28,33,38,32)(13,15,37)(19,20,23,31,34,42)
(1,23,8,38,5,10)(2,12,22,11,24,9)(3,20,14,28,15,37)(4,7,31,34,27,18)(6,40,17,19,29,39)(13,33,41,21,36,26)(16,32,30,42,35,25)
(1,12,40,42,21,3)(2,7,20,32,19,13)(4,23,33,25,28,6)(5,14,24,41,27,17)(8,29,37,34,35,9)(10,31,36,39,11,16)(15,26,38,30,18,22)
(1,3,21,42,40,12)(2,13,19,32,20,7)(4,6,28,25,33,23)(5,17,27,41,24,14)(8,9,35,34,37,29)(10,16,11,39,36,31)(15,22,18,30,38,26)
(1,26,30,3,39,31)(2,37,33,5,25,34)(4,41,6,9,32,8)(7,14,16,17,13,22)(10,40,15,18,42,11)(12,29,35,21,28,23)(19,38,20,24,36,27)
(1,31,39,3,30,26)(2,34,25,5,33,37)(4,8,32,9,6,41)(7,22,13,17,16,14)(10,11,42,18,15,40)(12,23,28,21,35,29)(19,27,36,24,20,38)
(1,20,28,8,33,13)(2,23,11,31,6,7)(3,12,19,22,15,32)(4,10,38,34,30,16)(5,40,21,14,36,39)(9,24,42,17,29,25)(18,37,27,41,35,26)
(1,18,39,14,35,13)(2,10,37,41,30,6)(3,4,9,26,17,16)(5,25,22,29,21,7)(8,36,28,12,27,32)(11,20,38,40,34,33)(15,19,23,24,42,31)
(1,27,12,42,7,21)(2,18,29,41,31,28)(3,5,24,40,32,13)(4,35,14,34,23,19)(6,9,15,37,33,39)(8,38,20,25,16,17)(10,36,26,30,22,11)
(1,13,33,8,28,20)(2,7,6,31,11,23)(3,32,15,22,19,12)(4,16,30,34,38,10)(5,39,36,14,21,40)(9,25,29,17,42,24)(18,26,35,41,27,37)
(1,34,26,6,24,32)(2,38,39,3,27,25)(4,11,37,13,5,42)(7,8,41,16,15,40)(9,21,18,19,10,28)(12,31,14,30,29,33)(17,35,36,20,23,22)
(1,32,24,6,26,34)(2,25,27,3,39,38)(4,42,5,13,37,11)(7,40,15,16,41,8)(9,28,10,19,18,21)(12,33,29,30,14,31)(17,22,23,20,36,35)
(1,17,28,7,30,11)(2,14,21,23,16,34)(3,22,13,31,6,8)(4,41,19,12,35,38)(5,9,39,32,33,15)(10,26,42,20,29,27)(18,37,25,40,36,24)
(1,34,18,23,17,19)(2,8,27,10,22,21)(3,11,5,38,9,28)(4,31,35,20,14,42)(6,15,24,37,39,13)(7,30,36,12,41,25)(16,33,29,40,26,32)
(1,11,30,7,28,17)(2,34,16,23,21,14)(3,8,6,31,13,22)(4,38,35,12,19,41)(5,15,33,32,39,9)(10,27,29,20,42,26)(18,24,36,40,25,37)
(1,13,26,42,24,11)(2,7,39,41,27,15)(3,16,25,40,38,8)(4,32,37,34,5,6)(9,30,18,33,10,31)(12,28,14,21,29,19)(17,35,36,20,23,22)
(1,21,7,42,12,27)(2,28,31,41,29,18)(3,13,32,40,24,5)(4,19,23,34,14,35)(6,39,33,37,15,9)(8,17,16,25,20,38)(10,11,22,30,26,36)
(1,40,2,42,3,41)(4,32,6,34,5,37)(7,33,11,27,9,26)(8,24,10,25,13,30)(12,20,19,21,17,14)(15,38,18,39,16,31)(22,29,23,36,28,35)
(1,41,3,42,2,40)(4,37,5,34,6,32)(7,26,9,27,11,33)(8,30,13,25,10,24)(12,14,17,21,19,20)(15,31,16,39,18,38)(22,35,28,36,23,29)
(1,40,13,15,26,19)(2,12,32,6,29,25)(3,24,39,11,14,42)(4,20,7,33,16,36)(5,37,28,8,41,21)(9,38,22,34,17,27)(10,23,31,30,35,18)
(1,19,26,15,13,40)(2,25,29,6,32,12)(3,42,14,11,39,24)(4,36,16,33,7,20)(5,21,41,8,28,37)(9,27,17,34,22,38)(10,18,35,30,31,23)
(1,7,32,42,27,5)(2,16,39,19,35,9)(3,4,13,25,21,18)(6,26,28,36,17,10)(8,12,31,40,34,24)(11,29,22,20,30,37)(14,23,33,41,38,15)
(1,11,24,42,26,13)(2,15,27,41,39,7)(3,8,38,40,25,16)(4,6,5,34,37,32)(9,31,10,33,18,30)(12,19,29,21,14,28)(17,22,23,20,36,35)
(1,29,33,42,28,9)(2,26,6,41,11,37)(3,14,15,40,19,39)(4,16,30,34,38,10)(5,12,36,32,21,22)(7,35,31,27,23,18)(8,24,20,25,13,17)
(1,9,28,42,33,29)(2,37,11,41,6,26)(3,39,19,40,15,14)(4,10,38,34,30,16)(5,22,21,32,36,12)(7,18,23,27,31,35)(8,17,13,25,20,24)
(1,5,27,42,32,7)(2,9,35,19,39,16)(3,18,21,25,13,4)(6,10,17,36,28,26)(8,24,34,40,31,12)(11,37,30,20,22,29)(14,15,38,41,33,23)
(1,31,38,2,33,24)(3,32,27,4,30,37)(5,7,34,10,6,40)(8,23,11,20,15,12)(9,13,42,18,16,41)(14,22,28,19,36,29)(17,39,21,25,35,26)
(1,37,7,9,12,39)(2,38,31,17,29,25)(3,24,32)(4,10,23,22,14,26)(5,40,13)(6,27,33,21,15,42)(8,41,16,18,20,28)(11,34,30,35,36,19)
(1,21,24,16,11,41)(2,42,12,13,38,26)(3,27,29,6,34,14)(4,19,40,7,28,37)(5,35,15,30,8,17)(9,18,36,33,31,22)(10,25,20,32,23,39)
(1,32,3,42,5,40)(2,25,9,41,8,33)(4,39,17,34,15,20)(6,19,18,37,14,31)(7,13,21,27,24,12)(10,26,22,30,11,36)(16,28,35,38,29,23)
(1,40,5,42,3,32)(2,33,8,41,9,25)(4,20,15,34,17,39)(6,31,14,37,18,19)(7,12,24,27,21,13)(10,36,11,30,22,26)(16,23,29,38,35,28)
(1,16,36,42,38,22)(2,30,20,41,10,17)(3,6,33,40,37,9)(4,35,19,34,23,14)(5,13,15,32,24,39)(7,29,25,27,28,8)(11,31,12,26,18,21)
(1,22,38,42,36,16)(2,17,10,41,20,30)(3,9,37,40,33,6)(4,14,23,34,19,35)(5,39,24,32,15,13)(7,8,28,27,25,29)(11,21,18,26,12,31)
(1,39,12,9,7,37)(2,25,29,17,31,38)(3,32,24)(4,26,14,22,23,10)(5,13,40)(6,42,15,21,33,27)(8,28,20,18,16,41)(11,19,36,35,30,34)
(1,35,2,29,3,36)(4,16,6,15,5,18)(7,30,11,24,9,25)(8,27,10,26,13,33)(12,17,19)(14,21,20)(22,42,23,41,28,40)(31,34,38,37,39,32)
(1,36,3,29,2,35)(4,18,5,15,6,16)(7,25,9,24,11,30)(8,33,13,26,10,27)(12,19,17)(14,20,21)(22,40,28,41,23,42)(31,32,39,37,38,34)
(1,11,36,32,37,17)(2,19,25,39,9,3)(4,28,18,13,10,21)(5,6,20,42,26,22)(7,38,35)(8,15,33,40,41,14)(12,34,29,31,24,30)(16,23,27)
(1,17,37,4,35,24)(2,30,38,7,21,40)(3,41,10,16,27,12)(5,14,9,26,18,29)(6,34,23,13,42,20)(8,22,39,25,36,15)(11,31,28,32,19,33)
(1,19,17,23,18,34)(2,21,22,10,27,8)(3,28,9,38,5,11)(4,42,14,20,35,31)(6,13,39,37,24,15)(7,25,41,12,36,30)(16,32,26,40,29,33)
(1,24,35,4,37,17)(2,40,21,7,38,30)(3,12,27,16,10,41)(5,29,18,26,9,14)(6,20,42,13,23,34)(8,15,36,25,39,22)(11,33,19,32,28,31)
(1,17,37,32,36,11)(2,3,9,39,25,19)(4,21,10,13,18,28)(5,22,26,42,20,6)(7,35,38)(8,14,41,40,33,15)(12,30,24,31,29,34)(16,27,23)
(1,12,24,38,11,2)(3,7,29,37,34,19)(4,14,40,27,28,6)(5,23,15,10,8,20)(9,31,36)(13,16,26,41,42,21)(17,32,35,39,30,25)(18,22,33)
(1,38,3,23,5,28)(2,10,9,22,8,11)(4,37,17,31,15,19)(6,20,18,39,14,34)(7,24,21)(12,27,13)(16,40,35,32,29,42)(25,26,41,30,33,36)
(1,28,5,23,3,38)(2,11,8,22,9,10)(4,19,15,31,17,37)(6,34,14,39,18,20)(7,21,24)(12,13,27)(16,42,29,32,35,40)(25,36,33,30,41,26)
(1,7,13,28,11,8)(2,31,3,23,6,22)(4,32,21,38,15,14)(5,12,16,39,19,34)(9,20,30)(10,33,17)(18,40,35,37,36,41)(24,29,26,25,42,27)
(1,2,11,38,24,12)(3,19,34,37,29,7)(4,6,28,27,40,14)(5,20,8,10,15,23)(9,36,31)(13,21,42,41,26,16)(17,25,30,39,35,32)(18,33,22)
(1,34,25)(2,31,19,7,11,32)(3,30,36,12,38,39)(4,8,42)(5,41,18,14,27,26)(6,33,20,23,28,13)(9,17,35,29,24,37)(10,22,21,16,15,40)
(1,25,34)(2,32,11,7,19,31)(3,39,38,12,36,30)(4,42,8)(5,26,27,14,18,41)(6,13,28,23,20,33)(9,37,24,29,35,17)(10,40,15,16,21,22)
(1,3,17,30,31,7)(2,9,35,34,32,12)(4,5,21,41,33,23)(6,22,16,8,13,14)(10,18,27,42,40,20)(11,39,29)(15,28,26)(19,37,36,38,25,24)
(1,7,31,30,17,3)(2,12,32,34,35,9)(4,23,33,41,21,5)(6,14,13,8,16,22)(10,20,40,42,27,18)(11,29,39)(15,26,28)(19,24,25,38,36,37)
(1,31,39,19,35,24)(2,30,37)(3,34,9,11,17,38)(4,33,26,20,16,40)(5,8,22,28,21,27)(6,41,10)(7,32,25,36,29,12)(13,42,18,15,14,23)
(1,24,35,19,39,31)(2,37,30)(3,38,17,11,9,34)(4,40,16,20,26,33)(5,27,21,28,22,8)(6,10,41)(7,12,29,36,25,32)(13,23,14,15,18,42)
(1,22,3,28,2,23)(4,31,5,39,6,38)(7,8,9,13,11,10)(12,14,17,21,19,20)(15,37,16,34,18,32)(24,26,30,27,25,33)(29,41,35,42,36,40)
(1,23,2,28,3,22)(4,38,6,39,5,31)(7,10,11,13,9,8)(12,20,19,21,17,14)(15,32,18,34,16,37)(24,33,25,27,30,26)(29,40,36,42,35,41)
(1,20,37,5,36,26)(2,40,9,15,25,14)(3,33,39,8,19,41)(4,12,10,24,18,29)(6,32,22,11,42,17)(7,23,38,27,35,16)(13,31,28,34,21,30)
(1,34,7,42,4,27)(2,38,12,41,16,21)(3,11,23,40,26,35)(5,8,31,32,25,18)(6,28,20,37,29,17)(9,15,22,33,39,36)(10,24,14,30,13,19)
(1,26,36,5,37,20)(2,14,25,15,9,40)(3,41,19,8,39,33)(4,29,18,24,10,12)(6,17,42,11,22,32)(7,16,35,27,38,23)(13,30,21,34,28,31)
(1,41,11,16,24,21)(2,26,38,13,12,42)(3,14,34,6,29,27)(4,37,28,7,40,19)(5,17,8,30,15,35)(9,22,31,33,36,18)(10,39,23,32,20,25)
(1,27,4,42,7,34)(2,21,16,41,12,38)(3,35,26,40,23,11)(5,18,25,32,31,8)(6,17,29,37,20,28)(9,36,39,33,22,15)(10,19,13,30,14,24)
(1,5,27,42,32,7)(2,15,35,41,39,23)(3,24,21,40,13,12)(4,8,18,34,25,31)(6,29,17,37,28,20)(9,38,19,33,16,14)(10,11,36,30,26,22)
(1,7,32,42,27,5)(2,23,39,41,35,15)(3,12,13,40,21,24)(4,31,25,34,18,8)(6,20,28,37,17,29)(9,14,16,33,19,38)(10,22,26,30,36,11)
(1,25,5,42,8,32)(2,36,24,41,22,13)(3,19,15,40,14,39)(4,18,27,34,31,7)(6,20,29,37,17,28)(9,21,11,33,12,26)(10,35,38,30,23,16)
(1,32,8,42,5,25)(2,13,22,41,24,36)(3,39,14,40,15,19)(4,7,31,34,27,18)(6,28,17,37,29,20)(9,26,12,33,11,21)(10,16,23,30,38,35)
(1,8,34,42,25,4)(2,14,11,41,19,26)(3,22,38,40,36,16)(5,31,27,32,18,7)(6,17,28,37,20,29)(9,23,24,33,35,13)(10,12,15,30,21,39)
(1,4,25,42,34,8)(2,26,19,41,11,14)(3,16,36,40,38,22)(5,7,18,32,27,31)(6,29,20,37,28,17)(9,13,35,33,24,23)(10,39,21,30,15,12)
(1,26,13,42,11,24)(2,37,3,41,6,40)(4,39,21,34,15,12)(5,14,16,32,19,38)(7,25,28,27,8,29)(9,17,30,33,20,10)(18,22,35,31,36,23)
(1,24,11,42,13,26)(2,40,6,41,3,37)(4,12,15,34,21,39)(5,38,19,32,16,14)(7,29,8,27,28,25)(9,10,20,33,30,17)(18,23,36,31,35,22)
(1,11,13,42,26,24)(2,28,32,41,29,5)(3,19,39,40,14,15)(4,38,7,34,16,27)(6,21,25,37,12,8)(9,20,22,33,17,36)(10,23,31,30,35,18)
(1,24,26,42,13,11)(2,5,29,41,32,28)(3,15,14,40,39,19)(4,27,16,34,7,38)(6,8,12,37,25,21)(9,36,17,33,22,20)(10,18,35,30,31,23)
(1,8,11,28,13,7)(2,22,6,23,3,31)(4,14,15,38,21,32)(5,34,19,39,16,12)(9,30,20)(10,17,33)(18,41,36,37,35,40)(24,27,42,25,26,29)
(1,26,36,21,38,31)(2,39,20,13,10,32)(3,37,33)(4,25,19,28,23,7)(5,41,15,17,24,30)(6,9,40)(8,14,29,35,27,34)(11,22,12,16,18,42)
(1,31,38,21,36,26)(2,32,10,13,20,39)(3,33,37)(4,7,23,28,19,25)(5,30,24,17,15,41)(6,40,9)(8,34,27,35,29,14)(11,42,18,16,12,22)
(1,26,30,27,28,20)(2,4,16,35,21,19)(3,25,6,18,13,36)(5,39,33)(7,29,17,42,11,10)(8,37,31,24,22,40)(9,32,15)(12,14,41,34,38,23)
(1,34,2,42,4,41)(3,27,10,40,7,30)(5,38,20,32,16,17)(6,21,18,37,12,31)(8,11,19,25,26,14)(9,24,23,33,13,35)(15,28,36,39,29,22)
(1,41,4,42,2,34)(3,30,7,40,10,27)(5,17,16,32,20,38)(6,31,12,37,18,21)(8,14,26,25,19,11)(9,35,13,33,23,24)(15,22,29,39,36,28)
(1,20,28,27,30,26)(2,19,21,35,16,4)(3,36,13,18,6,25)(5,33,39)(7,10,11,42,17,29)(8,40,22,24,31,37)(9,15,32)(12,23,38,34,41,14)
(1,39,2,22,4,28)(3,9,10,23,7,13)(5,37,20,31,16,21)(6,17,18,38,12,32)(8,26,19)(11,14,25)(15,41,36,34,29,42)(24,40,33,30,35,27)
(1,28,4,22,2,39)(3,13,7,23,10,9)(5,21,16,31,20,37)(6,32,12,38,18,17)(8,19,26)(11,25,14)(15,42,29,34,36,41)(24,27,35,30,33,40)
(1,30,5,16,8,35)(2,33,24,26,22,21)(3,6,15,29,14,17)(4,31,27)(7,34,18)(9,13,11,36,12,41)(10,32,38,25,23,42)(19,20,40,37,39,28)
(1,15,30,42,39,10)(2,8,33,41,25,9)(3,11,31,40,26,18)(4,5,6,34,32,37)(7,24,16,27,13,38)(12,29,35,21,28,23)(14,36,17,19,22,20)
(1,10,28,42,30,29)(2,38,21,41,16,12)(3,37,13,40,6,24)(4,23,19,34,35,14)(5,9,39,32,33,15)(7,20,11,27,17,26)(8,18,22,25,31,36)
(1,14,41,42,19,2)(3,12,17,40,21,20)(4,8,26,34,25,11)(5,29,30,32,28,10)(6,7,22,37,27,36)(9,24,35,33,13,23)(15,16,31,39,38,18)
(1,13,33,41,38,18)(2,16,31,42,24,9)(3,6,30,34,27,5)(4,7,32,40,37,10)(8,21,15,17,11,35)(12,39,20,26,23,25)(14,28,36)(19,29,22)
(1,18,38,41,33,13)(2,9,24,42,31,16)(3,5,27,34,30,6)(4,10,37,40,32,7)(8,35,11,17,15,21)(12,25,23,26,20,39)(14,36,28)(19,22,29)
(1,13,35,34,37,20)(2,3,21,27,38,10)(4,6,17,42,24,23)(5,28,18,11,9,19)(7,16,30,41,40,12)(8,39,36)(14,32,29,31,26,33)(15,22,25)
(1,20,37,34,35,13)(2,10,38,27,21,3)(4,23,24,42,17,6)(5,19,9,11,18,28)(7,12,40,41,30,16)(8,36,39)(14,33,26,31,29,32)(15,25,22)
(1,3,13,39,26,14)(2,21,32,37,29,8)(4,17,7,9,16,22)(5,6,28,25,41,12)(10,35,31)(11,19,42,40,24,15)(18,30,23)(20,27,33,38,36,34)
(1,14,26,39,13,3)(2,8,29,37,32,21)(4,22,16,9,7,17)(5,12,41,25,28,6)(10,31,35)(11,15,24,40,42,19)(18,23,30)(20,34,36,38,33,27)
(1,27,32)(2,38,39,14,35,33)(3,34,13,8,21,31)(4,24,25,12,18,40)(5,42,7)(6,11,28,22,17,30)(9,41,16,15,19,23)(10,37,26,29,36,20)
(1,10,39,42,30,15)(2,9,25,41,33,8)(3,18,26,40,31,11)(4,37,32,34,6,5)(7,38,13,27,16,24)(12,23,28,21,35,29)(14,20,22,19,17,36)
(1,2,20,33,31,8)(3,10,36,32,34,14)(4,19,40,30,22,5)(6,23,15,7,11,12)(9,18,25,42,41,17)(13,38,29)(16,28,24)(21,37,35,39,27,26)
(1,8,31,33,20,2)(3,14,34,32,36,10)(4,5,22,30,40,19)(6,12,11,7,15,23)(9,17,41,42,25,18)(13,29,38)(16,24,28)(21,26,27,39,35,37)
(1,33,14,6,12,30)(2,40,17)(3,20,41)(4,32,22,11,24,35)(5,36,26,13,23,34)(7,31,8,15,29,16)(9,19,37,21,10,42)(18,25,39,28,38,27)
(1,30,12,6,14,33)(2,17,40)(3,41,20)(4,35,24,11,22,32)(5,34,23,13,26,36)(7,16,29,15,8,31)(9,42,10,21,37,19)(18,27,38,28,39,25)
(1,12,20,36,18,5)(2,29,10,15,4,24)(3,14,23,33,25,27)(6,26,38)(7,40,19,35,9,8)(11,16,37)(13,41,28,30,39,34)(17,22,31,32,42,21)
(1,5,18,36,20,12)(2,24,4,15,10,29)(3,27,25,33,23,14)(6,38,26)(7,8,9,35,19,40)(11,37,16)(13,34,39,30,28,41)(17,21,42,32,31,22)
(1,8,34,42,25,4)(2,5,11,27,19,18)(3,15,38,21,36,10)(6,24,28,35,20,9)(7,14,31,41,32,26)(12,22,30,40,39,16)(13,29,23,17,33,37)
(1,36,7,15,4,33)(2,20,12,29,16,6)(3,19,23,24,26,30)(5,25,31)(8,18,32)(9,42,22,27,39,34)(10,40,14,35,13,11)(17,21,28,38,37,41)
(1,33,4,15,7,36)(2,6,16,29,12,20)(3,30,26,24,23,19)(5,31,25)(8,32,18)(9,34,39,27,22,42)(10,11,13,35,14,40)(17,41,37,38,28,21)
(1,16,33,42,38,9)(2,13,31,41,24,18)(3,7,30,40,27,10)(4,6,32,34,37,5)(8,26,15,25,11,39)(12,35,20,21,23,17)(14,29,36,19,28,22)
(1,9,38,42,33,16)(2,18,24,41,31,13)(3,10,27,40,30,7)(4,5,37,34,32,6)(8,39,11,25,15,26)(12,17,23,21,20,35)(14,22,28,19,36,29)
(1,40,21)(2,24,19,5,20,27)(3,12,42)(4,37,28,8,33,35)(6,29,25,9,23,34)(7,41,13,14,32,17)(10,38,11,15,36,18)(16,26,39,22,31,30)
(1,21,40)(2,27,20,5,19,24)(3,42,12)(4,35,33,8,28,37)(6,34,23,9,25,29)(7,17,32,14,13,41)(10,18,36,15,11,38)(16,30,31,22,39,26)
(1,37,8,10,14,38)(2,26,34)(3,39,31,20,29,27)(4,41,11)(5,9,22,23,12,24)(6,25,30,19,16,42)(7,40,15,18,17,28)(13,32,33,36,35,21)
(1,4,25,42,34,8)(2,18,19,27,11,5)(3,10,36,21,38,15)(6,9,20,35,28,24)(7,26,32,41,31,14)(12,16,39,40,30,22)(13,37,33,17,23,29)
(1,38,14,10,8,37)(2,34,26)(3,27,29,20,31,39)(4,11,41)(5,24,12,23,22,9)(6,42,16,19,30,25)(7,28,17,18,15,40)(13,21,35,36,33,32)
(1,11,30,40,39,18)(2,6,33,32,25,4)(3,15,31,42,26,10)(5,8,34,41,37,9)(7,19,16,20,13,36)(12,28,35)(14,38,17,24,22,27)(21,29,23)
(1,18,39,40,30,11)(2,4,25,32,33,6)(3,10,26,42,31,15)(5,9,37,41,34,8)(7,36,13,20,16,19)(12,35,28)(14,27,22,24,17,38)(21,23,29)
(1,17,28,25,33,24)(2,35,11,18,6,27)(3,21,19,36,15,5)(4,30,38)(7,41,23,26,31,37)(8,9,13,42,20,29)(10,16,34)(12,14,22,39,32,40)
(1,24,33,25,28,17)(2,27,6,18,11,35)(3,5,15,36,19,21)(4,38,30)(7,37,31,26,23,41)(8,29,20,42,13,9)(10,34,16)(12,40,32,39,22,14)
(1,24,33,2,38,31)(3,37,30,4,27,32)(5,40,6,10,34,7)(8,12,15,20,11,23)(9,41,16,18,42,13)(14,29,36,19,28,22)(17,26,35,25,21,39)
(1,2,19,42,41,14)(3,11,21,34,17,8)(4,20,25,40,26,12)(5,6,28,27,30,22)(7,10,36,32,37,29)(9,15,13,38,35,31)(16,23,18,33,39,24)
(1,14,41,42,19,2)(3,8,17,34,21,11)(4,12,26,40,25,20)(5,22,30,27,28,6)(7,29,37,32,36,10)(9,31,35,38,13,15)(16,24,39,33,18,23)
(1,12,40,42,21,3)(2,14,20,41,19,17)(4,29,33,34,28,9)(5,7,24,32,27,13)(6,8,23,37,25,35)(10,26,36,30,11,22)(15,31,38,39,18,16)
(1,3,21,42,40,12)(2,17,19,41,20,14)(4,9,28,34,33,29)(5,13,27,32,24,7)(6,35,25,37,23,8)(10,22,11,30,36,26)(15,16,18,39,38,31)
(1,41,19)(2,14,42)(3,26,21,4,17,25)(5,37,28,7,30,36)(6,29,27,10,22,32)(8,40,11,12,34,20)(9,39,13,16,35,18)(15,24,38,23,31,33)
(1,19,41)(2,42,14)(3,25,17,4,21,26)(5,36,30,7,28,37)(6,32,22,10,27,29)(8,20,34,12,11,40)(9,18,35,16,13,39)(15,33,31,23,38,24)
(1,21,14,42,12,19)(2,3,17,41,40,20)(4,13,22,34,24,36)(5,35,26,32,23,11)(6,9,30,37,33,10)(7,28,8,27,29,25)(15,18,16,39,31,38)
(1,19,12,42,14,21)(2,20,40,41,17,3)(4,36,24,34,22,13)(5,11,23,32,26,35)(6,10,33,37,30,9)(7,25,29,27,8,28)(15,38,31,39,16,18)
(1,25,14,42,8,19)(2,4,26,41,34,11)(3,18,29,40,31,28)(5,36,12,32,22,21)(6,10,16,37,30,38)(7,39,17,27,15,20)(9,35,24,33,23,13)
(1,19,8,42,14,25)(2,11,34,41,26,4)(3,28,31,40,29,18)(5,21,22,32,12,36)(6,38,30,37,16,10)(7,20,15,27,17,39)(9,13,23,33,24,35)
(1,17,18,42,20,31)(2,30,4,41,10,34)(3,35,25,40,23,8)(5,21,36,32,12,22)(6,16,26,37,38,11)(7,14,9,27,19,33)(13,29,39,24,28,15)
(1,31,20,42,18,17)(2,34,10,41,4,30)(3,8,23,40,25,35)(5,22,12,32,36,21)(6,11,38,37,26,16)(7,33,19,27,9,14)(13,15,28,24,39,29)
(1,20,18,42,17,31)(2,36,27,41,22,7)(3,33,5,40,9,32)(4,19,35,34,14,23)(6,15,24,37,39,13)(8,12,10,25,21,30)(11,29,38,26,28,16)
(1,31,17,42,18,20)(2,7,22,41,27,36)(3,32,9,40,5,33)(4,23,14,34,35,19)(6,13,39,37,24,15)(8,30,21,25,10,12)(11,16,28,26,38,29)
(1,17,31,42,20,18)(2,9,8,41,33,25)(3,22,34,40,36,4)(5,14,30,32,19,10)(6,39,11,37,15,26)(7,21,23,27,12,35)(13,28,38,24,29,16)
(1,18,20,42,31,17)(2,25,33,41,8,9)(3,4,36,40,34,22)(5,10,19,32,30,14)(6,26,15,37,11,39)(7,35,12,27,23,21)(13,16,29,24,38,28)
(1,6,35,42,37,23)(2,16,21,41,38,12)(3,30,27,40,10,7)(4,13,17,34,24,20)(5,33,18,32,9,31)(8,15,36,25,39,22)(11,29,19,26,28,14)
(1,23,37,42,35,6)(2,12,38,41,21,16)(3,7,10,40,27,30)(4,20,24,34,17,13)(5,31,9,32,18,33)(8,22,39,25,36,15)(11,14,28,26,19,29)
(1,32,27)(2,33,35,14,39,38)(3,31,21,8,13,34)(4,40,18,12,25,24)(5,7,42)(6,30,17,22,28,11)(9,23,19,15,16,41)(10,20,36,29,26,37)
(1,35,8,16,5,30)(2,21,22,26,24,33)(3,17,14,29,15,6)(4,27,31)(7,18,34)(9,41,12,36,11,13)(10,42,23,25,38,32)(19,28,39,37,40,20)
(1,29,30,42,28,10)(2,12,16,41,21,38)(3,24,6,40,13,37)(4,14,35,34,19,23)(5,15,33,32,39,9)(7,26,17,27,11,20)(8,36,31,25,22,18)
(1,4,26,37,24,5)(2,16,39,40,27,8)(3,7,25,41,38,15)(6,13,32,42,34,11)(9,12,18,14,10,29)(17,23,36)(19,30,28,33,21,31)(20,35,22)
(1,5,24,37,26,4)(2,8,27,40,39,16)(3,15,38,41,25,7)(6,11,34,42,32,13)(9,29,10,14,18,12)(17,36,23)(19,31,21,33,28,30)(20,22,35)
(1,2,19,42,41,14)(3,20,21,40,17,12)(4,11,25,34,26,8)(5,10,28,32,30,29)(6,36,27,37,22,7)(9,23,13,33,35,24)(15,18,38,39,31,16)
(1,35,40,22,6,25,38)(2,18,24,14,30,32,28)(3,36,37,8,16,42,23)(4,27,12,17,33,39,11)(5,29,41,31,13,19,10)(7,21,20,9,15,26,34)
(1,25,15,37,30,23,21)(2,18,29,40,34,22,13)(3,4,36,24,41,31,28)(5,26,33,38,17,7,19)(6,10,35,12,42,8,39)(9,16,20,27,14,32,11)
(1,32,15,28,35,10,41)(2,42,5,39,29,23,30)(3,25,24,22,16,20,34)(4,40,8,13,36,38,17)(6,19,27,9,26,12,31)(7,33,11,21,18,37,14)
(1,15,35,41,32,28,10)(2,5,29,30,42,39,23)(3,24,16,34,25,22,20)(4,8,36,17,40,13,38)(6,27,26,31,19,9,12)(7,11,18,14,33,21,37)
(1,28,41,15,10,32,35)(2,39,30,5,23,42,29)(3,22,34,24,20,25,16)(4,13,17,8,38,40,36)(6,9,31,27,12,19,26)(7,21,14,11,37,33,18)
(1,35,32,10,15,41,28)(2,29,42,23,5,30,39)(3,16,25,20,24,34,22)(4,36,40,38,8,17,13)(6,26,19,12,27,31,9)(7,18,33,37,11,14,21)
(1,10,28,32,41,35,15)(2,23,39,42,30,29,5)(3,20,22,25,34,16,24)(4,38,13,40,17,36,8)(6,12,9,19,31,26,27)(7,37,21,33,14,18,11)
(1,41,10,35,28,15,32)(2,30,23,29,39,5,42)(3,34,20,16,22,24,25)(4,17,38,36,13,8,40)(6,31,12,26,9,27,19)(7,14,37,18,21,11,33)
(1,27,23,36,39,6,41)(2,42,7,35,22,15,37)(3,34,12,18,28,33,26)(4,21,31,29,9,11,40)(5,38,20,25,13,30,14)(8,24,10,19,32,16,17)
(1,23,39,41,27,36,6)(2,7,22,37,42,35,15)(3,12,28,26,34,18,33)(4,31,9,40,21,29,11)(5,20,13,14,38,25,30)(8,10,32,17,24,19,16)
(1,22,38,40,25,35,6)(2,14,28,24,32,18,30)(3,8,23,37,42,36,16)(4,17,11,12,39,27,33)(5,31,10,41,19,29,13)(7,9,34,20,26,21,15)
(1,37,21,15,23,25,30)(2,40,13,29,22,18,34)(3,24,28,36,31,4,41)(5,38,19,33,7,26,17)(6,12,39,35,8,10,42)(9,27,11,20,32,16,14)
(1,36,41,23,6,27,39)(2,35,37,7,15,42,22)(3,18,26,12,33,34,28)(4,29,40,31,11,21,9)(5,25,14,20,30,38,13)(8,19,17,10,16,24,32)
(1,39,27,6,23,41,36)(2,22,42,15,7,37,35)(3,28,34,33,12,26,18)(4,9,21,11,31,40,29)(5,13,38,30,20,14,25)(8,32,24,16,10,17,19)
(1,6,36,27,41,39,23)(2,15,35,42,37,22,7)(3,33,18,34,26,28,12)(4,11,29,21,40,9,31)(5,30,25,38,14,13,20)(8,16,19,24,17,32,10)
(1,29,33,34,21,39,10)(2,14,36,31,27,13,37)(3,26,20,8,35,32,38)(4,12,15,30,42,28,9)(5,16,40,11,17,25,23)(6,41,19,22,18,7,24)
(1,33,21,10,29,34,39)(2,36,27,37,14,31,13)(3,20,35,38,26,8,32)(4,15,42,9,12,30,28)(5,40,17,23,16,11,25)(6,19,18,24,41,22,7)
(1,34,10,33,39,29,21)(2,31,37,36,13,14,27)(3,8,38,20,32,26,35)(4,30,9,15,28,12,42)(5,11,23,40,25,16,17)(6,22,24,19,7,41,18)
(1,21,29,39,33,10,34)(2,27,14,13,36,37,31)(3,35,26,32,20,38,8)(4,42,12,28,15,9,30)(5,17,16,25,40,23,11)(6,18,41,7,19,24,22)
(1,39,34,29,10,21,33)(2,13,31,14,37,27,36)(3,32,8,26,38,35,20)(4,28,30,12,9,42,15)(5,25,11,16,23,17,40)(6,7,22,41,24,18,19)
(1,10,39,21,34,33,29)(2,37,13,27,31,36,14)(3,38,32,35,8,20,26)(4,9,28,42,30,15,12)(5,23,25,17,11,40,16)(6,24,7,18,22,19,41)
(1,38,32,29,9,19,30)(2,34,7,24,39,36,17)(3,11,31,12,37,25,35)(4,27,13,15,22,20,41)(5,28,33,14,10,42,16)(6,8,23,40,26,18,21)
(1,32,9,30,38,29,19)(2,7,39,17,34,24,36)(3,31,37,35,11,12,25)(4,13,22,41,27,15,20)(5,33,10,16,28,14,42)(6,23,26,21,8,40,18)
(1,6,35,25,40,38,22)(2,30,18,32,24,28,14)(3,16,36,42,37,23,8)(4,33,27,39,12,11,17)(5,13,29,19,41,10,31)(7,15,21,26,20,34,9)
(1,29,30,32,19,38,9)(2,24,17,7,36,34,39)(3,12,35,31,25,11,37)(4,15,41,13,20,27,22)(5,14,16,33,42,28,10)(6,40,21,23,18,8,26)
(1,23,37,25,21,30,15)(2,22,40,18,13,34,29)(3,31,24,4,28,41,36)(5,7,38,26,19,17,33)(6,8,12,10,39,42,35)(9,32,27,16,11,14,20)
(1,9,38,19,32,30,29)(2,39,34,36,7,17,24)(3,37,11,25,31,35,12)(4,22,27,20,13,41,15)(5,10,28,42,33,16,14)(6,26,8,18,23,21,40)
(1,19,22,33,37,16,27)(2,28,31,40,26,35,5)(3,11,23,32,41,29,18)(4,21,8,20,39,30,24)(6,38,7,42,14,36,9)(10,13,34,12,25,17,15)
(1,22,37,27,19,33,16)(2,31,26,5,28,40,35)(3,23,41,18,11,32,29)(4,8,39,24,21,20,30)(6,7,14,9,38,42,36)(10,34,25,15,13,12,17)
(1,33,27,22,16,19,37)(2,40,5,31,35,28,26)(3,32,18,23,29,11,41)(4,20,24,8,30,21,39)(6,42,9,7,36,38,14)(10,12,15,34,17,13,25)
(1,15,30,21,25,37,23)(2,29,34,13,18,40,22)(3,36,41,28,4,24,31)(5,33,17,19,26,38,7)(6,35,42,39,10,12,8)(9,20,14,11,16,27,32)
(1,30,25,23,15,21,37)(2,34,18,22,29,13,40)(3,41,4,31,36,28,24)(5,17,26,7,33,19,38)(6,42,10,8,35,39,12)(9,14,16,32,20,11,27)
(1,21,23,30,37,15,25)(2,13,22,34,40,29,18)(3,28,31,41,24,36,4)(5,19,7,17,38,33,26)(6,39,8,42,12,35,10)(9,11,32,14,27,20,16)
(1,38,25,6,22,40,35)(2,28,32,30,14,24,18)(3,23,42,16,8,37,36)(4,11,39,33,17,12,27)(5,10,19,13,31,41,29)(7,34,26,15,9,20,21)
(1,40,6,38,35,22,25)(2,24,30,28,18,14,32)(3,37,16,23,36,8,42)(4,12,33,11,27,17,39)(5,41,13,10,29,31,19)(7,20,15,34,21,9,26)
(1,34,16,28,36,9,40)(2,27,26,23,15,17,32)(3,42,4,38,29,22,33)(5,41,7,11,35,39,20)(6,21,25,10,24,14,31)(8,30,13,19,18,37,12)
(1,16,33,19,27,37,22)(2,35,40,28,5,26,31)(3,29,32,11,18,41,23)(4,30,20,21,24,39,8)(6,36,42,38,9,14,7)(10,17,12,13,15,25,34)
(1,27,16,37,33,22,19)(2,5,35,26,40,31,28)(3,18,29,41,32,23,11)(4,24,30,39,20,8,21)(6,9,36,14,42,7,38)(10,15,17,25,12,34,13)
(1,41,6,39,36,23,27)(2,37,15,22,35,7,42)(3,26,33,28,18,12,34)(4,40,11,9,29,31,21)(5,14,30,13,25,20,38)(8,17,16,32,19,10,24)
(1,16,36,40,34,28,9)(2,26,15,32,27,23,17)(3,4,29,33,42,38,22)(5,7,35,20,41,11,39)(6,25,24,31,21,10,14)(8,13,18,12,30,19,37)
(1,19,29,38,30,9,32)(2,36,24,34,17,39,7)(3,25,12,11,35,37,31)(4,20,15,27,41,22,13)(5,42,14,28,16,10,33)(6,18,40,8,21,26,23)
(1,30,19,9,29,32,38)(2,17,36,39,24,7,34)(3,35,25,37,12,31,11)(4,41,20,22,15,13,27)(5,16,42,10,14,33,28)(6,21,18,26,40,23,8)
(1,9,28,34,40,36,16)(2,17,23,27,32,15,26)(3,22,38,42,33,29,4)(5,39,11,41,20,35,7)(6,14,10,21,31,24,25)(8,37,19,30,12,18,13)
(1,28,40,16,9,34,36)(2,23,32,26,17,27,15)(3,38,33,4,22,42,29)(5,11,20,7,39,41,35)(6,10,31,25,14,21,24)(8,19,12,13,37,30,18)
(1,36,34,9,16,40,28)(2,15,27,17,26,32,23)(3,29,42,22,4,33,38)(5,35,41,39,7,20,11)(6,24,21,14,25,31,10)(8,18,30,37,13,12,19)
(1,40,9,36,28,16,34)(2,32,17,15,23,26,27)(3,33,22,29,38,4,42)(5,20,39,35,11,7,41)(6,31,14,24,10,25,21)(8,12,37,18,19,13,30)
(1,25,22,35,38,6,40)(2,32,14,18,28,30,24)(3,42,8,36,23,16,37)(4,39,17,27,11,33,12)(5,19,31,29,10,13,41)(7,26,9,21,34,15,20)
(1,37,19,16,22,27,33)(2,26,28,35,31,5,40)(3,41,11,29,23,18,32)(4,39,21,30,8,24,20)(6,14,38,36,7,9,42)(10,25,13,17,34,15,12)
(1,18,15,19,34,32,22,26)(2,27,33,28,41,7,9,29)(3,35,6,21,30,13,17,16)(4,5,36,11,42,31,39,14)(8,25)(10,24,20,38,40,23,37,12)
(1,6,31,28,42,37,18,29)(2,30,23,21,40,9,36,14)(3,33,22,19,41,10,35,12)(4,16,7,13,32,39,25,26)(5,15,8,11,34,38,27,24)(17,20)
(1,37,31,29,42,6,18,28)(2,9,23,14,40,30,36,21)(3,10,22,12,41,33,35,19)(4,39,7,26,32,16,25,13)(5,38,8,24,34,15,27,11)(17,20)
(1,3,5,9,18,10,4,2)(6,8,17,27,37,25,20,7)(11,14,21,24,39,36,23,16)(12,13,15,22,35,38,26,19)(28,29)(30,34,41,42,40,32,33,31)
(1,10,5,2,18,3,4,9)(6,25,17,7,37,8,20,27)(11,36,21,16,39,14,23,24)(12,38,15,19,35,13,26,22)(28,29)(30,32,41,31,40,34,33,42)
(1,22,13,30,42,36,24,10)(2,14,28,16,34,25,15,37)(3,17,21,35,27,18,5,9)(4,8,39,6,41,19,29,38)(7,31,32,33,40,20,12,23)(11,26)
(1,36,13,10,42,22,24,30)(2,25,28,37,34,14,15,16)(3,18,21,9,27,17,5,35)(4,19,39,38,41,8,29,6)(7,20,32,23,40,31,12,33)(11,26)
(1,30,24,22,42,10,13,36)(2,16,15,14,34,37,28,25)(3,35,5,17,27,9,21,18)(4,6,29,8,41,38,39,19)(7,33,12,31,40,23,32,20)(11,26)
(1,10,24,36,42,30,13,22)(2,37,15,25,34,16,28,14)(3,9,5,18,27,35,21,17)(4,38,29,19,41,6,39,8)(7,23,12,20,40,33,32,31)(11,26)
(1,23,2,7,20,4,12,10)(3,31,19,16,40,18,14,38)(5,22,11,13,33,25,29,37)(6,32,36,26,24,9,8,28)(15,39)(17,34,21,30,42,35,41,27)
(1,4,2,10,20,23,12,7)(3,18,19,38,40,31,14,16)(5,25,11,37,33,22,29,13)(6,9,36,28,24,32,8,26)(15,39)(17,35,21,27,42,34,41,30)
(1,7,12,23,20,10,2,4)(3,16,14,31,40,38,19,18)(5,13,29,22,33,37,11,25)(6,26,8,32,24,28,36,9)(15,39)(17,30,41,34,42,27,21,35)
(1,28,18,6,42,29,31,37)(2,21,36,30,40,14,23,9)(3,19,35,33,41,12,22,10)(4,13,25,16,32,26,7,39)(5,11,27,15,34,24,8,38)(17,20)
(1,40,9,31,27,13,15,25)(2,20,10,23,38,28,11,19)(3,33,18,7,24,39,8,42)(4,12,37,22,34,21,6,36)(5,32)(14,41,17,30,35,16,29,26)
(1,13,9,25,27,40,15,31)(2,28,10,19,38,20,11,23)(3,39,18,42,24,33,8,7)(4,21,37,36,34,12,6,22)(5,32)(14,16,17,26,35,41,29,30)
(1,31,15,40,27,25,9,13)(2,23,11,20,38,19,10,28)(3,7,8,33,24,42,18,39)(4,22,6,12,34,36,37,21)(5,32)(14,30,29,41,35,26,17,16)
(1,25,15,13,27,31,9,40)(2,19,11,28,38,23,10,20)(3,42,8,39,24,7,18,33)(4,36,6,21,34,22,37,12)(5,32)(14,26,29,16,35,30,17,41)
(1,32,15,26,34,18,22,19)(2,7,33,29,41,27,9,28)(3,13,6,16,30,35,17,21)(4,31,36,14,42,5,39,11)(8,25)(10,23,20,12,40,24,37,38)
(1,29,18,37,42,28,31,6)(2,14,36,9,40,21,23,30)(3,12,35,10,41,19,22,33)(4,26,25,39,32,13,7,16)(5,24,27,38,34,11,8,15)(17,20)
(1,26,22,32,34,19,15,18)(2,29,9,7,41,28,33,27)(3,16,17,13,30,21,6,35)(4,14,39,31,42,11,36,5)(8,25)(10,12,37,23,40,38,20,24)
(1,19,22,18,34,26,15,32)(2,28,9,27,41,29,33,7)(3,21,17,35,30,16,6,13)(4,11,39,5,42,14,36,31)(8,25)(10,38,37,24,40,12,20,23)
(1,11,10,27,25,41,16,31)(2,38,18,42,26,30,7,8)(3,28,9,21,39,17,13,22)(4,34)(5,19,37,35,32,14,6,23)(12,15,20,24,36,40,29,33)
(1,41,10,31,25,11,16,27)(2,30,18,8,26,38,7,42)(3,17,9,22,39,28,13,21)(4,34)(5,14,37,23,32,19,6,35)(12,40,20,33,36,15,29,24)
(1,27,16,11,25,31,10,41)(2,42,7,38,26,8,18,30)(3,21,13,28,39,22,9,17)(4,34)(5,35,6,19,32,23,37,14)(12,24,29,15,36,33,20,40)
(1,15,12,8,24,14,5,29)(2,33,23,34,37,17,18,16)(3,36,7,11,40,22,27,26)(4,6,20,31,38,41,9,35)(10,30)(13,19,32,28,42,39,21,25)
(1,14,12,29,24,15,5,8)(2,17,23,16,37,33,18,34)(3,22,7,26,40,36,27,11)(4,41,20,35,38,6,9,31)(10,30)(13,39,32,25,42,19,21,28)
(1,8,5,15,24,29,12,14)(2,34,18,33,37,16,23,17)(3,11,27,36,40,26,7,22)(4,31,9,6,38,35,20,41)(10,30)(13,28,21,19,42,25,32,39)
(1,29,5,14,24,8,12,15)(2,16,18,17,37,34,23,33)(3,26,27,22,40,11,7,36)(4,35,9,41,38,31,20,6)(10,30)(13,25,21,39,42,28,32,19)
(1,14,8,22,31,23,7,12)(2,26,15,9,30,38,13,40)(3,41,11,39,33,10,16,24)(4,29,5,17,34,28,32,20)(6,37)(18,35,27,21,42,19,25,36)
(1,23,8,12,31,14,7,22)(2,38,15,40,30,26,13,9)(3,10,11,24,33,41,16,39)(4,28,5,20,34,29,32,17)(6,37)(18,19,27,36,42,35,25,21)
(1,22,7,14,31,12,8,23)(2,9,13,26,30,40,15,38)(3,39,16,41,33,24,11,10)(4,17,32,29,34,20,5,28)(6,37)(18,21,25,35,42,36,27,19)
(1,12,7,23,31,22,8,14)(2,40,13,38,30,9,15,26)(3,24,16,10,33,39,11,41)(4,20,32,28,34,17,5,29)(6,37)(18,36,25,19,42,21,27,35)
(1,31,16,41,25,27,10,11)(2,8,7,30,26,42,18,38)(3,22,13,17,39,21,9,28)(4,34)(5,23,6,14,32,35,37,19)(12,33,29,40,36,24,20,15)
(1,11,22,21,41,25,29,20)(2,8,28,17,42,26,36,12)(3,34,39,35,40,4,15,23)(5,38,9,27,37,18,24,10)(6,31,13,30,32,16,33,7)(14,19)
(1,16,17,39,42,38,20,15)(2,6,3,13,21,28,19,11)(4,30,9,32,27,23,36,8)(5,7,35,22,25,34,10,33)(12,29,14,26,41,37,40,24)(18,31)
(1,38,17,15,42,16,20,39)(2,28,3,11,21,6,19,13)(4,23,9,8,27,30,36,32)(5,34,35,33,25,7,10,22)(12,37,14,24,41,29,40,26)(18,31)
(1,39,20,16,42,15,17,38)(2,13,19,6,21,11,3,28)(4,32,36,30,27,8,9,23)(5,22,10,7,25,33,35,34)(12,26,40,29,41,24,14,37)(18,31)
(1,15,20,38,42,39,17,16)(2,11,19,28,21,13,3,6)(4,8,36,23,27,32,9,30)(5,33,10,34,25,22,35,7)(12,24,40,37,41,26,14,29)(18,31)
(1,6,8,3,11,5,2,15)(4,33,14,13,34,9,19,24)(7,30,22,21,38,18,20,29)(10,36,12,16,31,17,28,27)(23,35)(25,40,26,32,41,39,42,37)
(1,5,8,15,11,6,2,3)(4,9,14,24,34,33,19,13)(7,18,22,29,38,30,20,21)(10,17,12,27,31,36,28,16)(23,35)(25,39,26,37,41,40,42,32)
(1,3,2,6,11,15,8,5)(4,13,19,33,34,24,14,9)(7,21,20,30,38,29,22,18)(10,16,28,36,31,27,12,17)(23,35)(25,32,42,40,41,37,26,39)
(1,15,2,5,11,3,8,6)(4,24,19,9,34,13,14,33)(7,29,20,18,38,21,22,30)(10,27,28,17,31,16,12,36)(23,35)(25,37,42,39,41,32,26,40)
(1,25,22,20,41,11,29,21)(2,26,28,12,42,8,36,17)(3,4,39,23,40,34,15,35)(5,18,9,10,37,38,24,27)(6,16,13,7,32,31,33,30)(14,19)
(1,5,3,9,17,22,14,8)(2,18,21,39,41,31,12,15)(4,27,13,37,30,23,29,11)(6,10,35,28,26,34,7,24)(16,38)(19,25,42,32,40,33,20,36)
(1,8,14,22,17,9,3,5)(2,15,12,31,41,39,21,18)(4,11,29,23,30,37,13,27)(6,24,7,34,26,28,35,10)(16,38)(19,36,20,33,40,32,42,25)
(1,42)(2,40,5,25,14,21,7,34)(3,32,8,19,12,27,4,41)(6,33,15,36,29,35,16,30)(9,39,22,28,23,38,10,37)(11,20,24,18,26,17,13,31)
(1,21,29,11,41,20,22,25)(2,17,36,8,42,12,28,26)(3,35,15,34,40,23,39,4)(5,27,24,38,37,10,9,18)(6,30,33,31,32,7,13,16)(14,19)
(1,42)(2,21,5,34,14,40,7,25)(3,27,8,41,12,32,4,19)(6,35,15,30,29,33,16,36)(9,38,22,37,23,39,10,28)(11,17,24,31,26,20,13,18)
(1,20,29,25,41,21,22,11)(2,12,36,26,42,17,28,8)(3,23,15,4,40,35,39,34)(5,10,24,18,37,27,9,38)(6,7,33,16,32,30,13,31)(14,19)
(1,42)(2,34,7,21,14,25,5,40)(3,41,4,27,12,19,8,32)(6,30,16,35,29,36,15,33)(9,37,10,38,23,28,22,39)(11,31,13,17,26,18,24,20)
(1,16,14,7,26,12,4,29)(2,35,8,13,41,23,25,24)(3,30,22,32,37,20,18,15)(5,6,17,31,39,40,10,36)(9,33)(11,21,34,28,42,38,19,27)
(1,41,6,24,21,20,9,32)(2,37,13,12,17,33,5,42)(3,40)(4,26,16,29,35,36,18,25)(7,14,30,15,27,19,10,39)(8,34,11,38,28,23,22,31)
(1,2,4,10,18,9,5,3)(6,7,20,25,37,27,17,8)(11,16,23,36,39,24,21,14)(12,19,26,38,35,22,15,13)(28,29)(30,31,33,32,40,42,41,34)
(1,9,4,3,18,2,5,10)(6,27,20,8,37,7,17,25)(11,24,23,14,39,16,21,36)(12,22,26,13,35,19,15,38)(28,29)(30,42,33,34,40,31,41,32)
(1,22,3,8,17,5,14,9)(2,31,21,15,41,18,12,39)(4,23,13,11,30,27,29,37)(6,34,35,24,26,10,7,28)(16,38)(19,33,42,36,40,25,20,32)
(1,6,7,2,13,4,3,16)(5,30,12,11,32,10,21,26)(8,33,23,19,39,18,17,29)(9,35,14,15,31,20,28,25)(22,36)(24,34,40,38,42,37,27,41)
(1,16,3,4,13,2,7,6)(5,26,21,10,32,11,12,30)(8,29,17,18,39,19,23,33)(9,25,28,20,31,15,14,35)(22,36)(24,41,27,37,42,38,40,34)
(1,2,3,6,13,16,7,4)(5,11,21,30,32,26,12,10)(8,19,17,33,39,29,23,18)(9,15,28,35,31,25,14,20)(22,36)(24,38,27,34,42,41,40,37)
(1,19,29,13,40,17,23,27)(2,36,16,32,41,22,38,5)(3,20,35,7,42,14,28,24)(4,25,26,39,37,9,10,18)(6,33,30,31,34,8,11,15)(12,21)
(1,27,23,17,40,13,29,19)(2,5,38,22,41,32,16,36)(3,24,28,14,42,7,35,20)(4,18,10,9,37,39,26,25)(6,15,11,8,34,31,30,33)(12,21)
(1,13,23,19,40,27,29,17)(2,32,38,36,41,5,16,22)(3,7,28,20,42,24,35,14)(4,39,10,25,37,18,26,9)(6,31,11,33,34,15,30,8)(12,21)
(1,17,6,34,19,40,10,26)(2,41)(3,30,11,42,20,37,4,14)(5,35,15,27,36,24,18,29)(7,22,13,31,28,32,23,39)(8,21,33,38,25,12,9,16)
(1,40,6,26,19,17,10,34)(2,41)(3,37,11,14,20,30,4,42)(5,24,15,29,36,35,18,27)(7,32,13,39,28,22,23,31)(8,12,33,16,25,21,9,38)
(1,34,10,17,19,26,6,40)(2,41)(3,42,4,30,20,14,11,37)(5,27,18,35,36,29,15,24)(7,31,23,22,28,39,13,32)(8,38,9,21,25,16,33,12)
(1,26,10,40,19,34,6,17)(2,41)(3,14,4,37,20,42,11,30)(5,29,18,24,36,27,15,35)(7,39,23,32,28,31,13,22)(8,16,9,12,25,38,33,21)
(1,12,14,29,26,16,4,7)(2,23,8,24,41,35,25,13)(3,20,22,15,37,30,18,32)(5,40,17,36,39,6,10,31)(9,33)(11,38,34,27,42,21,19,28)
(1,7,4,16,26,29,14,12)(2,13,25,35,41,24,8,23)(3,32,18,30,37,15,22,20)(5,31,10,6,39,36,17,40)(9,33)(11,28,19,21,42,27,34,38)
(1,29,4,12,26,7,14,16)(2,24,25,23,41,13,8,35)(3,15,18,20,37,32,22,30)(5,36,10,40,39,31,17,6)(9,33)(11,27,19,38,42,28,34,21)
(1,34,16,24,32,18,23,21)(2,11,6,15,33,36,20,19)(3,8,30,29,40,25,10,28)(4,38,13,5,31,35,12,42)(7,27)(9,22,17,14,41,26,37,39)
(1,18,16,21,32,34,23,24)(2,36,6,19,33,11,20,15)(3,25,30,28,40,8,10,29)(4,35,13,42,31,38,12,5)(7,27)(9,26,17,39,41,22,37,14)
(1,24,23,34,32,21,16,18)(2,15,20,11,33,19,6,36)(3,29,10,8,40,28,30,25)(4,5,12,38,31,42,13,35)(7,27)(9,14,37,22,41,39,17,26)
(1,21,23,18,32,24,16,34)(2,19,20,36,33,15,6,11)(3,28,10,25,40,29,30,8)(4,42,12,35,31,5,13,38)(7,27)(9,39,37,26,41,14,17,22)
(1,4,7,16,13,6,3,2)(5,10,12,26,32,30,21,11)(8,18,23,29,39,33,17,19)(9,20,14,25,31,35,28,15)(22,36)(24,37,40,41,42,34,27,38)
(1,10,12,4,20,7,2,23)(3,38,14,18,40,16,19,31)(5,37,29,25,33,13,11,22)(6,28,8,9,24,26,36,32)(15,39)(17,27,41,35,42,30,21,34)
(1,9,14,5,17,8,3,22)(2,39,12,18,41,15,21,31)(4,37,29,27,30,11,13,23)(6,28,7,10,26,24,35,34)(16,38)(19,32,20,25,40,36,42,33)
(1,35,11,9,42,23,26,33)(2,18,19,10,25,20,4,36)(3,27,28,37,32,12,16,15)(5,21,38,39,40,7,29,6)(8,17,34,22,41,31,14,30)(13,24)
(1,23,11,33,42,35,26,9)(2,20,19,36,25,18,4,10)(3,12,28,15,32,27,16,37)(5,7,38,6,40,21,29,39)(8,31,34,30,41,17,14,22)(13,24)
(1,9,26,35,42,33,11,23)(2,10,4,18,25,36,19,20)(3,37,16,27,32,15,28,12)(5,39,29,21,40,6,38,7)(8,22,14,17,41,30,34,31)(13,24)
(1,42)(2,25,7,40,14,34,5,21)(3,19,4,32,12,41,8,27)(6,36,16,33,29,30,15,35)(9,28,10,39,23,37,22,38)(11,18,13,20,26,31,24,17)
(1,33,26,23,42,9,11,35)(2,36,4,20,25,10,19,18)(3,15,16,12,32,37,28,27)(5,6,29,7,40,39,38,21)(8,30,14,31,41,22,34,17)(13,24)
(1,32,9,20,21,24,6,41)(2,42,5,33,17,12,13,37)(3,40)(4,25,18,36,35,29,16,26)(7,39,10,19,27,15,30,14)(8,31,22,23,28,38,11,34)
(1,24,9,41,21,32,6,20)(2,12,5,37,17,42,13,33)(3,40)(4,29,18,26,35,25,16,36)(7,15,10,14,27,39,30,19)(8,38,22,34,28,31,11,23)
(1,20,6,32,21,41,9,24)(2,33,13,42,17,37,5,12)(3,40)(4,36,16,25,35,26,18,29)(7,19,30,39,27,14,10,15)(8,23,11,31,28,34,22,38)
(1,17,29,27,40,19,23,13)(2,22,16,5,41,36,38,32)(3,14,35,24,42,20,28,7)(4,9,26,18,37,25,10,39)(6,8,30,15,34,33,11,31)(12,21)
(1,17,29,8,41,12,22,26)(2,21,36,11,42,20,28,25)(3,35,15,34,40,23,39,4)(5,30,24,31,37,7,9,16)(6,27,33,38,32,10,13,18)
(1,41,4,30,18,33,5,40)(2,34,10,31,9,32,3,42)(6,27,20,8,37,7,17,25)(11,38,23,22,39,13,21,19)(12,14,26,16,35,36,15,24)
(1,33,26,23,42,9,11,35)(2,30,4,31,25,22,19,17)(3,6,16,7,32,39,28,21)(5,15,29,12,40,37,38,27)(8,36,14,20,41,10,34,18)
(1,9,26,35,42,33,11,23)(2,22,4,17,25,30,19,31)(3,39,16,21,32,6,28,7)(5,37,29,27,40,15,38,12)(8,10,14,18,41,36,34,20)
(1,23,11,33,42,35,26,9)(2,31,19,30,25,17,4,22)(3,7,28,6,32,21,16,39)(5,12,38,15,40,27,29,37)(8,20,34,36,41,18,14,10)
(1,33,4,40,18,41,5,30)(2,32,10,42,9,34,3,31)(6,7,20,25,37,27,17,8)(11,13,23,19,39,38,21,22)(12,36,26,24,35,14,15,16)
(1,35,11,9,42,23,26,33)(2,17,19,22,25,31,4,30)(3,21,28,39,32,7,16,6)(5,27,38,37,40,12,29,15)(8,18,34,10,41,20,14,36)
(1,15,20,38,42,39,17,16)(2,24,19,37,21,26,3,29)(4,5,36,10,27,25,9,35)(6,12,11,40,28,41,13,14)(7,8,33,23,34,32,22,30)
(1,39,20,16,42,15,17,38)(2,26,19,29,21,24,3,37)(4,25,36,35,27,5,9,10)(6,41,11,14,28,12,13,40)(7,32,33,30,34,8,22,23)
(2,3,5,8,14,12,7,4)(6,9,15,22,29,23,16,10)(11,17,24,31,26,20,13,18)(19,21,27,34,41,40,32,25)(28,35,38,30,37,33,39,36)
(2,12,5,4,14,3,7,8)(6,23,15,10,29,9,16,22)(11,20,24,18,26,17,13,31)(19,40,27,25,41,21,32,34)(28,33,38,36,37,35,39,30)
(2,8,7,3,14,4,5,12)(6,22,16,9,29,10,15,23)(11,31,13,17,26,18,24,20)(19,34,32,21,41,25,27,40)(28,30,39,35,37,36,38,33)
(2,4,7,12,14,8,5,3)(6,10,16,23,29,22,15,9)(11,18,13,20,26,31,24,17)(19,25,32,40,41,34,27,21)(28,36,39,33,37,30,38,35)
(1,38,17,15,42,16,20,39)(2,37,3,24,21,29,19,26)(4,10,9,5,27,35,36,25)(6,40,13,12,28,14,11,41)(7,23,22,8,34,30,33,32)
(1,16,17,39,42,38,20,15)(2,29,3,26,21,37,19,24)(4,35,9,25,27,10,36,5)(6,14,13,41,28,40,11,12)(7,30,22,32,34,23,33,8)
(1,28,4,21,26,27,14,38)(2,13,25,35,41,24,8,23)(3,39,18,17,37,5,22,10)(6,32,36,30,40,15,31,20)(7,19,16,42,29,34,12,11)
(1,8,15,24,27,18,9,3)(2,14,11,29,38,35,10,17)(4,22,6,12,34,36,37,21)(7,31,33,40,42,25,39,13)(16,23,30,20,41,19,26,28)
(1,26,22,12,41,8,29,17)(2,25,28,20,42,11,36,21)(3,4,39,23,40,34,15,35)(5,16,9,7,37,31,24,30)(6,18,13,10,32,38,33,27)
(1,8,22,17,41,26,29,12)(2,11,28,21,42,25,36,20)(3,34,39,35,40,4,15,23)(5,31,9,30,37,16,24,7)(6,38,13,27,32,18,33,10)
(1,12,29,26,41,17,22,8)(2,20,36,25,42,21,28,11)(3,23,15,4,40,35,39,34)(5,7,24,16,37,30,9,31)(6,10,33,18,32,27,13,38)
(1,30,5,41,18,40,4,33)(2,31,3,34,9,42,10,32)(6,8,17,27,37,25,20,7)(11,22,21,38,39,19,23,13)(12,16,15,14,35,24,26,36)
(1,13,9,2,21,5,6,17)(4,28,18,11,35,8,16,22)(7,39,10,19,27,15,30,14)(12,32,37,20,42,24,33,41)(23,25,38,36,34,29,31,26)
(1,5,9,17,21,13,6,2)(4,8,18,22,35,28,16,11)(7,15,10,14,27,39,30,19)(12,24,37,41,42,32,33,20)(23,29,38,26,34,25,31,36)
(1,2,6,13,21,17,9,5)(4,11,16,28,35,22,18,8)(7,19,30,39,27,14,10,15)(12,20,33,32,42,41,37,24)(23,36,31,25,34,26,38,29)
(1,17,6,5,21,2,9,13)(4,22,16,8,35,11,18,28)(7,14,30,15,27,19,10,39)(12,41,33,24,42,20,37,32)(23,26,31,29,34,36,38,25)
(1,18,15,3,27,8,9,24)(2,35,11,17,38,14,10,29)(4,36,6,21,34,22,37,12)(7,25,33,13,42,31,39,40)(16,19,30,28,41,23,26,20)
(1,24,9,8,27,3,15,18)(2,29,10,14,38,17,11,35)(4,12,37,22,34,21,6,36)(7,40,39,31,42,13,33,25)(16,20,26,23,41,28,30,19)
(1,3,9,18,27,24,15,8)(2,17,10,35,38,29,11,14)(4,21,37,36,34,12,6,22)(7,13,39,25,42,40,33,31)(16,28,26,19,41,20,30,23)
(1,27,12,35,20,30,2,34)(3,38,14,18,40,16,19,31)(4,42,7,21,23,17,10,41)(5,24,29,36,33,6,11,8)(9,37,26,25,32,13,28,22)
(1,30,12,34,20,27,2,35)(3,16,14,31,40,38,19,18)(4,17,7,41,23,42,10,21)(5,6,29,8,33,24,11,36)(9,13,26,22,32,37,28,25)
(1,35,2,27,20,34,12,30)(3,18,19,38,40,31,14,16)(4,21,10,42,23,41,7,17)(5,36,11,24,33,8,29,6)(9,25,28,37,32,22,26,13)
(1,34,2,30,20,35,12,27)(3,31,19,16,40,18,14,38)(4,41,10,17,23,21,7,42)(5,8,11,6,33,36,29,24)(9,22,28,13,32,25,26,37)
(1,41,3,37,13,38,7,34)(2,40,6,24,16,27,4,42)(5,26,21,10,32,11,12,30)(8,14,17,9,39,28,23,31)(15,29,35,18,25,19,20,33)
(1,38,3,34,13,41,7,37)(2,27,6,42,16,40,4,24)(5,11,21,30,32,26,12,10)(8,28,17,31,39,14,23,9)(15,19,35,33,25,29,20,18)
(1,37,7,41,13,34,3,38)(2,24,4,40,16,42,6,27)(5,10,12,26,32,30,21,11)(8,9,23,14,39,31,17,28)(15,18,20,29,25,33,35,19)
(1,34,7,38,13,37,3,41)(2,42,4,27,16,24,6,40)(5,30,12,11,32,10,21,26)(8,31,23,28,39,9,17,14)(15,33,20,19,25,18,35,29)
(1,21,7,35,31,36,8,19)(2,3,13,16,30,33,15,11)(4,17,32,29,34,20,5,28)(9,39,26,41,40,24,38,10)(12,27,23,18,22,25,14,42)
(1,36,7,19,31,21,8,35)(2,33,13,11,30,3,15,16)(4,20,32,28,34,17,5,29)(9,24,26,10,40,39,38,41)(12,25,23,42,22,27,14,18)
(1,35,8,21,31,19,7,36)(2,16,15,3,30,11,13,33)(4,29,5,17,34,28,32,20)(9,41,38,39,40,10,26,24)(12,18,14,27,22,42,23,25)
(1,19,8,36,31,35,7,21)(2,11,15,33,30,16,13,3)(4,28,5,20,34,29,32,17)(9,10,38,24,40,41,26,39)(12,42,14,25,22,18,23,27)
(1,11,10,3,19,4,6,20)(5,28,18,13,36,7,15,23)(8,38,9,21,25,16,33,12)(14,34,37,17,42,26,30,40)(22,27,39,35,32,29,31,24)
(1,4,10,20,19,11,6,3)(5,7,18,23,36,28,15,13)(8,16,9,12,25,38,33,21)(14,26,37,40,42,34,30,17)(22,29,39,24,32,27,31,35)
(1,3,6,11,19,20,10,4)(5,13,15,28,36,23,18,7)(8,21,33,38,25,12,9,16)(14,17,30,34,42,40,37,26)(22,35,31,27,32,24,39,29)
(1,20,6,4,19,3,10,11)(5,23,15,7,36,13,18,28)(8,12,33,16,25,21,9,38)(14,40,30,26,42,17,37,34)(22,24,31,29,32,35,39,27)
(1,24,23,14,40,7,29,20)(2,5,38,22,41,32,16,36)(3,27,28,17,42,13,35,19)(4,15,10,8,37,31,26,33)(6,18,11,9,34,39,30,25)
(1,7,23,20,40,24,29,14)(2,32,38,36,41,5,16,22)(3,13,28,19,42,27,35,17)(4,31,10,33,37,15,26,8)(6,39,11,25,34,18,30,9)
(1,14,29,24,40,20,23,7)(2,22,16,5,41,36,38,32)(3,17,35,27,42,19,28,13)(4,8,26,15,37,33,10,31)(6,9,30,18,34,25,11,39)
(1,20,29,7,40,14,23,24)(2,36,16,32,41,22,38,5)(3,19,35,13,42,17,28,27)(4,33,26,31,37,8,10,15)(6,25,30,39,34,9,11,18)
(1,12,23,31,32,13,16,4)(2,14,20,22,33,39,6,26)(3,29,10,8,40,28,30,25)(5,24,38,34,42,21,35,18)(9,15,37,11,41,19,17,36)
(1,13,23,4,32,12,16,31)(2,39,20,26,33,14,6,22)(3,28,10,25,40,29,30,8)(5,21,38,18,42,24,35,34)(9,19,37,36,41,15,17,11)
(1,31,16,12,32,4,23,13)(2,22,6,14,33,26,20,39)(3,8,30,29,40,25,10,28)(5,34,35,24,42,18,38,21)(9,11,17,15,41,36,37,19)
(1,4,16,13,32,31,23,12)(2,26,6,39,33,22,20,14)(3,25,30,28,40,8,10,29)(5,18,35,21,42,34,38,24)(9,36,17,19,41,11,37,15)
(1,18,16,2,25,7,10,26)(3,36,13,20,39,12,9,29)(5,35,6,19,32,23,37,14)(8,27,30,11,42,31,38,41)(15,21,33,28,40,22,24,17)
(1,7,16,26,25,18,10,2)(3,12,13,29,39,36,9,20)(5,23,6,14,32,35,37,19)(8,31,30,41,42,27,38,11)(15,22,33,17,40,21,24,28)
(1,2,10,18,25,26,16,7)(3,20,9,36,39,29,13,12)(5,19,37,35,32,14,6,23)(8,11,38,27,42,41,30,31)(15,28,24,21,40,17,33,22)
(1,26,10,7,25,2,16,18)(3,29,9,12,39,20,13,36)(5,14,37,23,32,19,6,35)(8,41,38,31,42,11,30,27)(15,17,24,22,40,28,33,21)
(1,27,4,38,26,28,14,21)(2,24,25,23,41,13,8,35)(3,5,18,10,37,39,22,17)(6,15,36,20,40,32,31,30)(7,34,16,11,29,19,12,42)
(1,21,14,28,26,38,4,27)(2,35,8,13,41,23,25,24)(3,17,22,39,37,10,18,5)(6,30,31,32,40,20,36,15)(7,42,12,19,29,11,16,34)
(1,39,2,32,11,40,8,37)(3,25,6,42,15,41,5,26)(4,13,19,33,34,24,14,9)(7,28,20,31,38,12,22,10)(16,21,36,30,27,29,17,18)
(1,40,2,37,11,39,8,32)(3,41,6,26,15,25,5,42)(4,24,19,9,34,13,14,33)(7,12,20,10,38,28,22,31)(16,29,36,18,27,21,17,30)
(1,32,8,39,11,37,2,40)(3,42,5,25,15,26,6,41)(4,33,14,13,34,9,19,24)(7,31,22,28,38,10,20,12)(16,30,17,21,27,18,36,29)
(1,33,14,32,17,25,3,36)(2,15,12,31,41,39,21,18)(4,6,29,7,30,26,13,35)(5,20,8,40,22,42,9,19)(10,11,24,23,34,37,28,27)
(1,28,18,6,42,29,31,37)(2,19,36,33,40,12,23,10)(3,21,35,30,41,14,22,9)(4,11,25,15,32,24,7,38)(5,13,27,16,34,26,8,39)
(1,29,18,37,42,28,31,6)(2,12,36,10,40,19,23,33)(3,14,35,9,41,21,22,30)(4,24,25,38,32,11,7,15)(5,26,27,39,34,13,8,16)
(1,6,31,28,42,37,18,29)(2,33,23,19,40,10,36,12)(3,30,22,21,41,9,35,14)(4,15,7,11,32,38,25,24)(5,16,8,13,34,39,27,26)
(1,37,31,29,42,6,18,28)(2,10,23,12,40,33,36,19)(3,9,22,14,41,30,35,21)(4,38,7,24,32,15,25,11)(5,39,8,26,34,16,27,13)
(1,38,14,27,26,21,4,28)(2,23,8,24,41,35,25,13)(3,10,22,5,37,17,18,39)(6,20,31,15,40,30,36,32)(7,11,12,34,29,42,16,19)
(1,11,22,5,34,14,15,31)(2,28,9,27,41,29,33,7)(3,38,17,24,30,12,6,23)(4,19,39,18,42,26,36,32)(10,21,37,35,40,16,20,13)
(1,14,22,31,34,11,15,5)(2,29,9,7,41,28,33,27)(3,12,17,23,30,38,6,24)(4,26,39,32,42,19,36,18)(10,16,37,13,40,21,20,35)
(1,5,15,11,34,31,22,14)(2,27,33,28,41,7,9,29)(3,24,6,38,30,23,17,12)(4,18,36,19,42,32,39,26)(10,35,20,21,40,13,37,16)
(1,31,15,14,34,5,22,11)(2,7,33,29,41,27,9,28)(3,23,6,12,30,24,17,38)(4,32,36,26,42,18,39,19)(10,13,20,16,40,35,37,21)
(1,25,5,39,24,28,12,19)(2,4,18,9,37,38,23,20)(3,26,27,22,40,11,7,36)(6,16,35,17,41,34,31,33)(8,32,15,13,29,21,14,42)
(1,28,5,19,24,25,12,39)(2,38,18,20,37,4,23,9)(3,11,27,36,40,26,7,22)(6,34,35,33,41,16,31,17)(8,21,15,42,29,32,14,13)
(1,22,13,30,42,36,24,10)(2,8,28,6,34,19,15,38)(3,31,21,33,27,20,5,23)(4,14,39,16,41,25,29,37)(7,17,32,35,40,18,12,9)
(1,36,13,10,42,22,24,30)(2,19,28,38,34,8,15,6)(3,20,21,23,27,31,5,33)(4,25,39,37,41,14,29,16)(7,18,32,9,40,17,12,35)
(1,30,24,22,42,10,13,36)(2,6,15,8,34,38,28,19)(3,33,5,31,27,23,21,20)(4,16,29,14,41,37,39,25)(7,35,12,17,40,9,32,18)
(1,10,24,36,42,30,13,22)(2,38,15,19,34,6,28,8)(3,23,5,20,27,33,21,31)(4,37,29,25,41,16,39,14)(7,9,12,18,40,35,32,17)
(1,39,12,25,24,19,5,28)(2,9,23,4,37,20,18,38)(3,22,7,26,40,36,27,11)(6,17,31,16,41,33,35,34)(8,13,14,32,29,42,15,21)
(1,19,12,28,24,39,5,25)(2,20,23,38,37,9,18,4)(3,36,7,11,40,22,27,26)(6,33,31,34,41,17,35,16)(8,42,14,21,29,13,15,32)
(1,32,3,33,17,36,14,25)(2,31,21,15,41,18,12,39)(4,7,13,6,30,35,29,26)(5,40,9,20,22,19,8,42)(10,23,28,11,34,27,24,37)
(1,36,3,25,17,32,14,33)(2,18,21,39,41,31,12,15)(4,35,13,26,30,7,29,6)(5,19,9,42,22,40,8,20)(10,27,28,37,34,23,24,11)
(1,37,8,40,11,32,2,39)(3,26,5,41,15,42,6,25)(4,9,14,24,34,33,19,13)(7,10,22,12,38,31,20,28)(16,18,17,29,27,30,36,21)
(1,25,14,36,17,33,3,32)(2,39,12,18,41,15,21,31)(4,26,29,35,30,6,13,7)(5,42,8,19,22,20,9,40)(10,37,24,27,34,11,28,23)
(1,40,5,33,18,30,4,41)(2,42,3,32,9,31,10,34)(6,25,17,7,37,8,20,27)(11,19,21,13,39,22,23,38)(12,24,15,36,35,16,26,14)
(1,7,16,6,33,36,19,42,27,38,37,9,22,14)(2,32,35,11,40,18,28,41,5,23,26,3,31,29)(4,13,30,15,20,25,21,34,24,10,39,17,8,12)
(1,12,29,15,33,30,34,42,21,28,39,9,10,4)(2,7,14,24,36,6,31,41,27,19,13,22,37,18)(3,23,26,5,20,16,8,40,35,11,32,17,38,25)
(1,28,33,4,21,15,10,42,29,9,34,12,39,30)(2,19,36,18,27,24,37,41,14,22,31,7,13,6)(3,11,20,25,35,5,38,40,26,17,8,23,32,16)
(1,15,34,28,10,12,33,42,39,4,29,30,21,9)(2,24,31,19,37,7,36,41,13,18,14,6,27,22)(3,5,8,11,38,23,20,40,32,25,26,16,35,17)
(1,30,39,12,34,9,29,42,10,15,21,4,33,28)(2,6,13,7,31,22,14,41,37,24,27,18,36,19)(3,16,32,23,8,17,26,40,38,5,35,25,20,11)
(1,9,21,30,29,4,39,42,33,12,10,28,34,15)(2,22,27,6,14,18,13,41,36,7,37,19,31,24)(3,17,35,16,26,25,32,40,20,23,38,11,8,5)
(1,38,36,3,34,29,9,42,16,22,40,4,28,33)(2,11,15,5,27,35,17,41,26,39,32,7,23,20)(6,8,24,18,21,30,14,37,25,13,31,12,10,19)
(1,9,27,36,16,14,37,42,33,7,22,38,19,6)(2,3,5,18,35,29,26,41,40,32,31,23,28,11)(4,17,24,25,30,12,39,34,20,13,8,10,21,15)
(1,36,37,7,19,9,16,42,22,6,27,14,33,38)(2,18,26,32,28,3,35,41,31,11,5,29,40,23)(4,25,39,13,21,17,30,34,8,15,24,12,20,10)
(1,14,22,9,37,38,27,42,19,36,33,6,16,7)(2,29,31,3,26,23,5,41,28,18,40,11,35,32)(4,12,8,17,39,10,24,34,21,25,20,15,30,13)
(1,29,40,38,9,4,36,42,28,3,16,33,34,22)(2,35,32,11,17,7,15,41,23,5,26,20,27,39)(6,30,31,8,14,12,24,37,10,18,25,19,21,13)
(1,3,9,22,28,38,34,42,40,33,36,29,16,4)(2,5,17,39,23,11,27,41,32,20,15,35,26,7)(6,18,14,13,10,8,21,37,31,19,24,30,25,12)
(1,22,34,33,16,3,28,42,36,4,9,38,40,29)(2,39,27,20,26,5,23,41,15,7,17,11,32,35)(6,13,21,19,25,18,10,37,24,12,14,8,31,30)
(1,4,16,29,36,33,40,42,34,38,28,22,9,3)(2,7,26,35,15,20,32,41,27,11,23,39,17,5)(6,12,25,30,24,19,31,37,21,8,10,13,14,18)
(1,33,28,4,40,22,16,42,9,29,34,3,36,38)(2,20,23,7,32,39,26,41,17,35,27,5,15,11)(6,19,10,12,31,13,25,37,14,30,21,18,24,8)
(1,38,33,14,27,6,22,42,16,9,19,7,37,36)(2,23,40,29,5,11,31,41,35,3,28,32,26,18)(4,10,20,12,24,15,8,34,30,17,21,13,39,25)
(1,6,19,38,22,7,33,42,37,14,16,36,27,9)(2,11,28,23,31,32,40,41,26,29,35,18,5,3)(4,15,21,10,8,13,20,34,39,12,30,25,24,17)
(1,2,10,23,28,39,32,42,41,30,35,29,15,5)(3,4,20,38,22,13,25,40,34,17,16,36,24,8)(6,18,12,11,9,7,19,37,31,21,26,33,27,14)
(1,23,32,30,15,2,28,42,35,5,10,39,41,29)(3,38,25,17,24,4,22,40,16,8,20,13,34,36)(6,11,19,21,27,18,9,37,26,14,12,7,31,33)
(1,39,35,2,32,29,10,42,15,23,41,5,28,30)(3,13,16,4,25,36,20,40,24,38,34,8,22,17)(6,7,26,18,19,33,12,37,27,11,31,14,9,21)
(1,30,28,5,41,23,15,42,10,29,32,2,35,39)(3,17,22,8,34,38,24,40,20,36,25,4,16,13)(6,21,9,14,31,11,27,37,12,33,19,18,26,7)
(1,29,41,39,10,5,35,42,28,2,15,30,32,23)(3,36,34,13,20,8,16,40,22,4,24,17,25,38)(6,33,31,7,12,14,26,37,9,18,27,21,19,11)
(1,4,10,9,39,28,21,42,34,30,33,15,29,12)(2,18,37,22,13,19,27,41,31,6,36,24,14,7)(3,25,38,17,32,11,35,40,8,16,20,5,26,23)
(1,2,6,15,36,35,27,42,41,37,39,22,23,7)(3,11,33,29,18,21,34,40,26,9,28,31,12,4)(5,19,30,24,25,17,38,32,14,10,13,8,20,16)
(1,15,27,37,23,2,36,42,39,7,6,35,41,22)(3,29,34,9,12,11,18,40,28,4,33,21,26,31)(5,24,38,10,20,19,25,32,13,16,30,17,14,8)
(1,35,37,8,21,10,15,42,23,6,25,12,30,39)(2,36,40,31,13,4,29,41,22,3,18,24,34,28)(5,27,38,11,19,20,33,32,7,16,26,14,17,9)
(1,8,15,6,30,35,21,42,25,39,37,10,23,12)(2,31,29,3,34,36,13,41,18,28,40,4,22,24)(5,11,33,16,17,27,19,32,26,9,38,20,7,14)
(1,37,35,8,40,16,22,42,6,23,25,3,38,36)(2,10,18,5,24,29,14,41,30,31,32,13,28,19)(4,9,27,15,12,26,17,34,33,7,39,21,11,20)
(1,8,22,23,38,37,40,42,25,36,35,16,6,3)(2,5,14,31,28,10,24,41,32,19,18,29,30,13)(4,15,17,7,11,9,12,34,39,20,27,26,33,21)
(1,16,25,37,22,3,35,42,38,8,6,36,40,23)(2,29,32,10,14,13,18,41,28,5,30,19,24,31)(4,26,39,9,17,21,27,34,11,15,33,20,12,7)
(1,23,40,36,6,8,38,42,35,3,22,37,25,16)(2,31,24,19,30,5,28,41,18,13,14,10,32,29)(4,7,12,20,33,15,11,34,27,21,17,9,39,26)
(1,3,6,16,35,36,25,42,40,37,38,23,22,8)(2,13,30,29,18,19,32,41,24,10,28,31,14,5)(4,21,33,26,27,20,39,34,12,9,11,7,17,15)
(1,36,38,3,25,23,6,42,22,16,40,8,35,37)(2,19,28,13,32,31,30,41,14,29,24,5,18,10)(4,20,11,21,39,7,33,34,17,26,12,15,27,9)
(1,10,25,35,15,12,37,42,30,8,23,39,21,6)(2,4,18,36,29,24,40,41,34,31,22,28,13,3)(5,20,26,27,33,14,38,32,17,11,7,9,19,16)
(1,28,30,5,19,16,9,42,29,10,32,14,38,33)(2,13,17,27,36,4,39,41,24,20,7,22,34,15)(3,21,35,18,25,26,37,40,12,23,31,8,11,6)
(1,37,36,7,41,15,23,42,6,22,27,2,39,35)(3,9,18,4,26,29,12,40,33,31,34,11,28,21)(5,10,25,16,14,24,20,32,30,8,38,19,13,17)
(1,22,41,35,6,7,39,42,36,2,23,37,27,15)(3,31,26,21,33,4,28,40,18,11,12,9,34,29)(5,8,14,17,30,16,13,32,25,19,20,10,38,24)
(1,10,19,33,29,5,38,42,30,14,9,28,32,16)(2,20,36,15,24,27,34,41,17,22,39,13,7,4)(3,23,25,6,12,18,11,40,35,8,37,21,31,26)
(1,7,23,22,39,37,41,42,27,35,36,15,6,2)(3,4,12,31,28,9,26,40,34,21,18,29,33,11)(5,16,20,8,13,10,14,32,38,17,25,24,30,19)
(1,6,21,39,23,8,30,42,37,12,15,35,25,10)(2,3,13,28,22,31,34,41,40,24,29,36,18,4)(5,16,19,9,7,11,17,32,38,14,33,27,26,20)
(1,12,23,10,37,39,25,42,21,35,30,6,15,8)(2,24,22,4,40,28,18,41,13,36,34,3,29,31)(5,14,7,20,38,9,26,32,19,27,17,16,33,11)
(1,39,30,12,25,6,23,42,15,10,21,8,37,35)(2,28,34,24,18,3,22,41,29,4,13,31,40,36)(5,9,17,14,26,16,7,32,33,20,19,11,38,27)
(1,33,38,14,32,10,29,42,9,16,19,5,30,28)(2,15,34,22,7,20,24,41,39,4,36,27,17,13)(3,6,11,8,31,23,12,40,37,26,25,18,35,21)
(1,5,9,10,38,28,19,42,32,33,30,16,29,14)(2,27,39,20,34,13,36,41,7,15,17,4,24,22)(3,18,37,23,11,21,25,40,31,6,35,26,12,8)
(1,14,29,16,30,33,32,42,19,28,38,10,9,5)(2,22,24,4,17,15,7,41,36,13,34,20,39,27)(3,8,12,26,35,6,31,40,25,21,11,23,37,18)
(1,16,32,28,9,14,30,42,38,5,29,33,19,10)(2,4,7,13,39,22,17,41,34,27,24,15,36,20)(3,26,31,21,37,8,35,40,11,18,12,6,25,23)
(1,35,39,2,27,22,6,42,23,15,41,7,36,37)(3,21,28,11,34,31,33,40,12,29,26,4,18,9)(5,17,13,19,38,8,30,32,20,24,14,16,25,10)
(1,5,15,29,35,30,41,42,32,39,28,23,10,2)(3,8,24,36,16,17,34,40,25,13,22,38,20,4)(6,14,27,33,26,21,31,37,19,7,9,11,12,18)