(1,19)(2,29)(3,20)(4,38)(5,15)(6,11)(7,27)(8,31)(9,13)(10,21)(12,17)(14,41)(16,33)(18,32)(22,42)(23,34)(24,30)(25,37)(26,35)(28,39)(36,40)
(1,28)(2,26)(3,16)(4,37)(5,25)(6,7)(8,24)(9,18)(10,34)(11,30)(12,14)(13,33)(15,32)(17,40)(19,36)(20,38)(21,27)(22,31)(23,42)(29,39)(35,41)
(1,13)(2,33)(3,31)(4,19)(5,12)(6,25)(7,14)(8,27)(9,36)(10,21)(11,22)(15,39)(16,30)(17,35)(18,37)(20,41)(23,29)(24,34)(26,28)(32,42)(38,40)
(1,6)(2,13)(3,16)(4,14)(5,10)(7,17)(8,30)(9,29)(11,19)(12,27)(15,21)(18,25)(20,33)(22,36)(23,28)(24,31)(26,35)(32,37)(34,39)(38,41)(40,42)
(1,12)(2,19)(3,25)(4,33)(5,13)(6,31)(7,23)(8,34)(9,20)(10,11)(14,29)(15,38)(16,32)(17,26)(18,37)(21,22)(24,27)(28,35)(30,42)(36,41)(39,40)
(1,15)(2,16)(3,41)(4,42)(5,40)(6,9)(7,11)(8,17)(10,14)(12,39)(13,38)(18,37)(19,30)(20,25)(21,29)(22,23)(24,28)(26,27)(31,36)(32,33)(34,35)
(1,26)(2,12)(3,18)(4,32)(5,20)(6,34)(7,8)(9,25)(10,31)(11,22)(13,38)(14,19)(15,33)(16,37)(17,28)(21,30)(23,24)(27,42)(29,36)(35,40)(39,41)
(1,40)(2,41)(3,16)(4,9)(5,15)(6,42)(7,23)(8,24)(10,21)(11,22)(12,39)(13,38)(14,29)(17,28)(18,37)(19,36)(20,33)(25,32)(26,35)(27,34)(30,31)
(1,29)(2,41)(3,13)(4,5)(6,21)(7,30)(8,11)(9,15)(10,42)(12,35)(14,40)(16,38)(17,19)(18,33)(20,37)(22,24)(23,31)(25,32)(26,39)(27,34)(28,36)
(1,41)(2,40)(3,15)(4,9)(5,16)(6,42)(7,22)(8,21)(10,24)(11,23)(12,39)(13,37)(14,28)(17,29)(18,38)(19,35)(20,32)(25,33)(26,36)(27,31)(30,34)
(1,40)(2,32)(3,10)(4,23)(5,31)(6,38)(7,9)(8,39)(11,26)(12,24)(13,42)(14,29)(15,30)(16,21)(17,36)(18,20)(19,28)(22,35)(25,41)(27,34)(33,37)
(1,27)(2,35)(3,36)(4,18)(5,30)(6,13)(7,33)(8,24)(9,37)(10,17)(11,25)(12,39)(14,29)(15,31)(16,19)(20,23)(21,28)(22,32)(26,41)(34,40)(38,42)
(1,25)(2,14)(3,39)(4,30)(5,15)(6,22)(7,23)(8,13)(9,31)(10,26)(11,42)(12,16)(17,33)(18,36)(19,37)(20,28)(21,35)(24,38)(27,34)(29,41)(32,40)
(1,22)(2,23)(3,5)(4,12)(6,42)(7,41)(8,25)(9,39)(10,20)(11,40)(13,34)(14,17)(15,16)(18,31)(19,36)(21,33)(24,32)(26,35)(27,38)(28,29)(30,37)
(1,24)(2,10)(3,37)(4,9)(5,19)(6,27)(7,35)(8,40)(11,13)(12,31)(14,20)(15,36)(16,18)(17,28)(21,41)(22,38)(23,26)(25,32)(29,33)(30,39)(34,42)
(1,17)(2,20)(3,16)(4,27)(5,39)(6,23)(7,42)(8,19)(9,34)(10,18)(11,22)(12,15)(13,35)(14,32)(21,37)(24,36)(25,29)(26,38)(28,40)(30,31)(33,41)
(1,38)(2,34)(3,14)(4,36)(5,28)(6,42)(7,31)(8,20)(9,19)(10,21)(11,37)(12,26)(13,40)(15,17)(16,29)(18,22)(23,30)(24,33)(25,32)(27,41)(35,39)
(1,40)(2,42)(3,9)(4,16)(5,15)(6,41)(7,21)(8,28)(10,23)(11,29)(12,38)(13,39)(14,22)(17,24)(18,37)(19,32)(20,31)(25,36)(26,34)(27,35)(30,33)
(1,40)(2,28)(3,4)(5,18)(6,24)(7,10)(8,42)(9,16)(11,27)(12,36)(13,32)(14,26)(15,37)(17,41)(19,39)(20,33)(21,23)(22,34)(25,38)(29,35)(30,31)
(1,39)(2,41)(3,32)(4,11)(5,24)(6,35)(7,23)(8,15)(9,22)(10,33)(12,40)(13,27)(14,37)(16,25)(17,30)(18,29)(19,36)(20,21)(26,42)(28,31)(34,38)
(1,42)(2,41)(3,16)(4,15)(5,9)(6,40)(7,28)(8,22)(10,29)(11,24)(12,37)(13,38)(14,21)(17,23)(18,39)(19,31)(20,35)(25,34)(26,33)(27,32)(30,36)
(1,32)(2,18)(3,12)(4,26)(5,34)(6,20)(7,23)(8,24)(9,35)(10,30)(11,17)(13,38)(14,36)(15,27)(16,39)(19,29)(21,31)(22,28)(25,40)(33,42)(37,41)
(1,40)(2,39)(3,21)(4,7)(5,33)(6,36)(8,32)(9,23)(10,16)(11,22)(12,41)(13,28)(14,27)(15,20)(17,38)(18,30)(19,42)(24,25)(26,35)(29,34)(31,37)
(1,36)(2,30)(3,27)(4,13)(5,35)(6,18)(7,20)(8,14)(9,38)(10,21)(11,32)(12,39)(15,26)(16,34)(17,28)(19,40)(22,25)(23,33)(24,29)(31,41)(37,42)
(1,18)(2,6)(3,8)(4,17)(5,15)(7,26)(9,28)(10,27)(11,14)(12,30)(13,20)(16,24)(19,36)(21,34)(22,29)(23,35)(25,32)(31,39)(33,38)(37,40)(41,42)
(1,31)(2,37)(3,29)(4,35)(5,17)(6,42)(7,38)(8,24)(9,26)(10,25)(11,34)(12,19)(13,23)(14,16)(15,28)(18,41)(20,33)(21,32)(22,27)(30,40)(36,39)
(1,33)(2,41)(3,34)(4,22)(5,8)(6,37)(7,19)(9,11)(10,39)(12,21)(13,25)(14,35)(15,24)(16,27)(17,28)(18,42)(20,40)(23,36)(26,29)(30,31)(32,38)
(1,8)(2,21)(3,26)(4,9)(5,38)(6,30)(7,18)(10,41)(11,36)(12,34)(13,15)(14,29)(16,35)(17,25)(19,22)(20,33)(23,37)(24,40)(27,39)(28,32)(31,42)
(1,2)(3,11)(4,9)(5,7)(6,12)(8,10)(13,26)(14,25)(15,23)(16,22)(17,20)(18,19)(21,24)(27,34)(28,33)(29,32)(30,31)(35,38)(36,37)(39,42)(40,41)
(1,30)(2,15)(3,35)(4,29)(5,41)(6,8)(7,25)(9,14)(10,38)(11,22)(12,39)(13,21)(16,26)(17,18)(19,36)(23,32)(24,42)(27,34)(28,37)(31,40)
(1,34)(2,22)(3,17)(4,20)(5,15)(6,42)(7,37)(8,12)(9,33)(10,36)(11,41)(13,38)(16,28)(18,23)(19,21)(24,39)(25,26)(27,40)(30,31)(32,35)
(1,9)(2,7)(3,24)(4,40)(5,32)(6,26)(8,16)(10,21)(11,12)(13,38)(14,30)(15,25)(17,37)(18,28)(20,33)(22,39)(23,41)(27,34)(29,31)(35,42)
(1,40)(2,36)(3,16)(4,10)(5,27)(6,28)(8,38)(9,21)(11,33)(12,39)(13,24)(14,18)(15,34)(17,42)(19,41)(20,22)(25,32)(26,30)(29,37)(31,35)
(1,20)(2,17)(3,22)(4,34)(5,42)(6,15)(7,39)(8,18)(9,27)(10,19)(11,16)(12,23)(13,38)(14,29)(21,36)(24,37)(25,32)(26,35)(28,41)(33,40)
(1,11)(2,9)(3,33)(4,41)(5,21)(6,19)(7,12)(8,24)(10,15)(13,29)(14,38)(16,20)(17,27)(18,37)(22,40)(23,39)(25,32)(28,34)(30,31)(36,42)
(1,21)(2,41)(3,19)(4,9)(5,11)(6,33)(7,13)(10,40)(12,29)(14,39)(15,22)(16,36)(17,34)(18,37)(20,42)(23,38)(25,30)(26,35)(27,28)(31,32)
(1,5)(2,4)(3,6)(7,29)(8,24)(9,41)(10,22)(11,21)(12,13)(14,23)(15,40)(16,42)(17,28)(19,33)(20,36)(25,31)(26,35)(27,34)(30,32)(38,39)
(1,37)(2,41)(3,28)(4,24)(6,42)(7,34)(8,9)(10,35)(11,22)(12,33)(13,31)(14,29)(16,17)(18,40)(19,25)(20,39)(21,26)(23,27)(30,38)(32,36)
(1,10)(3,38)(4,9)(5,15)(6,14)(7,36)(8,24)(11,22)(12,20)(13,16)(17,31)(18,26)(19,23)(21,40)(25,27)(28,30)(29,42)(32,34)(33,39)(35,37)
(1,40)(2,41)(3,23)(5,22)(6,39)(7,16)(8,24)(10,21)(11,15)(12,42)(13,36)(14,33)(17,32)(18,35)(19,38)(20,29)(25,28)(26,37)(27,30)(31,34)
(1,3)(2,5)(4,6)(7,23)(8,29)(9,42)(10,28)(11,22)(13,18)(14,24)(15,41)(16,40)(17,21)(19,34)(20,33)(25,32)(26,31)(27,36)(30,35)(37,38)
(1,14)(2,25)(3,42)(4,31)(5,23)(6,16)(7,15)(8,26)(9,30)(10,13)(11,39)(12,22)(17,28)(18,37)(19,36)(20,33)(21,38)(24,35)(29,40)(32,41)
(1,23)(2,31)(3,16)(4,25)(5,14)(6,42)(7,40)(8,35)(9,32)(10,12)(11,38)(13,22)(15,29)(18,37)(19,20)(21,39)(24,26)(27,34)(30,41)(33,36)
(1,7)(2,11)(3,16)(4,39)(5,15)(8,33)(9,12)(10,32)(13,30)(14,29)(17,28)(18,27)(19,26)(20,24)(21,25)(22,41)(23,40)(31,38)(34,37)(35,36)
(1,40)(2,38)(4,21)(5,29)(6,42)(7,23)(8,36)(9,10)(11,31)(12,32)(13,41)(14,15)(17,28)(18,34)(19,24)(20,26)(22,30)(25,39)(27,37)(33,35)
(1,16)(2,27)(3,40)(4,28)(5,36)(6,10)(7,23)(8,37)(9,17)(11,20)(12,39)(13,14)(15,19)(18,24)(21,42)(22,33)(26,35)(29,38)(30,31)(34,41)
(2,8)(3,16)(4,9)(5,37)(6,17)(7,23)(10,21)(11,35)(12,25)(13,19)(14,34)(15,18)(20,30)(22,26)(24,41)(27,29)(28,42)(31,33)(32,39)(36,38)
(1,4)(2,3)(5,6)(7,24)(8,23)(9,40)(10,21)(11,28)(12,18)(14,29)(15,42)(16,41)(17,22)(19,36)(20,34)(25,35)(26,32)(27,33)(30,31)(37,39)
(1,35)(2,41)(3,30)(4,8)(5,15)(6,29)(7,32)(9,24)(10,37)(12,39)(13,17)(14,42)(16,31)(18,21)(19,27)(20,33)(23,25)(26,40)(28,38)(34,36)
(1,40)(2,24)(3,7)(4,9)(5,26)(6,32)(8,41)(11,18)(12,28)(13,38)(14,31)(15,35)(16,23)(17,39)(19,36)(20,27)(22,37)(25,42)(29,30)(33,34)
(1,11)(2,7)(3,15)(4,39)(5,16)(8,32)(9,12)(10,33)(13,27)(14,28)(17,29)(18,30)(20,21)(22,40)(23,41)(24,25)(31,37)(34,38)
(1,12)(3,25)(4,22)(5,8)(6,26)(9,11)(10,20)(13,34)(14,18)(15,24)(16,32)(17,31)(21,33)(27,38)(28,30)(29,37)(35,42)(39,40)
(1,30)(2,18)(3,14)(4,26)(5,28)(7,13)(9,35)(10,32)(11,27)(12,36)(15,17)(16,29)(19,39)(21,25)(22,34)(23,38)(31,40)(37,41)
(2,6)(3,4)(7,10)(8,17)(9,16)(11,14)(12,13)(19,25)(20,30)(21,23)(22,29)(24,28)(26,27)(31,33)(32,36)(34,35)(38,39)(41,42)
(2,17)(3,9)(4,16)(5,37)(6,8)(7,21)(10,23)(11,34)(12,19)(13,25)(14,35)(15,18)(22,27)(24,42)(26,29)(28,41)(32,38)(36,39)
(2,25)(3,21)(4,7)(5,30)(6,13)(8,12)(9,23)(10,16)(11,35)(15,31)(17,19)(18,33)(20,37)(22,26)(24,39)(28,36)(32,41)(38,42)
(1,24)(2,10)(3,35)(5,13)(6,31)(7,37)(8,40)(11,19)(12,27)(15,38)(16,26)(17,32)(18,23)(21,41)(22,36)(25,28)(30,42)(34,39)
(1,28)(2,33)(4,34)(5,12)(6,7)(8,36)(9,27)(10,37)(13,26)(14,25)(15,39)(17,40)(18,21)(19,24)(20,41)(23,42)(29,32)(35,38)
(1,13)(2,27)(3,29)(4,19)(5,17)(7,30)(8,33)(9,36)(11,18)(12,35)(14,16)(15,28)(20,24)(22,37)(23,31)(26,39)(34,41)(38,40)
(1,25)(2,37)(3,39)(4,35)(5,27)(6,33)(9,26)(10,31)(11,28)(12,16)(14,19)(15,34)(17,22)(18,41)(20,42)(21,30)(29,36)(32,40)
(1,8)(2,21)(3,18)(5,36)(6,34)(7,26)(10,41)(11,38)(12,30)(13,22)(14,33)(15,19)(16,37)(20,29)(23,35)(24,40)(27,42)(31,39)
(1,34)(2,26)(3,19)(4,37)(5,31)(6,38)(7,20)(9,18)(10,28)(11,32)(13,42)(15,30)(16,36)(17,21)(22,25)(23,33)(27,40)(35,41)
(1,6)(4,5)(7,17)(8,11)(9,15)(10,14)(12,18)(19,30)(20,26)(21,29)(22,24)(23,28)(25,27)(31,36)(32,34)(33,35)(37,39)(40,42)
(1,2)(3,5)(7,11)(8,10)(13,18)(14,17)(15,16)(19,26)(20,25)(21,24)(22,23)(27,30)(28,29)(31,34)(32,33)(35,36)(37,38)(40,41)
(1,20)(3,27)(4,11)(5,24)(6,18)(7,36)(8,15)(9,22)(10,12)(13,32)(14,26)(16,34)(19,23)(21,39)(25,38)(29,35)(33,40)(37,42)
(1,38)(2,20)(3,30)(4,36)(5,39)(6,32)(7,29)(8,34)(9,19)(12,15)(13,40)(14,23)(16,31)(17,26)(24,27)(25,42)(28,35)(33,41)
(1,37)(2,42)(3,24)(4,28)(6,41)(7,35)(8,16)(9,17)(10,34)(11,29)(12,31)(13,33)(14,22)(18,40)(20,38)(21,27)(23,26)(30,39)
(1,14)(3,38)(4,15)(5,9)(6,10)(7,31)(8,22)(11,24)(12,26)(13,16)(17,36)(18,20)(19,28)(21,42)(23,30)(29,40)(33,37)(35,39)
(1,32)(2,29)(3,12)(4,31)(6,11)(8,38)(9,30)(10,35)(13,24)(14,41)(16,39)(17,20)(18,19)(21,26)(22,42)(25,40)(28,33)(36,37)
(1,19)(2,31)(3,34)(4,38)(5,26)(6,37)(7,33)(8,29)(9,13)(11,25)(14,24)(15,35)(16,27)(18,42)(20,23)(22,32)(30,41)(36,40)
(1,17)(2,35)(4,18)(5,32)(6,23)(7,42)(9,37)(10,27)(11,31)(12,29)(13,20)(14,39)(15,25)(21,34)(22,30)(26,41)(28,40)(33,38)
(1,35)(2,39)(3,37)(4,25)(5,33)(6,27)(7,24)(8,23)(9,32)(10,30)(12,41)(14,36)(15,20)(16,18)(19,29)(21,31)(26,40)(34,42)
(1,36)(2,14)(3,33)(4,13)(6,22)(7,34)(8,30)(9,38)(11,42)(12,28)(16,20)(17,39)(18,25)(19,40)(23,27)(24,31)(29,41)(32,37)
(1,42)(2,38)(4,29)(5,21)(6,40)(7,28)(8,31)(9,14)(10,15)(11,36)(12,34)(13,41)(17,23)(18,32)(19,22)(24,30)(25,37)(27,39)
(1,5)(2,3)(4,6)(7,22)(8,28)(9,42)(10,29)(11,23)(14,21)(15,40)(16,41)(17,24)(19,31)(20,32)(25,33)(26,34)(27,35)(30,36)
(1,39)(2,36)(3,32)(4,20)(5,38)(6,30)(8,27)(9,33)(10,22)(11,21)(12,40)(13,15)(16,25)(17,35)(19,41)(24,34)(26,28)(31,42)
(1,41)(2,40)(3,22)(5,23)(6,39)(7,15)(8,21)(10,24)(11,16)(12,42)(13,35)(14,32)(17,33)(18,36)(19,37)(20,28)(25,29)(26,38)
(2,12)(3,10)(4,23)(5,20)(6,19)(7,9)(8,25)(13,17)(14,34)(15,33)(16,21)(18,31)(24,32)(27,29)(28,38)(30,37)(36,42)(39,41)
(1,7)(2,30)(4,32)(5,29)(8,26)(9,25)(10,39)(11,13)(12,21)(14,15)(17,28)(19,33)(20,36)(22,38)(23,40)(24,35)(31,41)
(1,26)(3,31)(4,24)(6,14)(7,25)(8,9)(10,18)(11,22)(13,28)(16,30)(17,38)(19,34)(21,37)(23,32)(27,36)(29,42)(35,40)
(1,18)(3,17)(4,8)(5,15)(7,27)(9,24)(10,26)(12,20)(13,30)(16,28)(19,32)(21,35)(23,34)(25,36)(31,38)(33,39)(37,40)
(1,4)(2,23)(3,8)(5,25)(6,35)(7,41)(9,40)(11,39)(12,22)(14,31)(15,32)(16,24)(17,18)(19,36)(26,42)(28,37)(29,30)
(1,29)(2,32)(3,6)(4,30)(5,7)(8,35)(9,31)(10,38)(11,12)(13,21)(14,40)(15,23)(16,42)(22,39)(24,26)(25,41)(27,34)
(1,3)(2,34)(4,17)(5,19)(6,21)(8,18)(9,28)(10,42)(11,33)(13,29)(14,38)(15,36)(16,40)(20,22)(24,37)(25,32)(27,41)
(1,22)(2,4)(3,20)(5,10)(6,36)(7,39)(9,41)(11,40)(12,23)(13,14)(15,21)(16,33)(17,34)(19,42)(26,35)(27,28)(29,38)
(1,10)(3,36)(5,22)(6,20)(7,38)(8,24)(11,15)(12,14)(13,23)(16,19)(17,27)(21,40)(25,31)(28,34)(29,39)(30,32)(33,42)
(1,21)(2,41)(3,13)(6,29)(7,19)(10,40)(12,33)(14,42)(16,38)(17,30)(18,35)(20,39)(23,36)(25,34)(26,37)(27,32)(28,31)
(1,15)(2,9)(3,42)(4,41)(5,40)(6,16)(7,14)(10,11)(12,38)(13,39)(18,37)(19,20)(21,22)(23,29)(25,30)(31,32)(33,36)
(1,40)(2,24)(5,18)(6,28)(8,41)(11,26)(12,32)(13,36)(14,27)(15,37)(17,42)(19,38)(20,31)(22,35)(25,39)(29,34)(30,33)
(1,33)(2,28)(3,11)(4,27)(5,6)(7,12)(8,37)(9,34)(10,36)(15,42)(16,22)(17,41)(18,24)(19,21)(20,40)(23,39)(30,31)
(1,31)(2,5)(3,26)(4,14)(6,24)(7,32)(8,42)(9,29)(10,13)(15,41)(16,35)(17,37)(18,28)(20,33)(21,38)(23,25)(30,40)
(3,7)(4,9)(5,11)(6,12)(13,19)(14,20)(15,22)(16,23)(17,25)(18,26)(27,31)(28,32)(29,33)(30,34)(35,37)(36,38)(39,42)
(2,8)(3,23)(5,35)(6,25)(7,16)(10,21)(11,37)(12,17)(14,30)(15,26)(18,22)(20,34)(24,41)(27,33)(28,39)(29,31)(32,42)
(2,13)(3,16)(4,10)(5,14)(8,19)(9,21)(11,30)(12,25)(15,29)(18,27)(20,35)(22,31)(24,36)(26,33)(32,39)(34,37)(38,41)
(1,9)(2,16)(3,41)(4,40)(5,42)(6,15)(7,8)(11,17)(12,37)(13,38)(18,39)(20,27)(22,28)(23,24)(25,26)(32,35)(33,34)
(1,23)(2,22)(4,12)(6,42)(7,40)(8,20)(9,39)(10,25)(11,41)(13,31)(18,34)(19,35)(21,32)(24,33)(26,36)(27,37)(30,38)
(1,27)(2,11)(3,28)(4,33)(7,18)(8,39)(9,20)(10,19)(12,24)(14,29)(16,17)(21,36)(22,41)(23,37)(25,35)(26,32)(34,40)
(1,16)(2,15)(3,40)(4,42)(5,41)(6,9)(8,14)(10,17)(12,39)(13,37)(18,38)(19,27)(21,28)(24,29)(26,30)(31,35)(34,36)
(2,19)(4,21)(5,34)(6,17)(7,23)(8,13)(9,10)(11,20)(14,37)(15,27)(18,29)(22,33)(24,38)(26,31)(28,42)(30,35)(36,41)
(1,17,8)(2,23,34)(3,18,4)(5,32,36)(6,35,21)(7,27,41)(9,16,37)(10,42,26)(11,39,33)(12,20,22)(13,29,30)(14,31,38)(15,25,19)(24,40,28)
(1,29,33)(2,32,28)(3,5,12)(4,31,34)(6,11,7)(8,35,37)(9,30,27)(10,38,36)(13,19,21)(14,20,40)(15,39,16)(17,41,25)(18,24,26)(22,23,42)
(1,7,3)(2,30,34)(4,25,28)(5,13,33)(6,21,12)(8,26,18)(9,32,17)(10,39,42)(11,29,19)(14,36,22)(15,38,20)(16,40,23)(24,35,37)(27,41,31)
(1,21,9)(2,3,38)(4,40,10)(5,42,14)(6,29,15)(7,19,8)(11,17,30)(12,34,26)(13,41,16)(18,32,20)(22,28,31)(23,36,24)(25,33,37)(27,35,39)
(1,9,21)(2,38,3)(4,10,40)(5,14,42)(6,15,29)(7,8,19)(11,30,17)(12,26,34)(13,16,41)(18,20,32)(22,31,28)(23,24,36)(25,37,33)(27,39,35)
(1,16,7)(2,14,26)(3,23,40)(4,42,32)(5,31,24)(6,25,9)(8,15,30)(10,28,12)(11,13,37)(17,39,21)(18,22,38)(19,27,33)(20,36,34)(29,35,41)
(1,7,16)(2,26,14)(3,40,23)(4,32,42)(5,24,31)(6,9,25)(8,30,15)(10,12,28)(11,37,13)(17,21,39)(18,38,22)(19,33,27)(20,34,36)(29,41,35)
(1,25,13)(2,22,5)(3,26,36)(4,12,14)(6,8,33)(7,30,21)(9,39,29)(10,23,31)(11,15,41)(16,35,19)(17,37,27)(18,34,28)(20,42,24)(32,38,40)
(1,13,25)(2,5,22)(3,36,26)(4,14,12)(6,33,8)(7,21,30)(9,29,39)(10,31,23)(11,41,15)(16,19,35)(17,27,37)(18,28,34)(20,24,42)(32,40,38)
(1,11,35)(2,24,4)(3,20,31)(5,18,10)(6,27,13)(7,39,25)(8,9,41)(12,32,23)(14,28,36)(15,37,21)(16,33,30)(17,19,29)(22,26,40)(34,38,42)
(1,3,7)(2,34,30)(4,28,25)(5,33,13)(6,12,21)(8,18,26)(9,17,32)(10,42,39)(11,19,29)(14,22,36)(15,20,38)(16,23,40)(24,37,35)(27,31,41)
(1,35,11)(2,4,24)(3,31,20)(5,10,18)(6,13,27)(7,25,39)(8,41,9)(12,23,32)(14,36,28)(15,21,37)(16,30,33)(17,29,19)(22,40,26)(34,42,38)
(1,8,17)(2,34,23)(3,4,18)(5,36,32)(6,21,35)(7,41,27)(9,37,16)(10,26,42)(11,33,39)(12,22,20)(13,30,29)(14,38,31)(15,19,25)(24,28,40)
(1,33,29)(2,28,32)(3,12,5)(4,34,31)(6,7,11)(8,37,35)(9,27,30)(10,36,38)(13,21,19)(14,40,20)(15,16,39)(17,25,41)(18,26,24)(22,42,23)
(1,12,2)(3,20,8)(4,23,22)(5,10,25)(6,19,26)(7,11,9)(13,31,14)(15,21,32)(16,33,24)(17,34,18)(27,37,28)(29,38,30)(35,42,36)(39,41,40)
(1,2,12)(3,8,20)(4,22,23)(5,25,10)(6,26,19)(7,9,11)(13,14,31)(15,32,21)(16,24,33)(17,18,34)(27,28,37)(29,30,38)(35,36,42)(39,40,41)
(1,30,20)(2,6,18)(3,26,11)(4,14,27)(5,28,24)(7,32,12)(8,15,17)(9,29,34)(10,13,36)(16,35,22)(19,21,38)(23,25,39)(31,33,40)(37,41,42)
(1,23,3)(2,20,18)(4,12,17)(5,19,35)(6,10,32)(7,16,40)(8,22,34)(9,39,28)(11,27,24)(13,31,29)(14,38,30)(15,36,26)(21,25,42)(33,37,41)
(1,3,23)(2,18,20)(4,17,12)(5,35,19)(6,32,10)(7,40,16)(8,34,22)(9,28,39)(11,24,27)(13,29,31)(14,30,38)(15,26,36)(21,42,25)(33,41,37)
(1,37,5)(2,9,24)(3,17,42)(4,8,41)(6,16,28)(7,27,14)(10,26,11)(12,19,31)(13,25,33)(15,40,18)(20,38,32)(21,35,22)(23,34,29)(30,39,36)
(1,5,37)(2,24,9)(3,42,17)(4,41,8)(6,28,16)(7,14,27)(10,11,26)(12,31,19)(13,33,25)(15,18,40)(20,32,38)(21,22,35)(23,29,34)(30,36,39)
(1,20,30)(2,18,6)(3,11,26)(4,27,14)(5,24,28)(7,12,32)(8,17,15)(9,34,29)(10,36,13)(16,22,35)(19,38,21)(23,39,25)(31,40,33)(37,42,41)
(1,10,4)(2,23,13)(3,19,24)(5,12,31)(6,20,35)(7,38,41)(8,16,36)(9,40,21)(11,32,29)(14,22,25)(15,39,30)(17,27,18)(26,42,33)(28,34,37)
(1,4,10)(2,13,23)(3,24,19)(5,31,12)(6,35,20)(7,41,38)(8,36,16)(9,21,40)(11,29,32)(14,25,22)(15,30,39)(17,18,27)(26,33,42)(28,37,34)
(1,23,16)(2,22,15)(3,40,7)(4,39,6)(5,41,11)(8,20,14)(9,12,42)(10,25,17)(13,35,27)(18,36,30)(19,31,37)(21,32,28)(24,33,29)(26,34,38)
(1,16,23)(2,15,22)(3,7,40)(4,6,39)(5,11,41)(8,14,20)(9,42,12)(10,17,25)(13,27,35)(18,30,36)(19,37,31)(21,28,32)(24,29,33)(26,38,34)
(1,22,18)(2,8,4)(3,12,34)(5,26,21)(6,25,36)(7,33,28)(9,41,24)(10,15,35)(11,37,40)(13,14,30)(16,39,27)(17,23,20)(19,42,32)(29,31,38)
(1,18,22)(2,4,8)(3,34,12)(5,21,26)(6,36,25)(7,28,33)(9,24,41)(10,35,15)(11,40,37)(13,30,14)(16,27,39)(17,20,23)(19,32,42)(29,38,31)
(1,8,25)(2,30,16)(3,41,31)(4,35,23)(5,29,42)(6,15,14)(7,9,26)(10,18,39)(11,38,28)(12,21,37)(13,17,22)(19,34,33)(20,36,27)(24,32,40)
(1,25,8)(2,16,30)(3,31,41)(4,23,35)(5,42,29)(6,14,15)(7,26,9)(10,39,18)(11,28,38)(12,37,21)(13,22,17)(19,33,34)(20,27,36)(24,40,32)
(1,9,10)(2,19,16)(3,41,36)(4,21,40)(5,33,28)(6,11,27)(7,24,13)(8,38,23)(12,37,14)(15,20,17)(18,29,39)(22,34,42)(25,26,31)(30,32,35)
(1,19,17)(2,11,15)(3,21,34)(4,33,42)(5,41,22)(6,9,20)(7,38,18)(8,12,29)(10,27,16)(13,37,23)(14,24,39)(25,31,35)(26,32,30)(28,40,36)
(1,17,19)(2,15,11)(3,34,21)(4,42,33)(5,22,41)(6,20,9)(7,18,38)(8,29,12)(10,16,27)(13,23,37)(14,39,24)(25,35,31)(26,30,32)(28,36,40)
(1,34,14)(2,12,26)(3,28,6)(4,33,30)(5,7,18)(8,22,25)(9,20,31)(10,19,38)(11,32,24)(13,21,36)(15,23,37)(16,17,42)(27,29,40)(35,41,39)
(1,14,34)(2,26,12)(3,6,28)(4,30,33)(5,18,7)(8,25,22)(9,31,20)(10,38,19)(11,24,32)(13,36,21)(15,37,23)(16,42,17)(27,40,29)(35,39,41)
(1,10,9)(2,16,19)(3,36,41)(4,40,21)(5,28,33)(6,27,11)(7,13,24)(8,23,38)(12,14,37)(15,17,20)(18,39,29)(22,42,34)(25,31,26)(30,35,32)
(1,2,6)(3,4,5)(7,8,14)(9,15,16)(10,11,17)(12,18,13)(19,20,27)(21,22,28)(23,24,29)(25,26,30)(31,32,35)(33,34,36)(37,38,39)(40,41,42)
(1,12,19)(2,31,17)(3,11,13)(4,32,27)(5,29,6)(7,33,21)(8,26,37)(9,25,34)(10,23,20)(14,42,15)(16,22,38)(18,24,35)(28,41,30)(36,40,39)
(1,6,2)(3,5,4)(7,14,8)(9,16,15)(10,17,11)(12,13,18)(19,27,20)(21,28,22)(23,29,24)(25,30,26)(31,35,32)(33,36,34)(37,39,38)(40,42,41)
(1,13,6)(2,25,27)(3,21,29)(4,30,17)(5,7,19)(8,35,18)(9,31,28)(10,14,16)(11,12,33)(15,23,36)(20,22,39)(24,26,37)(32,34,41)(38,42,40)
(1,22,31)(2,14,10)(3,33,35)(4,5,13)(6,36,24)(7,39,32)(8,42,19)(9,15,38)(11,30,40)(12,25,23)(16,20,26)(17,34,37)(18,28,27)(21,41,29)
(1,26,33)(2,28,13)(3,30,22)(4,18,36)(5,6,14)(7,25,12)(8,34,21)(9,37,19)(10,24,27)(11,16,31)(15,42,29)(17,38,41)(20,40,35)(23,32,39)
(1,33,26)(2,13,28)(3,22,30)(4,36,18)(5,14,6)(7,12,25)(8,21,34)(9,19,37)(10,27,24)(11,31,16)(15,29,42)(17,41,38)(20,35,40)(23,39,32)
(1,31,27)(2,5,11)(3,32,18)(4,29,20)(6,12,24)(7,26,28)(8,42,39)(9,14,33)(10,13,19)(15,22,41)(16,25,37)(17,23,35)(21,38,36)(30,34,40)
(1,27,15)(2,10,20)(3,28,42)(4,36,22)(5,40,34)(6,16,17)(7,37,29)(8,13,39)(9,19,11)(12,24,38)(14,23,18)(21,33,41)(25,35,30)(26,31,32)
(1,15,27)(2,20,10)(3,42,28)(4,22,36)(5,34,40)(6,17,16)(7,29,37)(8,39,13)(9,11,19)(12,38,24)(14,18,23)(21,41,33)(25,30,35)(26,32,31)
(1,19,12)(2,17,31)(3,13,11)(4,27,32)(5,6,29)(7,21,33)(8,37,26)(9,34,25)(10,20,23)(14,15,42)(16,38,22)(18,35,24)(28,30,41)(36,39,40)
(1,18,29)(2,32,19)(3,17,6)(4,35,13)(5,23,27)(7,34,15)(8,30,21)(9,26,38)(10,24,31)(11,12,20)(14,40,37)(16,28,42)(22,39,33)(25,36,41)
(1,21,4)(2,7,36)(3,13,8)(5,25,34)(6,30,18)(9,40,10)(11,39,20)(12,33,22)(14,26,28)(15,32,27)(16,38,24)(17,29,35)(19,41,23)(31,37,42)
(1,27,31)(2,11,5)(3,18,32)(4,20,29)(6,24,12)(7,28,26)(8,39,42)(9,33,14)(10,19,13)(15,41,22)(16,37,25)(17,35,23)(21,36,38)(30,40,34)
(1,4,21)(2,36,7)(3,8,13)(5,34,25)(6,18,30)(9,10,40)(11,20,39)(12,22,33)(14,28,26)(15,27,32)(16,24,38)(17,35,29)(19,23,41)(31,42,37)
(1,15,26)(2,8,9)(3,29,32)(4,41,24)(5,35,40)(6,30,7)(10,22,37)(11,18,21)(12,17,38)(13,39,28)(14,25,16)(19,20,34)(23,42,31)(27,36,33)
(1,26,15)(2,9,8)(3,32,29)(4,24,41)(5,40,35)(6,7,30)(10,37,22)(11,21,18)(12,38,17)(13,28,39)(14,16,25)(19,34,20)(23,31,42)(27,33,36)
(1,6,13)(2,27,25)(3,29,21)(4,17,30)(5,19,7)(8,18,35)(9,28,31)(10,16,14)(11,33,12)(15,36,23)(20,39,22)(24,37,26)(32,41,34)(38,40,42)
(1,31,22)(2,10,14)(3,35,33)(4,13,5)(6,24,36)(7,32,39)(8,19,42)(9,38,15)(11,40,30)(12,23,25)(16,26,20)(17,37,34)(18,27,28)(21,29,41)
(1,29,18)(2,19,32)(3,6,17)(4,13,35)(5,27,23)(7,15,34)(8,21,30)(9,38,26)(10,31,24)(11,20,12)(14,37,40)(16,42,28)(22,33,39)(25,41,36)
(1,9,40,4)(2,7,24,3)(5,12,26,28)(6,11,32,18)(8,16,41,23)(10,21)(13,19,38,36)(14,33,31,34)(15,39,35,17)(20,30,27,29)(22,25,37,42)
(1,6,11,19)(2,27,9,17)(3,5,33,21)(4,28,41,34)(7,29,12,13)(8,18,24,37)(10,16,15,20)(14,39,38,23)(22,36,40,42)(25,30,32,31)(26,35)
(1,19,11,6)(2,17,9,27)(3,21,33,5)(4,34,41,28)(7,13,12,29)(8,37,24,18)(10,20,15,16)(14,23,38,39)(22,42,40,36)(25,31,32,30)(26,35)
(1,5,21,11)(2,4,41,9)(3,29,19,12)(6,13,33,7)(8,24)(10,22,40,15)(14,36,39,16)(17,31,34,32)(18,35,37,26)(20,23,42,38)(25,28,30,27)
(1,10,40,21)(2,24,41,8)(3,19,23,38)(4,9)(5,37,22,26)(6,27,39,30)(7,13,16,36)(11,35,15,18)(12,31,42,34)(14,28,33,25)(17,20,32,29)
(1,11,21,5)(2,9,41,4)(3,12,19,29)(6,7,33,13)(8,24)(10,15,40,22)(14,16,39,36)(17,32,34,31)(18,26,37,35)(20,38,42,23)(25,27,30,28)
(1,40)(2,38,8,36)(3,23,16,7)(4,10,9,21)(5,31,37,33)(6,32,17,39)(11,29,35,27)(12,42,25,28)(13,24,19,41)(14,26,34,22)(15,30,18,20)
(1,40)(2,36,8,38)(3,7,16,23)(4,21,9,10)(5,33,37,31)(6,39,17,32)(11,27,35,29)(12,28,25,42)(13,41,19,24)(14,22,34,26)(15,20,18,30)
(1,4,40,9)(2,3,24,7)(5,28,26,12)(6,18,32,11)(8,23,41,16)(10,21)(13,36,38,19)(14,34,31,33)(15,17,35,39)(20,29,27,30)(22,42,37,25)
(1,7,40,23)(2,26,38,20)(3,16)(4,25,21,39)(5,37,29,27)(6,28,42,17)(8,30,36,22)(9,32,10,12)(11,24,31,19)(13,33,41,35)(14,34,15,18)
(1,23,40,7)(2,20,38,26)(3,16)(4,39,21,25)(5,27,29,37)(6,17,42,28)(8,22,36,30)(9,12,10,32)(11,19,31,24)(13,35,41,33)(14,18,15,34)
(1,19,37,25)(2,11,41,22)(3,38,28,30)(4,20,24,39)(5,15)(6,29,42,14)(7,21,34,26)(8,12,9,33)(10,27,35,23)(13,17,31,16)(18,32,40,36)
(1,25,37,19)(2,22,41,11)(3,30,28,38)(4,39,24,20)(5,15)(6,14,42,29)(7,26,34,21)(8,33,9,12)(10,23,35,27)(13,16,31,17)(18,36,40,32)
(1,2,14,25)(3,24,42,35)(4,5,31,23)(6,26,16,8)(7,9,15,30)(10,22,13,12)(11,38,39,21)(17,18,28,37)(19,20,36,33)(27,34)(29,32,40,41)
(1,25,14,2)(3,35,42,24)(4,23,31,5)(6,8,16,26)(7,30,15,9)(10,12,13,22)(11,21,39,38)(17,37,28,18)(19,33,36,20)(27,34)(29,41,40,32)
(1,16,40,3)(2,14,36,18)(4,6,10,28)(5,13,27,24)(7,23)(8,15,38,34)(9,42,21,17)(11,31,33,35)(12,25,39,32)(19,37,41,29)(20,26,22,30)
(1,3,40,16)(2,18,36,14)(4,28,10,6)(5,24,27,13)(7,23)(8,34,38,15)(9,17,21,42)(11,35,33,31)(12,32,39,25)(19,29,41,37)(20,30,22,26)
(1,17,20,2)(3,34,22,4)(5,21,42,36)(6,19,15,10)(7,37,39,24)(8,23,18,12)(9,16,27,11)(13,29,38,14)(25,35,32,26)(28,33,41,40)(30,31)
(1,2,20,17)(3,4,22,34)(5,36,42,21)(6,10,15,19)(7,24,39,37)(8,12,18,23)(9,11,27,16)(13,14,38,29)(25,26,32,35)(28,40,41,33)(30,31)
(1,21,40,10)(2,8,41,24)(3,38,23,19)(4,9)(5,26,22,37)(6,30,39,27)(7,36,16,13)(11,18,15,35)(12,34,42,31)(14,25,33,28)(17,29,32,20)
(1,17,35,13)(2,15,41,5)(3,18,30,21)(4,6,8,29)(7,34,32,36)(9,42,24,14)(10,16,37,31)(11,22)(12,20,39,33)(19,23,27,25)(26,38,40,28)
(1,20,16,11)(2,10,27,6)(3,22,40,33)(4,36,28,5)(7,12,23,39)(8,38,37,29)(9,19,17,15)(13,18,14,24)(21,34,42,41)(25,32)(26,31,35,30)
(1,11,16,20)(2,6,27,10)(3,33,40,22)(4,5,28,36)(7,39,23,12)(8,29,37,38)(9,15,17,19)(13,24,14,18)(21,41,42,34)(25,32)(26,30,35,31)
(1,34,4,20)(2,12,3,18)(5,32,6,26)(7,28,24,11)(8,22,23,17)(9,33,40,27)(10,19,21,36)(13,38)(14,31,29,30)(15,25,42,35)(16,37,41,39)
(1,20,4,34)(2,18,3,12)(5,26,6,32)(7,11,24,28)(8,17,23,22)(9,27,40,33)(10,36,21,19)(13,38)(14,30,29,31)(15,35,42,25)(16,39,41,37)
(1,13,5,12)(2,25,4,31)(3,19,6,33)(7,21,29,11)(8,35,24,26)(9,30,41,32)(10,14,22,23)(15,39,40,38)(16,36,42,20)(17,27,28,34)(18,37)
(1,12,5,13)(2,31,4,25)(3,33,6,19)(7,11,29,21)(8,26,24,35)(9,32,41,30)(10,23,22,14)(15,38,40,39)(16,20,42,36)(17,34,28,27)(18,37)
(1,14,23,5)(2,10,31,12)(3,6,16,42)(4,13,25,22)(7,15,40,29)(8,36,35,33)(9,38,32,11)(17,28)(18,27,37,34)(19,26,20,24)(21,30,39,41)
(1,5,23,14)(2,12,31,10)(3,42,16,6)(4,22,25,13)(7,29,40,15)(8,33,35,36)(9,11,32,38)(17,28)(18,34,37,27)(19,24,20,26)(21,41,39,30)
(1,35,10,37)(2,41)(3,32,38,34)(4,24,9,8)(5,11,15,22)(6,39,14,33)(7,30,36,28)(12,29,20,42)(13,27,16,25)(17,23,31,19)(18,40,26,21)
(1,37,10,35)(2,41)(3,34,38,32)(4,8,9,24)(5,22,15,11)(6,33,14,39)(7,28,36,30)(12,42,20,29)(13,25,16,27)(17,19,31,23)(18,21,26,40)
(1,12,34,8)(2,3,22,17)(4,23,20,18)(5,42,15,6)(7,33,37,9)(10,32,36,35)(11,28,41,16)(13,31,38,30)(14,29)(19,26,21,25)(24,40,39,27)
(1,8,34,12)(2,17,22,3)(4,18,20,23)(5,6,15,42)(7,9,37,33)(10,35,36,32)(11,16,41,28)(13,30,38,31)(14,29)(19,25,21,26)(24,27,39,40)
(1,6,30,8)(2,7,15,25)(3,29,35,4)(5,32,41,23)(9,16,14,26)(10,28,38,37)(11,39,22,12)(13,18,21,17)(19,27,36,34)(20,33)(24,40,42,31)
(1,8,30,6)(2,25,15,7)(3,4,35,29)(5,23,41,32)(9,26,14,16)(10,37,38,28)(11,12,22,39)(13,17,21,18)(19,34,36,27)(20,33)(24,31,42,40)
(1,34,7,37)(2,38,11,31)(3,28,16,17)(4,36,39,35)(5,14,15,29)(6,42)(8,21,33,25)(9,19,12,26)(10,20,32,24)(13,22,30,41)(18,40,27,23)
(1,30,9,14)(2,6,7,26)(3,32,24,5)(4,29,40,31)(8,15,16,25)(10,13,21,38)(11,28,12,18)(17,39,37,22)(19,36)(20,27,33,34)(23,35,41,42)
(1,14,9,30)(2,26,7,6)(3,5,24,32)(4,31,40,29)(8,25,16,15)(10,38,21,13)(11,18,12,28)(17,22,37,39)(19,36)(20,34,33,27)(23,42,41,35)
(1,37,7,34)(2,31,11,38)(3,17,16,28)(4,35,39,36)(5,29,15,14)(6,42)(8,25,33,21)(9,26,12,19)(10,24,32,20)(13,41,30,22)(18,23,27,40)
(1,35,3,30)(2,27,5,36)(4,18,6,13)(7,25,23,32)(8,17,29,21)(9,37,42,38)(10,24,28,14)(11,33,22,20)(12,39)(15,19,41,34)(16,31,40,26)
(1,30,3,35)(2,36,5,27)(4,13,6,18)(7,32,23,25)(8,21,29,17)(9,38,42,37)(10,14,28,24)(11,20,22,33)(12,39)(15,34,41,19)(16,26,40,31)
(1,13,35,17)(2,5,41,15)(3,21,30,18)(4,29,8,6)(7,36,32,34)(9,14,24,42)(10,31,37,16)(11,22)(12,33,39,20)(19,25,27,23)(26,28,40,38)
(2,19,8,13)(3,23,16,7)(4,10,9,21)(5,20,37,30)(6,12,17,25)(11,34,35,14)(15,33,18,31)(22,27,26,29)(24,38,41,36)(28,32,42,39)
(1,39,5,38)(2,30,4,32)(3,20,6,36)(7,22,29,10)(8,35,24,26)(9,25,41,31)(11,14,21,23)(12,15,13,40)(16,33,42,19)(17,27,28,34)
(1,38,5,39)(2,32,4,30)(3,36,6,20)(7,10,29,22)(8,26,24,35)(9,31,41,25)(11,23,21,14)(12,40,13,15)(16,19,42,33)(17,34,28,27)
(1,18,10,26)(3,27,38,25)(4,24,9,8)(5,11,15,22)(6,20,14,12)(7,17,36,31)(13,32,16,34)(19,30,23,28)(21,35,40,37)(29,39,42,33)
(1,26,10,18)(3,25,38,27)(4,8,9,24)(5,22,15,11)(6,12,14,20)(7,31,36,17)(13,34,16,32)(19,28,23,30)(21,37,40,35)(29,33,42,39)
(1,22,21,15)(2,4,41,9)(3,39,19,14)(5,40,11,10)(6,23,33,38)(7,20,13,42)(12,36,29,16)(17,25,34,30)(18,35,37,26)(27,31,28,32)
(1,15,21,22)(2,9,41,4)(3,14,19,39)(5,10,11,40)(6,38,33,23)(7,42,13,20)(12,16,29,36)(17,30,34,25)(18,26,37,35)(27,32,28,31)
(1,36,11,42)(2,28,9,34)(3,10,33,15)(4,27,41,17)(5,16,21,20)(6,40,19,22)(7,38,12,14)(8,18,24,37)(13,39,29,23)(25,30,32,31)
(1,31,3,26)(2,19,5,34)(4,38,6,37)(7,25,23,32)(8,10,29,28)(9,13,42,18)(11,33,22,20)(14,17,24,21)(15,27,41,36)(16,35,40,30)
(1,26,3,31)(2,34,5,19)(4,37,6,38)(7,32,23,25)(8,28,29,10)(9,18,42,13)(11,20,22,33)(14,21,24,17)(15,36,41,27)(16,30,40,35)
(1,38,35,28)(2,15,41,5)(3,10,30,37)(4,14,8,42)(6,9,29,24)(7,19,32,27)(12,20,39,33)(13,26,17,40)(16,21,31,18)(23,36,25,34)
(1,42,11,36)(2,34,9,28)(3,15,33,10)(4,17,41,27)(5,20,21,16)(6,22,19,40)(7,14,12,38)(8,37,24,18)(13,23,29,39)(25,31,32,30)
(1,15,23,29)(2,39,31,21)(3,6,16,42)(4,11,25,38)(5,7,14,40)(8,20,35,19)(9,22,32,13)(10,41,12,30)(18,27,37,34)(24,33,26,36)
(1,29,23,15)(2,21,31,39)(3,42,16,6)(4,38,25,11)(5,40,14,7)(8,19,35,20)(9,13,32,22)(10,30,12,41)(18,34,37,27)(24,36,26,33)
(1,10,40,21)(2,24,41,8)(3,13,23,36)(5,35,22,18)(6,31,39,34)(7,19,16,38)(11,37,15,26)(12,27,42,30)(14,32,33,17)(20,28,29,25)
(1,21,40,10)(2,8,41,24)(3,36,23,13)(5,18,22,35)(6,34,39,31)(7,38,16,19)(11,26,15,37)(12,30,42,27)(14,17,33,32)(20,25,29,28)
(1,41,20,28)(2,33,17,40)(3,9,22,27)(4,11,34,16)(5,19,42,10)(6,21,15,36)(7,8,39,18)(12,37,23,24)(13,29,38,14)(25,35,32,26)
(1,28,20,41)(2,40,17,33)(3,27,22,9)(4,16,34,11)(5,10,42,19)(6,36,15,21)(7,18,39,8)(12,24,23,37)(13,14,38,29)(25,26,32,35)
(1,27,7,18)(2,13,11,30)(3,17,16,28)(4,19,39,26)(5,29,15,14)(8,10,33,32)(9,36,12,35)(20,25,24,21)(22,31,41,38)(23,37,40,34)
(1,18,7,27)(2,30,11,13)(3,28,16,17)(4,26,39,19)(5,14,15,29)(8,32,33,10)(9,35,12,36)(20,21,24,25)(22,38,41,31)(23,34,40,37)
(1,33,16,22)(2,21,27,42)(3,11,40,20)(4,19,28,15)(5,9,36,17)(6,41,10,34)(7,39,23,12)(8,13,37,14)(18,29,24,38)(26,30,35,31)
(1,22,16,33)(2,42,27,21)(3,20,40,11)(4,15,28,19)(5,17,36,9)(6,34,10,41)(7,12,23,39)(8,14,37,13)(18,38,24,29)(26,31,35,30)
(1,33,4,27)(2,37,3,39)(5,35,6,25)(7,22,24,17)(8,28,23,11)(9,34,40,20)(10,19,21,36)(12,41,18,16)(14,31,29,30)(15,26,42,32)
(1,27,4,33)(2,39,3,37)(5,25,6,35)(7,17,24,22)(8,11,23,28)(9,20,40,34)(10,36,21,19)(12,16,18,41)(14,30,29,31)(15,32,42,26)
(1,28,35,38)(2,5,41,15)(3,37,30,10)(4,42,8,14)(6,24,29,9)(7,27,32,19)(12,33,39,20)(13,40,17,26)(16,18,31,21)(23,34,25,36)
(1,24,34,39)(2,28,22,16)(3,41,17,11)(4,37,20,7)(5,42,15,6)(8,27,12,40)(9,18,33,23)(10,26,36,25)(13,31,38,30)(19,32,21,35)
(1,39,34,24)(2,16,22,28)(3,11,17,41)(4,7,20,37)(5,6,15,42)(8,40,12,27)(9,23,33,18)(10,25,36,26)(13,30,38,31)(19,35,21,32)
(1,24,30,42)(2,32,15,23)(3,9,35,14)(4,26,29,16)(5,7,41,25)(6,40,8,31)(10,18,38,17)(11,39,22,12)(13,28,21,37)(19,27,36,34)
(1,42,30,24)(2,23,15,32)(3,14,35,9)(4,16,29,26)(5,25,41,7)(6,31,8,40)(10,17,38,18)(11,12,22,39)(13,37,21,28)(19,34,36,27)
(1,3,40,16)(2,29,36,37)(4,42,10,17)(5,38,27,8)(6,21,28,9)(11,30,33,26)(12,32,39,25)(13,34,24,15)(14,19,18,41)(20,35,22,31)
(1,9,40,4)(2,16,24,23)(3,8,7,41)(5,17,26,39)(6,37,32,22)(11,42,18,25)(12,15,28,35)(13,19,38,36)(14,27,31,20)(29,34,30,33)
(1,31,9,29)(2,42,7,35)(3,25,24,15)(4,14,40,30)(5,16,32,8)(6,23,26,41)(10,38,21,13)(11,17,12,37)(18,22,28,39)(20,34,33,27)
(1,32,37,36)(2,11,41,22)(3,31,28,13)(4,12,24,33)(6,29,42,14)(7,35,34,10)(8,20,9,39)(16,30,17,38)(18,19,40,25)(21,23,26,27)
(1,36,37,32)(2,22,41,11)(3,13,28,31)(4,33,24,12)(6,14,42,29)(7,10,34,35)(8,39,9,20)(16,38,17,30)(18,25,40,19)(21,27,26,23)
(1,32,14,41)(2,40,25,29)(3,26,42,8)(4,7,31,15)(5,9,23,30)(6,24,16,35)(10,39,13,11)(12,38,22,21)(17,18,28,37)(19,20,36,33)
(1,41,14,32)(2,29,25,40)(3,8,42,26)(4,15,31,7)(5,30,23,9)(6,35,16,24)(10,11,13,39)(12,21,22,38)(17,37,28,18)(19,33,36,20)
(1,29,9,31)(2,35,7,42)(3,15,24,25)(4,30,40,14)(5,8,32,16)(6,41,26,23)(10,13,21,38)(11,37,12,17)(18,39,28,22)(20,27,33,34)
(1,7,40,23)(2,33,38,35)(4,12,21,32)(5,34,29,18)(6,28,42,17)(8,11,36,31)(9,39,10,25)(13,26,41,20)(14,37,15,27)(19,30,24,22)
(1,23,40,7)(2,35,38,33)(4,32,21,12)(5,18,29,34)(6,17,42,28)(8,31,36,11)(9,25,10,39)(13,20,41,26)(14,27,15,37)(19,22,24,30)
(2,13,8,19)(3,7,16,23)(4,21,9,10)(5,30,37,20)(6,25,17,12)(11,14,35,34)(15,31,18,33)(22,29,26,27)(24,36,41,38)(28,39,42,32)
(1,16,40,3)(2,37,36,29)(4,17,10,42)(5,8,27,38)(6,9,28,21)(11,26,33,30)(12,25,39,32)(13,15,24,34)(14,41,18,19)(20,31,22,35)
(1,4,40,9)(2,23,24,16)(3,41,7,8)(5,39,26,17)(6,22,32,37)(11,25,18,42)(12,35,28,15)(13,36,38,19)(14,20,31,27)(29,33,30,34)
(1,7,16,40,23,3)(2,11,15,41,22,5)(4,12,6,9,39,42)(8,33,14,24,20,29)(10,32,17,21,25,28)(13,26,27,38,35,34)(18,19,30,37,36,31)
(1,23,25,31,13,10)(2,17,22,37,5,27)(3,39,26,29,36,9)(4,16,12,35,14,19)(6,20,8,42,33,24)(7,32,30,38,21,40)(11,18,15,34,41,28)
(1,22,35,40,11,26)(2,8,4,41,24,9)(3,33,31,16,20,30)(5,37,10,15,18,21)(6,34,13,42,27,38)(7,12,25,23,39,32)(14,17,36,29,28,19)
(1,26,11,40,35,22)(2,9,24,41,4,8)(3,30,20,16,31,33)(5,21,18,15,10,37)(6,38,27,42,13,34)(7,32,39,23,25,12)(14,19,28,29,36,17)
(1,34,7,36,16,20)(2,8,26,30,14,15)(3,33,40,27,23,19)(4,37,32,13,42,11)(5,41,24,35,31,29)(6,22,9,18,25,38)(10,17,12,21,28,39)
(1,23,25,35,8,4)(2,10,16,39,30,18)(3,12,31,37,41,21)(5,19,42,33,29,34)(6,20,14,27,15,36)(7,32,26,24,9,40)(11,38,28)(13,17,22)
(1,4,2,5,6,3)(7,21,8,22,14,28)(9,41,15,42,16,40)(10,24,11,29,17,23)(12,13,18)(19,35,20,31,27,32)(25,36,26,33,30,34)(37,39,38)
(1,3,6,5,2,4)(7,28,14,22,8,21)(9,40,16,42,15,41)(10,23,17,29,11,24)(12,18,13)(19,32,27,31,20,35)(25,34,30,33,26,36)(37,38,39)
(1,27,4,17,10,18)(2,6,13,35,23,20)(3,19,24)(5,29,31,32,12,11)(7,33,41,42,38,26)(8,16,36)(9,28,21,37,40,34)(14,30,25,39,22,15)
(1,18,10,17,4,27)(2,20,23,35,13,6)(3,24,19)(5,11,12,32,31,29)(7,26,38,42,41,33)(8,36,16)(9,34,40,37,21,28)(14,15,22,39,25,30)
(1,29,23,13,3,31)(2,11,20,27,18,24)(4,5,12,19,17,35)(6,32,10)(7,38,16,30,40,14)(8,41,22,33,34,37)(9,15,39,36,28,26)(21,42,25)
(1,31,3,13,23,29)(2,24,18,27,20,11)(4,35,17,19,12,5)(6,10,32)(7,14,40,30,16,38)(8,37,34,33,22,41)(9,26,28,36,39,15)(21,25,42)
(1,5,37)(2,28,9,6,24,16)(3,41,17,4,42,8)(7,11,27,10,14,26)(12,33,19,13,31,25)(15,18,40)(20,36,38,30,32,39)(21,29,35,23,22,34)
(1,37,5)(2,16,24,6,9,28)(3,8,42,4,17,41)(7,26,14,10,27,11)(12,25,31,13,19,33)(15,40,18)(20,39,32,30,38,36)(21,34,22,23,35,29)
(1,12,31,24,27,6)(2,19,5,10,11,13)(3,23,32,35,18,17)(4,20,29)(7,25,26,37,28,16)(8,34,42,40,39,30)(9,33,14)(15,21,22,38,41,36)
(1,10,9,40,21,4)(2,16,38,41,3,13)(5,6,14,15,42,29)(7,36,8,23,19,24)(11,28,30,22,17,31)(12,27,26,39,34,35)(18,25,20,37,32,33)
(1,6,27,24,31,12)(2,13,11,10,5,19)(3,17,18,35,32,23)(4,29,20)(7,16,28,37,26,25)(8,30,39,40,42,34)(9,14,33)(15,36,41,38,22,21)
(1,4,21,40,9,10)(2,13,3,41,38,16)(5,29,42,15,14,6)(7,24,19,23,8,36)(11,31,17,22,30,28)(12,35,34,39,26,27)(18,33,32,37,20,25)
(1,3,7,40,16,23)(2,29,26,41,14,35)(4,6,32,9,42,25)(5,30,24,15,31,8)(10,17,12,21,28,39)(11,38,37,22,13,18)(19,34,33,36,27,20)
(1,20,16,36,7,34)(2,15,14,30,26,8)(3,19,23,27,40,33)(4,11,42,13,32,37)(5,29,31,35,24,41)(6,38,25,18,9,22)(10,39,28,21,12,17)
(1,23,16,40,7,3)(2,35,14,41,26,29)(4,25,42,9,32,6)(5,8,31,15,24,30)(10,39,28,21,12,17)(11,18,13,22,37,38)(19,20,27,36,33,34)
(1,38,25,40,13,32)(2,15,22,41,5,11)(3,19,26,16,36,35)(4,29,12,9,14,39)(6,20,8,42,33,24)(7,10,30,23,21,31)(17,34,37,28,27,18)
(1,24,15,12,27,38)(2,11,20,19,10,9)(3,35,42,25,28,30)(4,41,22,33,36,21)(5,39,34,13,40,8)(6,32,17,31,16,26)(7,18,29,23,37,14)
(1,38,27,12,15,24)(2,9,10,19,20,11)(3,30,28,25,42,35)(4,21,36,33,22,41)(5,8,40,13,34,39)(6,26,16,31,17,32)(7,14,37,23,29,18)
(1,32,13,40,25,38)(2,11,5,41,22,15)(3,35,36,16,26,19)(4,39,14,9,12,29)(6,24,33,42,8,20)(7,31,21,23,30,10)(17,18,27,28,37,34)
(1,15,23,2,16,22)(3,11,40,5,7,41)(4,6,39)(8,17,20,10,14,25)(9,42,12)(13,30,35,18,27,36)(19,38,31,26,37,34)(21,29,32,24,28,33)
(1,22,16,2,23,15)(3,41,7,5,40,11)(4,39,6)(8,25,14,10,20,17)(9,12,42)(13,36,27,18,35,30)(19,34,37,26,31,38)(21,33,28,24,32,29)
(1,26,3,8,7,18)(2,12,34,21,30,6)(4,25,28)(5,22,33,36,13,14)(9,32,17)(10,31,42,41,39,27)(11,20,19,38,29,15)(16,24,23,37,40,35)
(1,31,9,25,10,26)(2,12,19,37,16,14)(3,29,41,39,36,18)(4,32,21,35,40,30)(5,11,33,27,28,6)(7,13,24)(8,23,38)(15,22,20,34,17,42)
(1,24,17,40,8,28)(2,27,23,41,34,7)(3,9,18,16,4,37)(5,19,32,15,36,25)(6,10,35,42,21,26)(11,20,39,22,33,12)(13,31,29,38,30,14)
(1,28,8,40,17,24)(2,7,34,41,23,27)(3,37,4,16,18,9)(5,25,36,15,32,19)(6,26,21,42,35,10)(11,12,33,22,39,20)(13,14,30,38,29,31)
(1,18,7,8,3,26)(2,6,30,21,34,12)(4,28,25)(5,14,13,36,33,22)(9,17,32)(10,27,39,41,42,31)(11,15,29,38,19,20)(16,35,40,37,23,24)
(1,11,18,40,22,37)(2,24,4,41,8,9)(3,39,34,16,12,27)(5,35,21,15,26,10)(6,32,36,42,25,19)(7,20,28,23,33,17)(13,29,30,38,14,31)
(1,26,10,25,9,31)(2,14,16,37,19,12)(3,18,36,39,41,29)(4,30,40,35,21,32)(5,6,28,27,33,11)(7,24,13)(8,38,23)(15,42,17,34,20,22)
(1,14,34)(2,22,12,25,26,8)(3,13,28,21,6,36)(4,5,33,7,30,18)(9,15,20,23,31,37)(10,42,19,16,38,17)(11,39,32,35,24,41)(27,40,29)
(1,34,14)(2,8,26,25,12,22)(3,36,6,21,28,13)(4,18,30,7,33,5)(9,37,31,23,20,15)(10,17,38,16,19,42)(11,41,24,35,32,39)(27,29,40)
(1,17,15,38,26,12)(2,19,8,20,9,34)(3,6,29,30,32,7)(4,27,41,36,24,33)(5,13,35,39,40,28)(10,37,22)(11,21,18)(14,31,25,23,16,42)
(1,12,26,38,15,17)(2,34,9,20,8,19)(3,7,32,30,29,6)(4,33,24,36,41,27)(5,28,40,39,35,13)(10,22,37)(11,18,21)(14,42,16,23,25,31)
(1,30,9,32,10,35)(2,39,19,18,16,29)(3,14,41,12,36,37)(4,25,21,26,40,31)(5,22,33,34,28,42)(6,15,11,20,27,17)(7,38,24,23,13,8)
(1,37,22,40,18,11)(2,9,8,41,4,24)(3,27,12,16,34,39)(5,10,26,15,21,35)(6,19,25,42,36,32)(7,17,33,23,28,20)(13,31,14,38,30,29)
(1,10,13,31,25,23)(2,27,5,37,22,17)(3,9,36,29,26,39)(4,19,14,35,12,16)(6,24,33,42,8,20)(7,40,21,38,30,32)(11,28,41,34,15,18)
(1,4,8,35,25,23)(2,18,30,39,16,10)(3,21,41,37,31,12)(5,34,29,33,42,19)(6,36,15,27,14,20)(7,40,9,24,26,32)(11,28,38)(13,22,17)
(1,22,21,12,4,33)(2,36,7)(3,5,13,25,8,34)(6,14,30,26,18,28)(9,20,40,11,10,39)(15,38,32,24,27,16)(17,42,29,31,35,37)(19,23,41)
(1,33,4,12,21,22)(2,7,36)(3,34,8,25,13,5)(6,28,18,26,30,14)(9,39,10,11,40,20)(15,16,27,24,32,38)(17,37,35,31,29,42)(19,41,23)
(1,21,19,34,17,3)(2,30,11,26,15,32)(4,13,33,37,42,23)(5,25,41,31,22,35)(6,7,9,38,20,18)(8,29,12)(10,36,27,28,16,40)(14,39,24)
(1,13,33,28,26,2)(3,30,22)(4,21,36,34,18,8)(5,7,14,12,6,25)(9,10,19,27,37,24)(11,16,31)(15,23,29,39,42,32)(17,35,41,40,38,20)
(1,35,10,32,9,30)(2,29,16,18,19,39)(3,37,36,12,41,14)(4,31,40,26,21,25)(5,42,28,34,33,22)(6,17,27,20,11,15)(7,8,13,23,24,38)
(1,2,26,28,33,13)(3,22,30)(4,8,18,34,36,21)(5,25,6,12,14,7)(9,24,37,27,19,10)(11,31,16)(15,32,42,39,29,23)(17,20,38,40,41,35)
(1,19,29,32,18,2)(3,20,6,12,17,11)(4,10,13,31,35,24)(5,23,27)(7,34,15)(8,9,21,38,30,26)(14,25,37,41,40,36)(16,33,42,39,28,22)
(1,5,27,40,15,34)(2,33,10,41,20,21)(3,6,28,16,42,17)(4,11,36,9,22,19)(7,14,37,23,29,18)(8,12,13,24,39,38)(25,31,35,32,30,26)
(1,2,18,32,29,19)(3,11,17,12,6,20)(4,24,35,31,13,10)(5,27,23)(7,15,34)(8,26,30,38,21,9)(14,36,40,41,37,25)(16,22,28,39,42,33)
(1,19,31,42,22,8)(2,9,10,38,14,15)(3,33,35)(4,21,13,29,5,41)(6,11,24,40,36,30)(7,27,32,28,39,18)(12,37,23,34,25,17)(16,20,26)
(1,8,22,42,31,19)(2,15,14,38,10,9)(3,35,33)(4,41,5,29,13,21)(6,30,36,40,24,11)(7,18,39,28,32,27)(12,17,25,34,23,37)(16,26,20)
(1,9,2,11,12,7)(3,21,8,15,20,32)(4,41,22,39,23,40)(5,33,25,16,10,24)(6,19,26)(13,37,14,27,31,28)(17,38,18,29,34,30)(35,42,36)
(1,34,15,40,27,5)(2,21,20,41,10,33)(3,17,42,16,28,6)(4,19,22,9,36,11)(7,18,29,23,37,14)(8,38,39,24,13,12)(25,26,30,32,35,31)
(1,7,12,11,2,9)(3,32,20,15,8,21)(4,40,23,39,22,41)(5,24,10,16,25,33)(6,26,19)(13,28,31,27,14,37)(17,30,34,29,18,38)(35,36,42)
(1,25,22,36,18,6)(2,13,8,14,4,30)(3,7,12,33,34,28)(5,21,26)(9,31,41,38,24,29)(10,35,15)(11,19,37,42,40,32)(16,23,39,20,27,17)
(1,3,23,40,16,7)(2,5,22,41,15,11)(4,42,39,9,6,12)(8,29,20,24,14,33)(10,28,25,21,17,32)(13,34,35,38,27,26)(18,31,36,37,30,19)
(1,32,8,40,25,24)(2,3,30,41,16,31)(4,7,35,9,23,26)(5,6,29,15,42,14)(10,12,18,21,39,37)(11,17,38,22,28,13)(19,20,34,36,33,27)
(1,24,25,40,8,32)(2,31,16,41,30,3)(4,26,23,9,35,7)(5,14,42,15,29,6)(10,37,39,21,18,12)(11,13,28,22,38,17)(19,27,33,36,34,20)
(1,3,17,34,19,21)(2,32,15,26,11,30)(4,23,42,37,33,13)(5,35,22,31,41,25)(6,18,20,38,9,7)(8,12,29)(10,40,16,28,27,36)(14,24,39)
(1,32,33,2,29,28)(3,7,12,11,5,6)(4,30,34,9,31,27)(8,38,37,10,35,36)(13,18,21,26,19,24)(14,17,40,25,20,41)(15,42,16,23,39,22)
(1,9,10,40,4,21)(2,38,23,41,13,7)(3,8,19,16,24,36)(5,30,12,15,31,39)(6,26,20,42,35,33)(11,14,32,22,29,25)(17,37,27,28,18,34)
(1,23,12,20,19,10)(2,17,31)(3,32,11,27,13,4)(5,18,29,24,6,35)(7,39,33,36,21,40)(8,42,26,15,37,14)(9,16,25,22,34,38)(28,30,41)
(1,21,13,30,25,7)(2,34,5,18,22,28)(3,4,36,14,26,12)(6,8,33)(9,19,29,35,39,16)(10,38,31,32,23,40)(11,17,41,27,15,37)(20,42,24)
(1,21,4,40,10,9)(2,7,13,41,23,38)(3,36,24,16,19,8)(5,39,31,15,12,30)(6,33,35,42,20,26)(11,25,29,22,32,14)(17,34,18,28,27,37)
(1,6,18,36,22,25)(2,30,4,14,8,13)(3,28,34,33,12,7)(5,26,21)(9,29,24,38,41,31)(10,15,35)(11,32,40,42,37,19)(16,17,27,20,39,23)
(1,7,25,30,13,21)(2,28,22,18,5,34)(3,12,26,14,36,4)(6,33,8)(9,16,39,35,29,19)(10,40,23,32,31,38)(11,37,15,27,41,17)(20,24,42)
(1,16,17,37,8,9)(2,10,23,42,34,26)(3,28,18,24,4,40)(5,36,32)(6,27,35,41,21,7)(11,13,39,29,33,30)(12,14,20,31,22,38)(15,19,25)
(1,9,8,37,17,16)(2,26,34,42,23,10)(3,40,4,24,18,28)(5,32,36)(6,7,21,41,35,27)(11,30,33,29,39,13)(12,38,22,31,20,14)(15,25,19)
(1,29,9,6,21,15)(2,3,38)(4,42,10,5,40,14)(7,30,8,17,19,11)(12,32,26,18,34,20)(13,41,16)(22,23,31,24,28,36)(25,35,37,27,33,39)
(1,16,6,14,13,10)(2,25,27)(3,42,29,38,21,40)(4,23,17,15,30,36)(5,31,19,9,7,28)(8,39,18,22,35,20)(11,26,33,24,12,37)(32,34,41)
(1,10,13,14,6,16)(2,27,25)(3,40,21,38,29,42)(4,36,30,15,17,23)(5,28,7,9,19,31)(8,20,35,22,18,39)(11,37,12,24,33,26)(32,41,34)
(1,21,19,33,12,7)(2,30,17,41,31,28)(3,9,13,34,11,25)(4,38,27,22,32,16)(5,26,6,8,29,37)(10,36,20,39,23,40)(14,18,15,35,42,24)
(1,7,12,33,19,21)(2,28,31,41,17,30)(3,25,11,34,13,9)(4,16,32,22,27,38)(5,37,29,8,6,26)(10,40,23,39,20,36)(14,24,42,35,15,18)
(1,15,21,6,9,29)(2,38,3)(4,14,40,5,10,42)(7,11,19,17,8,30)(12,20,34,18,26,32)(13,16,41)(22,36,28,24,31,23)(25,39,33,27,37,35)
(1,25,33,41,29,17)(2,14,28,40,32,20)(3,23,12,22,5,42)(4,31,34)(6,16,7,39,11,15)(8,13,37,21,35,19)(9,30,27)(10,26,36,24,38,18)
(1,17,29,41,33,25)(2,20,32,40,28,14)(3,42,5,22,12,23)(4,34,31)(6,15,11,39,7,16)(8,19,35,21,37,13)(9,27,30)(10,18,38,24,36,26)
(1,35,11)(2,23,24,12,4,32)(3,18,20,10,31,5)(6,17,27,19,13,29)(7,8,39,9,25,41)(14,42,28,34,36,38)(15,16,37,33,21,30)(22,40,26)
(1,11,35)(2,32,4,12,24,23)(3,5,31,10,20,18)(6,29,13,19,27,17)(7,41,25,9,39,8)(14,38,36,34,28,42)(15,30,21,33,37,16)(22,26,40)
(1,8,15,39,27,13)(2,22,20,36,10,4)(3,26,42,32,28,31)(5,12,34,38,40,24)(6,25,17,30,16,35)(7,37,29)(9,41,11,33,19,21)(14,23,18)
(1,11,21,39,4,20)(2,19,7,41,36,23)(3,15,13,32,8,27)(5,38,25,24,34,16)(6,29,30,35,18,17)(9,33,40,22,10,12)(14,31,26,37,28,42)
(1,13,27,39,15,8)(2,4,10,36,20,22)(3,31,28,32,42,26)(5,24,40,38,34,12)(6,35,16,30,17,25)(7,29,37)(9,21,19,33,11,41)(14,18,23)
(1,27,7,19,16,33)(2,24,26,31,14,5)(3,20,40,34,23,36)(4,18,32,38,42,22)(6,11,9,37,25,13)(8,35,30,29,15,41)(10,28,12)(17,39,21)
(1,33,16,19,7,27)(2,5,14,31,26,24)(3,36,23,34,40,20)(4,22,42,38,32,18)(6,13,25,37,9,11)(8,41,15,29,30,35)(10,12,28)(17,21,39)
(1,4,8,18,17,3)(2,35,34,6,23,21)(5,25,36,15,32,19)(7,10,41,26,27,42)(9,24,37,28,16,40)(11,31,33,14,39,38)(12,13,22,30,20,29)
(1,3,17,18,8,4)(2,21,23,6,34,35)(5,19,32,15,36,25)(7,42,27,26,41,10)(9,40,16,28,37,24)(11,38,39,14,33,31)(12,29,20,30,22,13)
(1,5,21,42,9,14)(2,13,3,41,38,16)(4,29,40,15,10,6)(7,22,19,28,8,31)(11,36,17,24,30,23)(12,33,34,37,26,25)(18,35,32,39,20,27)
(1,38,6,40,13,42)(2,32,27,41,25,34)(3,10,29,16,21,14)(4,31,17,9,30,28)(5,23,19,15,7,36)(8,26,18,24,35,37)(11,39,33,22,12,20)
(1,14,9,42,21,5)(2,16,38,41,3,13)(4,6,10,15,40,29)(7,31,8,28,19,22)(11,23,30,24,17,36)(12,25,26,37,34,33)(18,27,20,39,32,35)
(1,28,29,2,33,32)(3,6,5,11,12,7)(4,27,31,9,34,30)(8,36,35,10,37,38)(13,24,19,26,21,18)(14,41,20,25,40,17)(15,22,39,23,16,42)
(1,42,13,40,6,38)(2,34,25,41,27,32)(3,14,21,16,29,10)(4,28,30,9,17,31)(5,36,7,15,19,23)(8,37,35,24,18,26)(11,20,12,22,33,39)
(1,36,12,40,19,39)(2,28,31,41,17,30)(3,38,11,16,13,22)(4,34,32,9,27,25)(5,42,29,15,6,14)(7,10,33,23,21,20)(8,18,26,24,37,35)
(1,39,19,40,12,36)(2,30,17,41,31,28)(3,22,13,16,11,38)(4,25,27,9,32,34)(5,14,6,15,29,42)(7,20,21,23,33,10)(8,35,37,24,26,18)
(1,23,3,40,7,16)(2,31,34,41,30,27)(4,32,28,9,25,17)(5,38,33,15,13,20)(6,10,12,42,21,39)(8,35,18,24,26,37)(11,14,19,22,29,36)
(1,16,7,40,3,23)(2,27,30,41,34,31)(4,17,25,9,28,32)(5,20,13,15,33,38)(6,39,21,42,12,10)(8,37,26,24,18,35)(11,36,29,22,19,14)
(1,20,29,40,33,14)(2,17,32,41,28,25)(3,39,5,16,12,15)(4,27,31,9,34,30)(6,23,11,42,7,22)(8,18,35,24,37,26)(10,19,38,21,36,13)
(1,10,4,40,21,9)(2,23,36,41,7,19)(3,38,8,16,13,24)(5,32,34,15,25,27)(6,31,18,42,30,37)(11,12,20,22,39,33)(14,35,28,29,26,17)
(1,9,21,40,4,10)(2,19,7,41,36,23)(3,24,13,16,8,38)(5,27,25,15,34,32)(6,37,30,42,18,31)(11,33,39,22,20,12)(14,17,26,29,28,35)
(1,14,33,40,29,20)(2,25,28,41,32,17)(3,15,12,16,5,39)(4,30,34,9,31,27)(6,22,7,42,11,23)(8,26,37,24,35,18)(10,13,36,21,38,19)
(1,20,4,39,21,11)(2,23,36,41,7,19)(3,27,8,32,13,15)(5,16,34,24,25,38)(6,17,18,35,30,29)(9,12,10,22,40,33)(14,42,28,37,26,31)
(1,15,37,40,5,18)(2,17,9,42,24,3)(4,6,8,16,41,28)(7,22,27,21,14,35)(10,29,26,23,11,34)(12,20,19,38,31,32)(13,30,25,39,33,36)
(1,18,5,40,37,15)(2,3,24,42,9,17)(4,28,41,16,8,6)(7,35,14,21,27,22)(10,34,11,23,26,29)(12,32,31,38,19,20)(13,36,33,39,25,30)
(1,16,23,40,3,7)(2,37,20,41,18,33)(4,28,12,9,17,39)(5,26,19,15,35,36)(6,25,10,42,32,21)(8,27,22,24,34,11)(13,14,31,38,29,30)
(1,7,3,40,23,16)(2,33,18,41,20,37)(4,39,17,9,12,28)(5,36,35,15,19,26)(6,21,32,42,10,25)(8,11,34,24,22,27)(13,30,29,38,31,14)
(1,34,4,28,10,37)(2,42,13,26,23,33)(3,36,24,16,19,8)(5,14,31,25,12,22)(6,38,35,7,20,41)(9,17,21,18,40,27)(11,15,29,30,32,39)
(1,37,10,28,4,34)(2,33,23,26,13,42)(3,8,19,16,24,36)(5,22,12,25,31,14)(6,41,20,7,35,38)(9,27,40,18,21,17)(11,39,32,30,29,15)
(1,14,23,38,3,30)(2,22,20,34,18,8)(4,15,12,36,17,26)(5,39,19,28,35,9)(6,25,10,42,32,21)(7,13,16,31,40,29)(11,33,27,37,24,41)
(1,30,3,38,23,14)(2,8,18,34,20,22)(4,26,17,36,12,15)(5,9,35,28,19,39)(6,21,32,42,10,25)(7,29,40,31,16,13)(11,41,24,37,27,33)
(1,39,31,8,27,42)(2,36,5,21,11,38)(3,7,32,26,18,28)(4,33,29,9,20,14)(6,40,12,30,24,34)(10,22,13,41,19,15)(16,23,25,35,37,17)
(1,42,27,8,31,39)(2,38,11,21,5,36)(3,28,18,26,32,7)(4,14,20,9,29,33)(6,34,24,30,12,40)(10,15,19,41,13,22)(16,17,37,35,25,23)
(1,5,23,41,16,11)(2,3,22,40,15,7)(4,42,39,9,6,12)(8,28,20,21,14,32)(10,29,25,24,17,33)(13,31,35,37,27,19)(18,34,36,38,30,26)
(1,30,27,40,31,34)(2,15,11,41,5,22)(3,25,18,16,32,37)(4,14,20,9,29,33)(6,39,24,42,12,8)(7,35,28,23,26,17)(10,38,19,21,13,36)
(1,30,20)(2,8,18,17,6,15)(3,29,11,9,26,34)(4,35,27,16,14,22)(5,41,24,37,28,42)(7,38,12,21,32,19)(10,25,36,23,13,39)(31,33,40)
(1,33,30,40,20,31)(2,5,6,28,18,24)(3,27,26,4,11,14)(7,36,32,10,12,13)(8,41,15,42,17,37)(9,22,29,16,34,35)(19,25,21,39,38,23)
(1,28,15,13,26,39)(2,36,8,33,9,27)(3,42,29,31,32,23)(4,34,41,19,24,20)(5,38,35,12,40,17)(6,14,30,25,7,16)(10,18,22,21,37,11)
(1,39,26,13,15,28)(2,27,9,33,8,36)(3,23,32,31,29,42)(4,20,24,19,41,34)(5,17,40,12,35,38)(6,16,7,25,30,14)(10,11,37,21,22,18)
(1,38,33,17,26,41)(2,40,13,20,28,35)(3,31,22,16,30,11)(4,10,36,27,18,24)(5,23,14,39,6,32)(7,29,12,42,25,15)(8,9,21,19,34,37)
(1,41,26,17,33,38)(2,35,28,20,13,40)(3,11,30,16,22,31)(4,24,18,27,36,10)(5,32,6,39,14,23)(7,15,25,42,12,29)(8,37,34,19,21,9)
(1,9,8,26,25,7)(2,37,30,12,16,21)(3,10,41,18,31,39)(4,24,35,32,23,40)(5,27,29,20,42,36)(6,19,15,34,14,33)(11,17,38,22,28,13)
(1,7,25,26,8,9)(2,21,16,12,30,37)(3,39,31,18,41,10)(4,40,23,32,35,24)(5,36,42,20,29,27)(6,33,14,34,15,19)(11,13,28,22,38,17)
(1,36,29,25,18,41)(2,40,19,14,32,37)(3,33,6,39,17,22)(4,21,13,30,35,8)(5,7,27,15,23,34)(9,10,38,31,26,24)(11,16,20,42,12,28)
(1,34,31,40,27,30)(2,22,5,41,11,15)(3,37,32,16,18,25)(4,33,29,9,20,14)(6,8,12,42,24,39)(7,17,26,23,28,35)(10,36,13,21,19,38)
(1,36,31,6,22,24)(2,4,10,13,14,5)(3,20,35,16,33,26)(7,34,32,17,39,37)(8,40,19,30,42,11)(9,21,38,29,15,41)(12,18,23,27,25,28)
(1,24,22,6,31,36)(2,5,14,13,10,4)(3,26,33,16,35,20)(7,37,39,17,32,34)(8,11,42,30,19,40)(9,41,15,29,38,21)(12,28,25,27,23,18)
(1,35,3,24,7,37)(2,39,34,10,30,42)(4,32,28,9,25,17)(5,11,33,19,13,29)(6,41,12,27,21,31)(8,23,18,40,26,16)(14,15,22,20,36,38)
(1,37,7,24,3,35)(2,42,30,10,34,39)(4,17,25,9,28,32)(5,29,13,19,33,11)(6,31,21,27,12,41)(8,16,26,40,18,23)(14,38,36,20,22,15)
(1,39,2,40,12,41)(3,33,8,16,20,24)(4,7,22,9,23,11)(5,21,25,15,10,32)(6,36,26,42,19,35)(13,30,14,38,31,29)(17,27,18,28,34,37)
(1,41,12,40,2,39)(3,24,20,16,8,33)(4,11,23,9,22,7)(5,32,10,15,25,21)(6,35,19,42,26,36)(13,29,31,38,14,30)(17,37,34,28,18,27)
(1,42,2,40,6,41)(3,15,4,16,5,9)(7,29,8,23,14,24)(10,28,11,21,17,22)(12,38,18,39,13,37)(19,34,20,36,27,33)(25,31,26,32,30,35)
(1,41,6,40,2,42)(3,9,5,16,4,15)(7,24,14,23,8,29)(10,22,17,21,11,28)(12,37,13,39,18,38)(19,33,27,36,20,34)(25,35,30,32,26,31)
(1,4,2,22,12,23)(3,10,8,5,20,25)(6,36,26,42,19,35)(7,40,9,41,11,39)(13,18,14,34,31,17)(15,33,32,16,21,24)(27,30,28,38,37,29)
(1,23,12,22,2,4)(3,25,20,5,8,10)(6,35,19,42,26,36)(7,39,11,41,9,40)(13,17,31,34,14,18)(15,24,21,16,32,33)(27,29,37,38,28,30)
(1,32,22,19,18,42)(2,38,8,29,4,31)(3,23,12,20,34,17)(5,10,26,15,21,35)(6,40,25,11,36,37)(7,39,33,27,28,16)(9,30,41,13,24,14)
(1,42,18,19,22,32)(2,31,4,29,8,38)(3,17,34,20,12,23)(5,35,21,15,26,10)(6,37,36,11,25,40)(7,16,28,27,33,39)(9,14,24,13,41,30)
(1,3,6,29,13,21)(2,32,27,41,25,34)(4,7,17,5,30,19)(8,12,18,11,35,33)(9,23,28,15,31,36)(10,40,16,42,14,38)(20,24,39,37,22,26)
(1,21,13,29,6,3)(2,34,25,41,27,32)(4,19,30,5,17,7)(8,33,35,11,18,12)(9,36,31,15,28,23)(10,38,14,42,16,40)(20,26,22,37,39,24)
(1,16,17,27,19,10)(2,25,15,35,11,31)(3,28,34,36,21,40)(4,7,42,18,33,38)(5,26,22,30,41,32)(6,37,20,13,9,23)(8,39,29,24,12,14)
(1,10,19,27,17,16)(2,31,11,35,15,25)(3,40,21,36,34,28)(4,38,33,18,42,7)(5,32,41,30,22,26)(6,23,9,13,20,37)(8,14,12,24,29,39)
(1,16,6,15,2,9)(3,42,5,41,4,40)(7,17,14,11,8,10)(12,37,13,39,18,38)(19,25,27,30,20,26)(21,23,28,29,22,24)(31,33,35,36,32,34)
(1,9,2,15,6,16)(3,40,4,41,5,42)(7,10,8,11,14,17)(12,38,18,39,13,37)(19,26,20,30,27,25)(21,24,22,29,28,23)(31,34,32,36,35,33)
(1,10,19,20,12,23)(2,31,17)(3,4,13,27,11,32)(5,35,6,24,29,18)(7,40,21,36,33,39)(8,14,37,15,26,42)(9,38,34,22,25,16)(28,41,30)
(1,18,5,40,37,15)(2,4,24,41,9,8)(3,28,42,16,17,6)(7,34,14,23,27,29)(10,35,11,21,26,22)(12,36,31,39,19,30)(13,32,33,38,25,20)
(1,15,37,40,5,18)(2,8,9,41,24,4)(3,6,17,16,42,28)(7,29,27,23,14,34)(10,22,26,21,11,35)(12,30,19,39,31,36)(13,20,25,38,33,32)
(1,22,35,40,11,26)(2,25,4,39,24,7)(3,15,31,21,20,37)(5,30,10,33,18,16)(6,14,13,36,27,28)(8,23,41,32,9,12)(17,42,29,38,19,34)
(1,26,11,40,35,22)(2,7,24,39,4,25)(3,37,20,21,31,15)(5,16,18,33,10,30)(6,28,27,36,13,14)(8,12,9,32,41,23)(17,34,19,38,29,42)
(1,35,33,40,26,20)(2,17,13,41,28,38)(3,31,22,16,30,11)(4,37,36,9,18,19)(5,42,14,15,6,29)(7,32,12,23,25,39)(8,27,21,24,34,10)
(1,20,26,40,33,35)(2,38,28,41,13,17)(3,11,30,16,22,31)(4,19,18,9,36,37)(5,29,6,15,14,42)(7,39,25,23,12,32)(8,10,34,24,21,27)
(1,21,9,40,10,4)(2,3,19,41,16,36)(5,17,33,15,28,20)(6,34,11,42,27,22)(7,38,24,23,13,8)(12,29,37,39,14,18)(25,30,26,32,31,35)
(1,27,14,40,34,29)(2,39,26,41,12,35)(3,17,6,16,28,42)(4,20,30,9,33,31)(5,23,18,15,7,37)(8,11,25,24,22,32)(10,36,38,21,19,13)
(1,29,34,40,14,27)(2,35,12,41,26,39)(3,42,28,16,6,17)(4,31,33,9,30,20)(5,37,7,15,18,23)(8,32,22,24,25,11)(10,13,19,21,38,36)
(1,4,10,40,9,21)(2,36,16,41,19,3)(5,20,28,15,33,17)(6,22,27,42,11,34)(7,8,13,23,24,38)(12,18,14,39,37,29)(25,35,31,32,26,30)
(1,35,15,40,26,5)(2,4,8,41,9,24)(3,25,29,16,32,14)(6,23,30,42,7,31)(10,18,22,21,37,11)(12,13,17,39,38,28)(19,27,20,36,34,33)
(1,5,26,40,15,35)(2,24,9,41,8,4)(3,14,32,16,29,25)(6,31,7,42,30,23)(10,11,37,21,22,18)(12,28,38,39,17,13)(19,33,34,36,20,27)
(1,37,29,40,18,14)(2,25,19,41,32,36)(3,28,6,16,17,42)(4,26,13,9,35,38)(5,7,27,15,23,34)(8,31,21,24,30,10)(11,39,20,22,12,33)
(1,14,18,40,29,37)(2,36,32,41,19,25)(3,42,17,16,6,28)(4,38,35,9,13,26)(5,34,23,15,27,7)(8,10,30,24,21,31)(11,33,12,22,20,39)
(1,36,17,40,19,28)(2,22,15,41,11,5)(3,10,34,16,21,27)(4,20,42,9,33,6)(7,13,18,23,38,37)(8,39,29,24,12,14)(25,30,35,32,31,26)
(1,28,19,40,17,36)(2,5,11,41,15,22)(3,27,21,16,34,10)(4,6,33,9,42,20)(7,37,38,23,18,13)(8,14,12,24,29,39)(25,26,31,32,35,30)
(1,31,20,40,30,33)(2,42,18,41,6,37)(3,35,11,16,26,22)(4,29,27,9,14,34)(5,17,24,15,28,8)(7,25,12,23,32,39)(10,38,36,21,13,19)
(1,33,30,40,20,31)(2,37,6,41,18,42)(3,22,26,16,11,35)(4,34,14,9,27,29)(5,8,28,15,24,17)(7,39,32,23,12,25)(10,19,13,21,36,38)
(1,11,31,40,22,30)(2,29,10,41,14,21)(3,20,35,16,33,26)(4,15,13,9,5,38)(6,19,24,42,36,8)(7,12,32,23,39,25)(17,27,37,28,34,18)
(1,30,22,40,31,11)(2,21,14,41,10,29)(3,26,33,16,35,20)(4,38,5,9,13,15)(6,8,36,42,24,19)(7,25,39,23,32,12)(17,18,34,28,37,27)
(1,41,18,25,29,36)(2,37,32,14,19,40)(3,22,17,39,6,33)(4,8,35,30,13,21)(5,34,23,15,27,7)(9,24,26,31,38,10)(11,28,12,42,20,16)
(1,11,16,41,23,5)(2,7,15,40,22,3)(4,12,6,9,39,42)(8,32,14,21,20,28)(10,33,17,24,25,29)(13,19,27,37,35,31)(18,26,30,38,36,34)
(1,20,30)(2,15,6,17,18,8)(3,34,26,9,11,29)(4,22,14,16,27,35)(5,42,28,37,24,41)(7,19,32,21,12,38)(10,39,13,23,36,25)(31,40,33)
(1,27,14,40,34,29)(2,24,26,32,12,11)(3,19,6,10,28,38)(4,37,30,23,33,15)(5,9,18,31,7,20)(8,35,25,39,22,41)(13,16,36,42,21,17)
(1,29,34,40,14,27)(2,11,12,32,26,24)(3,38,28,10,6,19)(4,15,33,23,30,37)(5,20,7,31,18,9)(8,41,22,39,25,35)(13,17,21,42,36,16)
(1,31,20,40,30,33)(2,24,18,28,6,5)(3,14,11,4,26,27)(7,13,12,10,32,36)(8,37,17,42,15,41)(9,35,34,16,29,22)(19,23,38,39,21,25)
(1,35,42,12,13,41,34)(2,27,40,26,6,39,38)(3,25,29,22,19,4,37)(5,33,21,8,17,23,31)(7,30,15,20,10,24,28)(9,18,16,32,14,11,36)
(1,14,39,17,2,36,35)(3,5,33,37,9,38,32)(4,13,25,16,15,20,18)(6,22,27,8,10,30,23)(7,42,11,34,24,21,31)(12,28,41,19,26,40,29)
(1,2,14,36,39,35,17)(3,9,5,38,33,32,37)(4,15,13,20,25,18,16)(6,10,22,30,27,23,8)(7,24,42,21,11,31,34)(12,26,28,40,41,29,19)
(1,24,17,5,20,13,32)(2,27,29,12,10,35,3)(4,18,6,11,19,31,23)(7,9,37,42,22,36,30)(8,28,15,33,38,25,40)(14,39,21,26,16,41,34)
(1,17,20,32,24,5,13)(2,29,10,3,27,12,35)(4,6,19,23,18,11,31)(7,37,22,30,9,42,36)(8,15,38,40,28,33,25)(14,21,16,34,39,26,41)
(1,5,32,17,13,24,20)(2,12,3,29,35,27,10)(4,11,23,6,31,18,19)(7,42,30,37,36,9,22)(8,33,40,15,25,28,38)(14,26,34,21,41,39,16)
(1,20,24,13,17,32,5)(2,10,27,35,29,3,12)(4,19,18,31,6,23,11)(7,22,9,36,37,30,42)(8,38,28,25,15,40,33)(14,16,39,41,21,34,26)
(1,13,35,41,42,34,12)(2,6,27,39,40,38,26)(3,19,25,4,29,37,22)(5,17,33,23,21,31,8)(7,10,30,24,15,28,20)(9,14,18,11,16,36,32)
(1,13,5,24,32,20,17)(2,35,12,27,3,10,29)(4,31,11,18,23,19,6)(7,36,42,9,30,22,37)(8,25,33,28,40,38,15)(14,41,26,39,34,16,21)
(1,25,37,42,38,20,2)(3,30,27,5,21,39,24)(4,7,35,28,29,36,11)(6,13,33,41,40,32,18)(8,16,31,34,15,10,12)(9,23,26,17,14,19,22)
(1,42,2,37,20,25,38)(3,5,24,27,39,30,21)(4,28,11,35,36,7,29)(6,41,18,33,32,13,40)(8,34,12,31,10,16,15)(9,17,22,26,19,23,14)
(1,36,17,14,35,2,39)(3,38,37,5,32,9,33)(4,20,16,13,18,15,25)(6,30,8,22,23,10,27)(7,21,34,42,31,24,11)(12,40,19,28,29,26,41)
(1,41,12,35,34,13,42)(2,39,26,27,38,6,40)(3,4,22,25,37,19,29)(5,23,8,33,31,17,21)(7,24,20,30,28,10,15)(9,11,32,18,36,14,16)
(1,42,13,34,35,12,41)(2,40,6,38,27,26,39)(3,29,19,37,25,22,4)(5,21,17,31,33,8,23)(7,15,10,28,30,20,24)(9,16,14,36,18,32,11)
(1,37,38,2,25,42,20)(3,27,21,24,30,5,39)(4,35,29,11,7,28,36)(6,33,40,18,13,41,32)(8,31,15,12,16,34,10)(9,26,14,22,23,17,19)
(1,38,25,20,37,2,42)(3,21,30,39,27,24,5)(4,29,7,36,35,11,28)(6,40,13,32,33,18,41)(8,15,16,10,31,12,34)(9,14,23,19,26,22,17)
(1,34,41,13,12,42,35)(2,38,39,6,26,40,27)(3,37,4,19,22,29,25)(5,31,23,17,8,21,33)(7,28,24,10,20,15,30)(9,36,11,14,32,16,18)
(1,12,34,42,41,35,13)(2,26,38,40,39,27,6)(3,22,37,29,4,25,19)(5,8,31,21,23,33,17)(7,20,28,15,24,30,10)(9,32,36,16,11,18,14)
(1,24,25,11,14,19,28)(2,31,33,6,10,37,7)(3,4,35,39,15,38,34)(5,13,27,16,9,26,12)(8,32,22,29,36,17,40)(18,23,41,30,20,42,21)
(1,25,14,28,24,11,19)(2,33,10,7,31,6,37)(3,35,15,34,4,39,38)(5,27,9,12,13,16,26)(8,22,36,40,32,29,17)(18,41,20,21,23,30,42)
(1,11,28,25,19,24,14)(2,6,7,33,37,31,10)(3,39,34,35,38,4,15)(5,16,12,27,26,13,9)(8,29,40,22,17,32,36)(18,30,21,41,42,23,20)
(1,14,24,19,25,28,11)(2,10,31,37,33,7,6)(3,15,4,38,35,34,39)(5,9,13,26,27,12,16)(8,36,32,17,22,40,29)(18,20,23,42,41,21,30)
(1,32,13,20,5,17,24)(2,3,35,10,12,29,27)(4,23,31,19,11,6,18)(7,30,36,22,42,37,9)(8,40,25,38,33,15,28)(14,34,41,16,26,21,39)
(1,19,11,24,28,14,25)(2,37,6,31,7,10,33)(3,38,39,4,34,15,35)(5,26,16,13,12,9,27)(8,17,29,32,40,36,22)(18,42,30,23,21,20,41)
(1,38,6,34,11,8,32)(2,26,7,21,29,17,20)(3,19,15,18,12,9,30)(4,31,16,36,5,37,39)(10,14,28,33,41,35,23)(13,42,27,22,24,25,40)
(1,28,19,14,11,25,24)(2,7,37,10,6,33,31)(3,34,38,15,39,35,4)(5,12,26,9,16,27,13)(8,40,17,36,29,22,32)(18,21,42,20,30,41,23)
(1,5,36,8,12,28,30)(2,33,18,25,3,14,21)(4,22,34,26,7,6,13)(9,11,27,35,23,42,38)(10,41,20,37,32,16,29)(15,19,24,39,17,31,40)
(1,36,12,30,5,8,28)(2,18,3,21,33,25,14)(4,34,7,13,22,26,6)(9,27,23,38,11,35,42)(10,20,32,29,41,37,16)(15,24,17,40,19,39,31)
(1,8,30,36,28,5,12)(2,25,21,18,14,33,3)(4,26,13,34,6,22,7)(9,35,38,27,42,11,23)(10,37,29,20,16,41,32)(15,39,40,24,31,19,17)
(1,12,5,28,36,30,8)(2,3,33,14,18,21,25)(4,7,22,6,34,13,26)(9,23,11,42,27,38,35)(10,32,41,16,20,29,37)(15,17,19,31,24,40,39)
(1,17,35,39,36,14,2)(3,37,32,33,38,5,9)(4,16,18,25,20,13,15)(6,8,23,27,30,22,10)(7,34,31,11,21,42,24)(12,19,29,41,40,28,26)
(1,39,2,35,14,17,36)(3,33,9,32,5,37,38)(4,25,15,18,13,16,20)(6,27,10,23,22,8,30)(7,11,24,31,42,34,21)(12,41,26,29,28,19,40)
(1,35,36,2,17,39,14)(3,32,38,9,37,33,5)(4,18,20,15,16,25,13)(6,23,30,10,8,27,22)(7,31,21,24,34,11,42)(12,29,40,26,19,41,28)
(1,28,8,5,30,12,36)(2,14,25,33,21,3,18)(4,6,26,22,13,7,34)(9,42,35,11,38,23,27)(10,16,37,41,29,32,20)(15,31,39,19,40,17,24)
(1,20,42,25,2,38,37)(3,39,5,30,24,21,27)(4,36,28,7,11,29,35)(6,32,41,13,18,40,33)(8,10,34,16,12,15,31)(9,19,17,23,22,14,26)
(1,8,34,38,32,11,6)(2,17,21,26,20,29,7)(3,9,18,19,30,12,15)(4,37,36,31,39,5,16)(10,35,33,14,23,41,28)(13,25,22,42,40,24,27)
(1,2,20,38,42,37,25)(3,24,39,21,5,27,30)(4,11,36,29,28,35,7)(6,18,32,40,41,33,13)(8,12,10,15,34,31,16)(9,22,19,14,17,26,23)
(1,6,11,32,38,34,8)(2,7,29,20,26,21,17)(3,15,12,30,19,18,9)(4,16,5,39,31,36,37)(10,28,41,23,14,33,35)(13,27,24,40,42,22,25)
(1,34,32,6,8,38,11)(2,21,20,7,17,26,29)(3,18,30,15,9,19,12)(4,36,39,16,37,31,5)(10,33,23,28,35,14,41)(13,22,40,27,25,42,24)
(1,41,6,37,30,19,39)(2,42,18,31,36,12,40)(3,24,14,34,32,10,22)(4,5,28,26,38,20,23)(7,9,15,17,35,13,33)(8,29,27,25,21,11,16)
(1,6,30,39,41,37,19)(2,18,36,40,42,31,12)(3,14,32,22,24,34,10)(4,28,38,23,5,26,20)(7,15,35,33,9,17,13)(8,27,21,16,29,25,11)
(1,37,39,6,19,41,30)(2,31,40,18,12,42,36)(3,34,22,14,10,24,32)(4,26,23,28,20,5,38)(7,17,33,15,13,9,35)(8,25,16,27,11,29,21)
(1,30,41,19,6,39,37)(2,36,42,12,18,40,31)(3,32,24,10,14,22,34)(4,38,5,20,28,23,26)(7,35,9,13,15,33,17)(8,21,29,11,27,16,25)
(1,19,37,41,39,30,6)(2,12,31,42,40,36,18)(3,10,34,24,22,32,14)(4,20,26,5,23,38,28)(7,13,17,9,33,35,15)(8,11,25,29,16,21,27)
(1,39,19,30,37,6,41)(2,40,12,36,31,18,42)(3,22,10,32,34,14,24)(4,23,20,38,26,28,5)(7,33,13,35,17,15,9)(8,16,11,21,25,27,29)
(1,32,8,11,34,6,38)(2,20,17,29,21,7,26)(3,30,9,12,18,15,19)(4,39,37,5,36,16,31)(10,23,35,41,33,28,14)(13,40,25,24,22,27,42)
(1,30,28,12,8,36,5)(2,21,14,3,25,18,33)(4,13,6,7,26,34,22)(9,38,42,23,35,27,11)(10,29,16,32,37,20,41)(15,40,31,17,39,24,19)
(1,11,38,8,6,32,34)(2,29,26,17,7,20,21)(3,12,19,9,15,30,18)(4,5,31,37,16,39,36)(10,41,14,35,28,23,33)(13,24,42,25,27,40,22)
(1,42,27,26,4,15,33,32)(2,22,39,7,3,17,37,24)(5,20,25,40,6,34,35,9)(8,41,11,12,23,16,28,18)(10,14,36,30,21,29,19,31)(13,38)
(1,41,10,8,40,2,21,24)(3,11,13,37,23,15,36,26)(4,9)(5,19,35,16,22,38,18,7)(6,33,31,17,39,14,34,32)(12,29,27,25,42,20,30,28)
(1,24,21,2,40,8,10,41)(3,26,36,15,23,37,13,11)(4,9)(5,7,18,38,22,16,35,19)(6,32,34,14,39,17,31,33)(12,28,30,20,42,25,27,29)
(1,8,21,41,40,24,10,2)(3,37,36,11,23,26,13,15)(4,9)(5,16,18,19,22,7,35,38)(6,17,34,33,39,32,31,14)(12,25,30,29,42,28,27,20)
(1,20,24,7,34,4,39,37)(2,32,28,21,22,35,16,19)(3,36,41,25,17,10,11,26)(5,30,42,13,15,31,6,38)(8,23,27,9,12,18,40,33)(14,29)
(1,15,26,36,3,41,31,27)(2,30,34,40,5,35,19,16)(4,29,37,10,6,8,38,28)(7,22,32,33,23,11,25,20)(9,14,18,21,42,24,13,17)(12,39)
(1,41,26,27,3,15,31,36)(2,35,34,16,5,30,19,40)(4,8,37,28,6,29,38,10)(7,11,32,20,23,22,25,33)(9,24,18,17,42,14,13,21)(12,39)
(1,36,31,15,3,27,26,41)(2,40,19,30,5,16,34,35)(4,10,38,29,6,28,37,8)(7,33,25,22,23,20,32,11)(9,21,13,14,42,17,18,24)(12,39)
(1,27,31,41,3,36,26,15)(2,16,19,35,5,40,34,30)(4,28,38,8,6,10,37,29)(7,20,25,11,23,33,32,22)(9,17,13,24,42,21,18,14)(12,39)
(1,4,24,37,34,20,39,7)(2,35,28,19,22,32,16,21)(3,10,41,26,17,36,11,25)(5,31,42,38,15,30,6,13)(8,18,27,33,12,23,40,9)(14,29)
(1,7,39,20,34,37,24,4)(2,21,16,32,22,19,28,35)(3,25,11,36,17,26,41,10)(5,13,6,30,15,38,42,31)(8,9,40,23,12,33,27,18)(14,29)
(1,37,39,4,34,7,24,20)(2,19,16,35,22,21,28,32)(3,26,11,10,17,25,41,36)(5,38,6,31,15,13,42,30)(8,33,40,18,12,9,27,23)(14,29)
(1,26,15,36,23,24,29,33)(2,38,39,4,31,11,21,25)(3,37,6,34,16,18,42,27)(5,19,7,8,14,20,40,35)(9,30,22,10,32,41,13,12)(17,28)
(1,30,28,10,35,3,38,37)(2,39,5,20,41,12,15,33)(4,32,42,19,8,7,14,27)(6,36,24,23,29,34,9,25)(11,22)(13,18,40,31,17,21,26,16)
(1,36,29,26,23,33,15,24)(2,4,21,38,31,25,39,11)(3,34,42,37,16,27,6,18)(5,8,40,19,14,35,7,20)(9,10,13,30,32,12,22,41)(17,28)
(1,33,29,24,23,36,15,26)(2,25,21,11,31,4,39,38)(3,27,42,18,16,34,6,37)(5,35,40,20,14,8,7,19)(9,12,13,41,32,10,22,30)(17,28)
(1,26,33,42,4,32,27,15)(2,7,37,22,3,24,39,17)(5,40,35,20,6,9,25,34)(8,12,28,41,23,18,11,16)(10,30,19,14,21,31,36,29)(13,38)
(1,32,33,15,4,26,27,42)(2,24,37,17,3,7,39,22)(5,9,35,34,6,40,25,20)(8,18,28,16,23,12,11,41)(10,31,19,29,21,30,36,14)(13,38)
(1,2,10,24,40,41,21,8)(3,15,13,26,23,11,36,37)(4,9)(5,38,35,7,22,19,18,16)(6,14,31,32,39,33,34,17)(12,20,27,28,42,29,30,25)
(1,15,27,32,4,42,33,26)(2,17,39,24,3,22,37,7)(5,34,25,9,6,20,35,40)(8,16,11,18,23,41,28,12)(10,29,36,31,21,14,19,30)(13,38)
(1,3,28,37,35,30,38,10)(2,12,5,33,41,39,15,20)(4,7,42,27,8,32,14,19)(6,34,24,25,29,36,9,23)(11,22)(13,21,40,16,17,18,26,31)
(1,10,38,30,35,37,28,3)(2,20,15,39,41,33,5,12)(4,19,14,32,8,27,42,7)(6,23,9,36,29,25,24,34)(11,22)(13,31,26,18,17,16,40,21)
(1,37,38,3,35,10,28,30)(2,33,15,12,41,20,5,39)(4,27,14,7,8,19,42,32)(6,25,9,34,29,23,24,36)(11,22)(13,16,26,21,17,31,40,18)
(1,38,27,22,7,31,18,41)(2,40,13,34,11,23,30,37)(3,29,17,15,16,14,28,5)(4,21,19,20,39,25,26,24)(6,42)(8,9,10,36,33,12,32,35)
(1,39,26,29,10,33,18,42)(2,41)(3,23,25,30,38,19,27,28)(4,22,8,15,9,11,24,5)(6,40,12,35,14,21,20,37)(7,32,31,13,36,34,17,16)
(1,33,26,42,10,39,18,29)(2,41)(3,19,25,28,38,23,27,30)(4,11,8,5,9,22,24,15)(6,21,12,37,14,40,20,35)(7,34,31,16,36,32,17,13)
(1,29,18,39,10,42,26,33)(2,41)(3,30,27,23,38,28,25,19)(4,15,24,22,9,5,8,11)(6,35,20,40,14,37,12,21)(7,13,17,32,36,16,31,34)
(1,42,18,33,10,29,26,39)(2,41)(3,28,27,19,38,30,25,23)(4,5,24,11,9,15,8,22)(6,37,20,21,14,35,12,40)(7,16,17,34,36,13,31,32)
(1,17,23,42,40,28,7,6)(2,8,35,31,38,36,33,11)(3,16)(4,37,32,14,21,27,12,15)(5,9,18,25,29,10,34,39)(13,19,20,22,41,24,26,30)
(1,28,23,6,40,17,7,42)(2,36,35,11,38,8,33,31)(3,16)(4,27,32,15,21,37,12,14)(5,10,18,39,29,9,34,25)(13,24,20,30,41,19,26,22)
(1,42,7,17,40,6,23,28)(2,31,33,8,38,11,35,36)(3,16)(4,14,12,37,21,15,32,27)(5,25,34,9,29,39,18,10)(13,22,26,19,41,30,20,24)
(1,6,7,28,40,42,23,17)(2,11,33,36,38,31,35,8)(3,16)(4,15,12,27,21,14,32,37)(5,39,34,10,29,25,18,9)(13,30,26,24,41,22,20,19)
(1,24,22,29,16,18,33,38)(2,5,42,17,27,36,21,9)(3,37,20,13,40,8,11,14)(4,41,15,6,28,34,19,10)(7,26,12,31,23,35,39,30)(25,32)
(1,18,22,38,16,24,33,29)(2,36,42,9,27,5,21,17)(3,8,20,14,40,37,11,13)(4,34,15,10,28,41,19,6)(7,35,12,30,23,26,39,31)(25,32)
(1,29,33,24,16,38,22,18)(2,17,21,5,27,9,42,36)(3,13,11,37,40,14,20,8)(4,6,19,41,28,10,15,34)(7,31,39,26,23,30,12,35)(25,32)
(1,38,33,18,16,29,22,24)(2,9,21,36,27,17,42,5)(3,14,11,8,40,13,20,37)(4,10,19,34,28,6,15,41)(7,30,39,35,23,31,12,26)(25,32)
(1,32,22,27,21,31,15,28)(2,18,4,35,41,37,9,26)(3,23,39,33,19,38,14,6)(5,17,40,25,11,34,10,30)(7,12,20,36,13,29,42,16)(8,24)
(1,31,22,28,21,32,15,27)(2,37,4,26,41,18,9,35)(3,38,39,6,19,23,14,33)(5,34,40,30,11,17,10,25)(7,29,20,16,13,12,42,36)(8,24)
(1,27,15,32,21,28,22,31)(2,35,9,18,41,26,4,37)(3,33,14,23,19,6,39,38)(5,25,10,17,11,30,40,34)(7,36,42,12,13,16,20,29)(8,24)
(1,28,15,31,21,27,22,32)(2,26,9,37,41,35,4,18)(3,6,14,38,19,33,39,23)(5,30,10,34,11,25,40,17)(7,16,42,29,13,36,20,12)(8,24)
(1,28,29,22,9,18,31,39)(2,24,35,25,7,3,42,15)(4,37,30,12,40,17,14,11)(5,41,8,26,32,23,16,6)(10,27,13,33,21,34,38,20)(19,36)
(1,18,29,39,9,28,31,22)(2,3,35,15,7,24,42,25)(4,17,30,11,40,37,14,12)(5,23,8,6,32,41,16,26)(10,34,13,20,21,27,38,33)(19,36)
(1,22,31,28,9,39,29,18)(2,25,42,24,7,15,35,3)(4,12,14,37,40,11,30,17)(5,26,16,41,32,6,8,23)(10,33,38,27,21,20,13,34)(19,36)
(1,19,9,38,40,36,4,13)(2,29,16,34,24,30,23,33)(3,27,8,31,7,20,41,14)(5,6,17,37,26,32,39,22)(10,21)(11,15,42,28,18,35,25,12)
(1,23,39,11,5,14,38,21)(2,42,30,19,4,16,32,33)(3,25,20,41,6,31,36,9)(7,12,22,15,29,13,10,40)(8,17,35,27,24,28,26,34)(18,37)
(1,20,42,21,11,16,36,5)(2,23,34,29,9,39,28,13)(3,19,15,40,33,6,10,22)(4,12,17,38,41,7,27,14)(8,32,37,30,24,25,18,31)(26,35)
(1,39,31,18,9,22,29,28)(2,15,42,3,7,25,35,24)(4,11,14,17,40,12,30,37)(5,6,16,23,32,26,8,41)(10,20,38,34,21,33,13,27)(19,36)
(1,5,36,16,11,21,42,20)(2,13,28,39,9,29,34,23)(3,22,10,6,33,40,15,19)(4,14,27,7,41,38,17,12)(8,31,18,25,24,30,37,32)(26,35)
(1,40)(2,39,19,28,8,32,13,42)(3,4,23,10,16,9,7,21)(5,22,20,27,37,26,30,29)(6,41,12,36,17,24,25,38)(11,33,34,18,35,31,14,15)
(1,21,38,14,5,11,39,23)(2,33,32,16,4,19,30,42)(3,9,36,31,6,41,20,25)(7,40,10,13,29,15,22,12)(8,34,26,28,24,27,35,17)(18,37)
(1,11,38,23,5,21,39,14)(2,19,32,42,4,33,30,16)(3,41,36,25,6,9,20,31)(7,15,10,12,29,40,22,13)(8,27,26,17,24,34,35,28)(18,37)
(1,40)(2,32,19,42,8,39,13,28)(3,9,23,21,16,4,7,10)(5,26,20,29,37,22,30,27)(6,24,12,38,17,41,25,36)(11,31,34,15,35,33,14,18)
(1,40)(2,28,13,39,8,42,19,32)(3,10,7,4,16,21,23,9)(5,27,30,22,37,29,20,26)(6,36,25,41,17,38,12,24)(11,18,14,33,35,15,34,31)
(1,40)(2,42,13,32,8,28,19,39)(3,21,7,9,16,10,23,4)(5,29,30,26,37,27,20,22)(6,38,25,24,17,36,12,41)(11,15,14,31,35,18,34,33)
(1,9,24,35,30,14,42,3)(2,37,32,13,15,28,23,21)(4,8,26,31,29,6,16,40)(5,17,7,10,41,18,25,38)(11,27,39,36,22,34,12,19)(20,33)
(1,16,42,5,11,20,36,21)(2,39,34,13,9,23,28,29)(3,6,15,22,33,19,10,40)(4,7,17,14,41,12,27,38)(8,25,37,31,24,32,18,30)(26,35)
(1,35,42,9,30,3,24,14)(2,13,23,37,15,21,32,28)(4,31,16,8,29,40,26,6)(5,10,25,17,41,38,7,18)(11,36,12,27,22,19,39,34)(20,33)
(1,3,42,14,30,35,24,9)(2,21,23,28,15,13,32,37)(4,40,16,6,29,31,26,8)(5,38,25,18,41,10,7,17)(11,19,12,34,22,36,39,27)(20,33)
(1,41,18,31,7,22,27,38)(2,37,30,23,11,34,13,40)(3,5,28,14,16,15,17,29)(4,24,26,25,39,20,19,21)(6,42)(8,35,32,12,33,36,10,9)
(1,9,41,5,14,30,32,23)(2,15,29,31,25,7,40,4)(3,10,8,11,42,13,26,39)(6,38,35,12,16,21,24,22)(17,19,37,33,28,36,18,20)(27,34)
(1,22,18,38,7,41,27,31)(2,34,30,40,11,37,13,23)(3,15,28,29,16,5,17,14)(4,20,26,21,39,24,19,25)(6,42)(8,36,32,9,33,35,10,12)
(1,30,41,23,14,9,32,5)(2,7,29,4,25,15,40,31)(3,13,8,39,42,10,26,11)(6,21,35,22,16,38,24,12)(17,36,37,20,28,19,18,33)(27,34)
(1,5,32,9,14,23,41,30)(2,31,40,15,25,4,29,7)(3,11,26,10,42,39,8,13)(6,12,24,38,16,22,35,21)(17,33,18,19,28,20,37,36)(27,34)
(1,23,32,30,14,5,41,9)(2,4,40,7,25,31,29,15)(3,39,26,13,42,11,8,10)(6,22,24,21,16,12,35,38)(17,20,18,36,28,33,37,19)(27,34)
(1,31,27,41,7,38,18,22)(2,23,13,37,11,40,30,34)(3,14,17,5,16,29,28,15)(4,25,19,24,39,21,26,20)(6,42)(8,12,10,35,33,9,32,36)
(1,25,16,39,40,32,3,12)(2,8,37,27,36,38,29,5)(4,26,17,33,10,30,42,11)(6,22,9,35,28,20,21,31)(7,23)(13,14,15,41,24,18,34,19)
(1,32,16,12,40,25,3,39)(2,38,37,5,36,8,29,27)(4,30,17,11,10,26,42,33)(6,20,9,31,28,22,21,35)(7,23)(13,18,15,19,24,14,34,41)
(1,39,3,25,40,12,16,32)(2,27,29,8,36,5,37,38)(4,33,42,26,10,11,17,30)(6,35,21,22,28,31,9,20)(7,23)(13,41,34,14,24,19,15,18)
(1,12,3,32,40,39,16,25)(2,5,29,38,36,27,37,8)(4,11,42,30,10,33,17,26)(6,31,21,20,28,35,9,22)(7,23)(13,19,34,18,24,41,15,14)
(1,16,28,34,20,11,41,4)(2,9,40,3,17,27,33,22)(5,8,10,7,42,18,19,39)(6,37,36,12,15,24,21,23)(13,25,14,26,38,32,29,35)(30,31)
(1,11,28,4,20,16,41,34)(2,27,40,22,17,9,33,3)(5,18,10,39,42,8,19,7)(6,24,36,23,15,37,21,12)(13,32,14,35,38,25,29,26)(30,31)
(1,34,41,16,20,4,28,11)(2,3,33,9,17,22,40,27)(5,7,19,8,42,39,10,18)(6,12,21,37,15,23,36,24)(13,26,29,25,38,35,14,32)(30,31)
(1,4,41,11,20,34,28,16)(2,22,33,27,17,3,40,9)(5,39,19,18,42,7,10,8)(6,23,21,24,15,12,36,37)(13,35,29,32,38,26,14,25)(30,31)
(1,14,24,3,30,9,42,35)(2,28,32,21,15,37,23,13)(4,6,26,40,29,8,16,31)(5,18,7,38,41,17,25,10)(11,34,39,19,22,27,12,36)(20,33)
(1,24,15,33,23,26,29,36)(2,11,39,25,31,38,21,4)(3,18,6,27,16,37,42,34)(5,20,7,35,14,19,40,8)(9,41,22,12,32,30,13,10)(17,28)
(1,36,9,13,40,19,4,38)(2,30,16,33,24,29,23,34)(3,20,8,14,7,27,41,31)(5,32,17,22,26,6,39,37)(10,21)(11,35,42,12,18,15,25,28)
(1,38,4,19,40,13,9,36)(2,34,23,29,24,33,16,30)(3,31,41,27,7,14,8,20)(5,37,39,6,26,22,17,32)(10,21)(11,28,25,15,18,12,42,35)
(1,13,4,36,40,38,9,19)(2,33,23,30,24,34,16,29)(3,14,41,20,7,31,8,27)(5,22,39,32,26,37,17,6)(10,21)(11,12,25,35,18,28,42,15)
(1,21,36,20,11,5,42,16)(2,29,28,23,9,13,34,39)(3,40,10,19,33,22,15,6)(4,38,27,12,41,14,17,7)(8,30,18,32,24,31,37,25)(26,35)
(1,35,36,7,37,10,32,34)(2,29,22,6,41,14,11,42)(3,8,13,39,28,9,31,20)(4,30,33,16,24,38,12,17)(5,15)(18,21,25,27,40,26,19,23)
(1,10,36,34,37,35,32,7)(2,14,22,42,41,29,11,6)(3,9,13,20,28,8,31,39)(4,38,33,17,24,30,12,16)(5,15)(18,26,25,23,40,21,19,27)
(1,7,32,35,37,34,36,10)(2,6,11,29,41,42,22,14)(3,39,31,8,28,20,13,9)(4,16,12,30,24,17,33,38)(5,15)(18,27,19,21,40,23,25,26)
(1,34,32,10,37,7,36,35)(2,42,11,14,41,6,22,29)(3,20,31,9,28,39,13,8)(4,17,12,38,24,16,33,30)(5,15)(18,23,19,26,40,27,25,21)
(1,14,39,21,5,23,38,11)(2,16,30,33,4,42,32,19)(3,31,20,9,6,25,36,41)(7,13,22,40,29,12,10,15)(8,28,35,34,24,17,26,27)(18,37)
(1,14,18,12,10,6,26,20)(3,31,27,7,38,17,25,36)(4,5,24,11,9,15,8,22)(13,28,32,19,16,30,34,23)(21,42,35,33,40,29,37,39)
(1,2,10,24,40,41,21,8)(3,22,13,18,23,5,36,35)(6,20,31,28,39,29,34,25)(7,15,19,26,16,11,38,37)(12,14,27,32,42,33,30,17)
(1,41,10,8,40,2,21,24)(3,5,13,35,23,22,36,18)(6,29,31,25,39,20,34,28)(7,11,19,37,16,15,38,26)(12,33,27,17,42,14,30,32)
(1,24,21,2,40,8,10,41)(3,18,36,22,23,35,13,5)(6,28,34,20,39,25,31,29)(7,26,38,15,16,37,19,11)(12,32,30,14,42,17,27,33)
(1,8,21,41,40,24,10,2)(3,35,36,5,23,18,13,22)(6,25,34,29,39,28,31,20)(7,37,38,11,16,26,19,15)(12,17,30,33,42,32,27,14)
(2,6,13,25,8,17,19,12)(3,10,7,4,16,21,23,9)(5,14,30,35,37,34,20,11)(15,29,31,26,18,27,33,22)(24,28,36,39,41,42,38,32)
(1,10,38,29,5,22,39,7)(2,20,32,3,4,36,30,6)(8,27,26,17,24,34,35,28)(9,19,31,42,41,33,25,16)(11,12,23,40,21,13,14,15)
(2,17,13,12,8,6,19,25)(3,21,7,9,16,10,23,4)(5,34,30,11,37,14,20,35)(15,27,31,22,18,29,33,26)(24,42,36,32,41,28,38,39)
(2,25,19,6,8,12,13,17)(3,4,23,10,16,9,7,21)(5,35,20,14,37,11,30,34)(15,26,33,29,18,22,31,27)(24,39,38,28,41,32,36,42)
(2,12,19,17,8,25,13,6)(3,9,23,21,16,4,7,10)(5,11,20,34,37,35,30,14)(15,22,33,27,18,26,31,29)(24,32,38,42,41,39,36,28)
(1,12,31,37,9,11,29,17)(2,5,42,16,7,32,35,8)(3,23,25,26,24,41,15,6)(4,22,14,28,40,39,30,18)(10,33,38,27,21,20,13,34)
(1,21,38,31,35,18,28,16)(2,33,15,12,41,20,5,39)(3,40,10,13,30,26,37,17)(4,36,14,25,8,34,42,23)(6,7,9,19,29,32,24,27)
(1,18,38,16,35,21,28,31)(2,20,15,39,41,33,5,12)(3,26,10,17,30,40,37,13)(4,34,14,23,8,36,42,25)(6,32,9,27,29,7,24,19)
(1,31,28,21,35,16,38,18)(2,12,5,33,41,39,15,20)(3,13,37,40,30,17,10,26)(4,25,42,36,8,23,14,34)(6,19,24,7,29,27,9,32)
(1,11,31,17,9,12,29,37)(2,32,42,8,7,5,35,16)(3,41,25,6,24,23,15,26)(4,39,14,18,40,22,30,28)(10,20,38,34,21,33,13,27)
(1,4,24,26,30,29,42,16)(2,18,32,38,15,17,23,10)(3,40,9,8,35,31,14,6)(5,28,7,21,41,37,25,13)(11,34,39,19,22,27,12,36)
(1,22,38,7,5,10,39,29)(2,36,32,6,4,20,30,3)(8,34,26,28,24,27,35,17)(9,33,31,16,41,19,25,42)(11,13,23,15,21,12,14,40)
(1,29,39,10,5,7,38,22)(2,3,30,20,4,6,32,36)(8,17,35,27,24,28,26,34)(9,42,25,19,41,16,31,33)(11,40,14,12,21,15,23,13)
(1,12,26,14,10,20,18,6)(3,7,25,31,38,36,27,17)(4,11,8,5,9,22,24,15)(13,19,34,28,16,23,32,30)(21,33,37,42,40,39,35,29)
(1,20,26,6,10,12,18,14)(3,36,25,17,38,7,27,31)(4,22,8,15,9,11,24,5)(13,23,34,30,16,19,32,28)(21,39,37,29,40,33,35,42)
(1,34,31,2,3,19,26,5)(4,17,38,24,6,21,37,14)(7,33,25,22,23,20,32,11)(8,42,10,18,29,9,28,13)(15,40,27,30,41,16,36,35)
(1,6,18,20,10,14,26,12)(3,17,27,36,38,31,25,7)(4,15,24,22,9,5,8,11)(13,30,32,23,16,28,34,19)(21,29,35,39,40,42,37,33)
(1,28,23,6,40,17,7,42)(2,24,35,30,38,19,33,22)(4,18,32,29,21,34,12,5)(8,26,31,13,36,20,11,41)(9,37,25,14,10,27,39,15)
(1,17,23,42,40,28,7,6)(2,19,35,22,38,24,33,30)(4,34,32,5,21,18,12,29)(8,20,31,41,36,26,11,13)(9,27,25,15,10,37,39,14)
(1,29,24,16,30,4,42,26)(2,17,32,10,15,18,23,38)(3,31,9,6,35,40,14,8)(5,37,7,13,41,28,25,21)(11,27,39,36,22,34,12,19)
(1,6,7,28,40,42,23,17)(2,30,33,24,38,22,35,19)(4,29,12,18,21,5,32,34)(8,13,11,26,36,41,31,20)(9,14,39,37,10,15,25,27)
(1,42,7,17,40,6,23,28)(2,22,33,19,38,30,35,24)(4,5,12,34,21,29,32,18)(8,41,11,20,36,13,31,26)(9,15,39,27,10,14,25,37)
(1,26,42,4,30,16,24,29)(2,38,23,18,15,10,32,17)(3,8,14,40,35,6,9,31)(5,21,25,28,41,13,7,37)(11,19,12,34,22,36,39,27)
(1,16,42,29,30,26,24,4)(2,10,23,17,15,38,32,18)(3,6,14,31,35,8,9,40)(5,13,25,37,41,21,7,28)(11,36,12,27,22,19,39,34)
(1,17,15,30,21,34,22,25)(2,35,9,18,41,26,4,37)(3,42,14,13,19,20,39,7)(5,31,10,27,11,32,40,28)(6,29,38,36,33,12,23,16)
(1,34,15,25,21,17,22,30)(2,26,9,37,41,35,4,18)(3,20,14,7,19,42,39,13)(5,32,10,28,11,31,40,27)(6,12,38,16,33,29,23,36)
(1,19,31,5,3,34,26,2)(4,21,38,14,6,17,37,24)(7,20,25,11,23,33,32,22)(8,9,10,13,29,42,28,18)(15,16,27,35,41,40,36,30)
(1,16,28,18,35,31,38,21)(2,39,5,20,41,12,15,33)(3,17,37,26,30,13,10,40)(4,23,42,34,8,25,14,36)(6,27,24,32,29,19,9,7)
(1,5,26,19,3,2,31,34)(4,14,37,21,6,24,38,17)(7,11,32,20,23,22,25,33)(8,13,28,9,29,18,10,42)(15,35,36,16,41,30,27,40)
(1,2,26,34,3,5,31,19)(4,24,37,17,6,14,38,21)(7,22,32,33,23,11,25,20)(8,18,28,42,29,13,10,9)(15,30,36,40,41,35,27,16)
(1,26,36,23,37,21,32,27)(2,14,22,42,41,29,11,6)(3,24,13,12,28,4,31,33)(7,18,10,25,34,40,35,19)(8,38,39,17,9,30,20,16)
(1,21,36,27,37,26,32,23)(2,29,22,6,41,14,11,42)(3,4,13,33,28,24,31,12)(7,40,10,19,34,18,35,25)(8,30,39,16,9,38,20,17)
(1,23,32,26,37,27,36,21)(2,42,11,14,41,6,22,29)(3,12,31,24,28,33,13,4)(7,25,35,18,34,19,10,40)(8,17,20,38,9,16,39,30)
(1,27,32,21,37,23,36,26)(2,6,11,29,41,42,22,14)(3,33,31,4,28,12,13,24)(7,19,35,40,34,25,10,18)(8,16,20,30,9,17,39,38)
(1,9,24,18,34,33,39,23)(2,26,28,36,22,25,16,10)(3,21,41,35,17,19,11,32)(4,8,37,27,20,12,7,40)(5,30,42,13,15,31,6,38)
(1,33,24,23,34,9,39,18)(2,25,28,10,22,26,16,36)(3,19,41,32,17,21,11,35)(4,12,37,40,20,8,7,27)(5,31,42,38,15,30,6,13)
(1,18,39,9,34,23,24,33)(2,36,16,26,22,10,28,25)(3,35,11,21,17,32,41,19)(4,27,7,8,20,40,37,12)(5,13,6,30,15,38,42,31)
(1,23,39,33,34,18,24,9)(2,10,16,25,22,36,28,26)(3,32,11,19,17,35,41,21)(4,40,7,12,20,27,37,8)(5,38,6,31,15,13,42,30)
(1,30,22,17,21,25,15,34)(2,18,4,35,41,37,9,26)(3,13,39,42,19,7,14,20)(5,27,40,31,11,28,10,32)(6,36,23,29,33,16,38,12)
(1,25,22,34,21,30,15,17)(2,37,4,26,41,18,9,35)(3,7,39,20,19,13,14,42)(5,28,40,32,11,27,10,31)(6,16,23,12,33,36,38,29)
(1,13,27,11,7,30,18,2)(3,14,17,5,16,29,28,15)(4,10,19,33,39,32,26,8)(9,21,36,20,12,25,35,24)(22,23,31,37,41,40,38,34)
(1,30,27,2,7,13,18,11)(3,29,17,15,16,14,28,5)(4,32,19,8,39,10,26,33)(9,25,36,24,12,21,35,20)(22,40,31,34,41,23,38,37)
(1,11,18,13,7,2,27,30)(3,5,28,14,16,15,17,29)(4,33,26,10,39,8,19,32)(9,20,35,21,12,24,36,25)(22,37,38,23,41,34,31,40)
(1,2,18,30,7,11,27,13)(3,15,28,29,16,5,17,14)(4,8,26,32,39,33,19,10)(9,24,35,25,12,20,36,21)(22,34,38,40,41,37,31,23)
(1,13,33,37,16,14,22,8)(2,4,21,19,27,28,42,15)(3,29,11,24,40,38,20,18)(5,41,9,10,36,34,17,6)(7,31,39,26,23,30,12,35)
(1,14,33,8,16,13,22,37)(2,28,21,15,27,4,42,19)(3,38,11,18,40,29,20,24)(5,34,9,6,36,41,17,10)(7,30,39,35,23,31,12,26)
(1,37,22,13,16,8,33,14)(2,19,42,4,27,15,21,28)(3,24,20,29,40,18,11,38)(5,10,17,41,36,6,9,34)(7,26,12,31,23,35,39,30)
(1,8,22,14,16,37,33,13)(2,15,42,28,27,19,21,4)(3,18,20,38,40,24,11,29)(5,6,17,34,36,10,9,41)(7,35,12,30,23,26,39,31)
(1,12,3,32,40,39,16,25)(2,34,29,24,36,15,37,13)(4,20,42,35,10,22,17,31)(5,18,38,41,27,14,8,19)(6,26,21,11,28,30,9,33)
(1,39,3,25,40,12,16,32)(2,15,29,13,36,34,37,24)(4,22,42,31,10,20,17,35)(5,14,38,19,27,18,8,41)(6,30,21,33,28,26,9,11)
(1,32,16,12,40,25,3,39)(2,24,37,34,36,13,29,15)(4,35,17,20,10,31,42,22)(5,41,8,18,27,19,38,14)(6,11,9,26,28,33,21,30)
(1,25,16,39,40,32,3,12)(2,13,37,15,36,24,29,34)(4,31,17,22,10,35,42,20)(5,19,8,14,27,41,38,18)(6,33,9,30,28,11,21,26)
(1,36,9,13,40,19,4,38)(2,14,16,27,24,31,23,20)(3,34,8,30,7,33,41,29)(5,42,17,18,26,25,39,11)(6,28,37,35,32,12,22,15)
(1,19,9,38,40,36,4,13)(2,31,16,20,24,14,23,27)(3,33,8,29,7,34,41,30)(5,25,17,11,26,42,39,18)(6,12,37,15,32,28,22,35)
(1,13,4,36,40,38,9,19)(2,27,23,14,24,20,16,31)(3,30,41,34,7,29,8,33)(5,18,39,42,26,11,17,25)(6,35,22,28,32,15,37,12)
(1,38,4,19,40,13,9,36)(2,20,23,31,24,27,16,14)(3,29,41,33,7,30,8,34)(5,11,39,25,26,18,17,42)(6,15,22,12,32,35,37,28)
(1,35,15,19,23,8,29,20)(2,13,39,9,31,22,21,32)(3,18,6,27,16,37,42,34)(4,30,11,10,25,41,38,12)(5,36,7,24,14,33,40,26)
(1,27,41,3,20,9,28,22)(2,16,33,4,17,11,40,34)(5,23,19,24,42,12,10,37)(6,39,21,18,15,7,36,8)(13,35,29,32,38,26,14,25)
(1,19,29,35,23,20,15,8)(2,9,21,13,31,32,39,22)(3,27,42,18,16,34,6,37)(4,10,38,30,25,12,11,41)(5,24,40,36,14,26,7,33)
(1,20,29,8,23,19,15,35)(2,32,21,22,31,9,39,13)(3,34,42,37,16,27,6,18)(4,12,38,41,25,10,11,30)(5,26,40,33,14,24,7,36)
(1,37,29,12,9,17,31,11)(2,16,35,5,7,8,42,32)(3,26,15,23,24,6,25,41)(4,28,30,22,40,18,14,39)(10,27,13,33,21,34,38,20)
(1,6,27,35,4,5,33,25)(2,11,39,23,3,28,37,8)(7,16,17,18,24,41,22,12)(9,15,20,32,40,42,34,26)(10,29,36,31,21,14,19,30)
(1,7,39,22,5,29,38,10)(2,6,30,36,4,3,32,20)(8,28,35,34,24,17,26,27)(9,16,25,33,41,42,31,19)(11,15,14,13,21,40,23,12)
(1,17,29,11,9,37,31,12)(2,8,35,32,7,16,42,5)(3,6,15,41,24,26,25,23)(4,18,30,39,40,28,14,22)(10,34,13,20,21,27,38,33)
(1,5,27,25,4,6,33,35)(2,28,39,8,3,11,37,23)(7,41,17,12,24,16,22,18)(9,42,20,26,40,15,34,32)(10,14,36,30,21,29,19,31)
(1,4,41,15,14,31,32,7)(2,5,29,30,25,23,40,9)(3,21,8,22,42,38,26,12)(6,13,35,39,16,10,24,11)(17,36,37,20,28,19,18,33)
(1,31,41,7,14,4,32,15)(2,23,29,9,25,5,40,30)(3,38,8,12,42,21,26,22)(6,10,35,11,16,13,24,39)(17,19,37,33,28,36,18,20)
(1,15,32,4,14,7,41,31)(2,30,40,5,25,9,29,23)(3,22,26,21,42,12,8,38)(6,39,24,13,16,11,35,10)(17,20,18,36,28,33,37,19)
(1,7,32,31,14,15,41,4)(2,9,40,23,25,30,29,5)(3,12,26,38,42,22,8,21)(6,11,24,10,16,39,35,13)(17,33,18,19,28,20,37,36)
(1,35,33,6,4,25,27,5)(2,23,37,11,3,8,39,28)(7,18,22,16,24,12,17,41)(9,32,34,15,40,26,20,42)(10,31,19,29,21,30,36,14)
(1,25,33,5,4,35,27,6)(2,8,37,28,3,23,39,11)(7,12,22,41,24,18,17,16)(9,26,34,42,40,32,20,15)(10,30,19,14,21,31,36,29)
(1,3,42,15,11,33,36,10)(2,12,34,38,9,7,28,14)(4,23,17,29,41,39,27,13)(5,22,20,19,21,40,16,6)(8,32,37,30,24,25,18,31)
(1,33,42,10,11,3,36,15)(2,7,34,14,9,12,28,38)(4,39,17,13,41,23,27,29)(5,40,20,6,21,22,16,19)(8,25,37,31,24,32,18,30)
(1,15,36,3,11,10,42,33)(2,38,28,12,9,14,34,7)(4,29,27,23,41,13,17,39)(5,19,16,22,21,6,20,40)(8,30,18,32,24,31,37,25)
(1,10,36,33,11,15,42,3)(2,14,28,7,9,38,34,12)(4,13,27,39,41,29,17,23)(5,6,16,40,21,19,20,22)(8,31,18,25,24,30,37,32)
(1,3,28,27,20,22,41,9)(2,4,40,16,17,34,33,11)(5,24,10,23,42,37,19,12)(6,18,36,39,15,8,21,7)(13,32,14,35,38,25,29,26)
(1,22,28,9,20,3,41,27)(2,34,40,11,17,4,33,16)(5,37,10,12,42,24,19,23)(6,8,36,7,15,18,21,39)(13,25,14,26,38,32,29,35)
(1,8,15,20,23,35,29,19)(2,22,39,32,31,13,21,9)(3,37,6,34,16,18,42,27)(4,41,11,12,25,30,38,10)(5,33,7,26,14,36,40,24)
(1,9,41,22,20,27,28,3)(2,11,33,34,17,16,40,4)(5,12,19,37,42,23,10,24)(6,7,21,8,15,39,36,18)(13,26,29,25,38,35,14,32)
(1,22,38,24,6,25,34,40,11,13,8,42,32,27)(2,14,26,28,7,33,21,41,29,35,17,23,20,10)(3,39,19,4,15,31,18,16,12,36,9,5,30,37)
(1,38,35,2,42,27,12,40,13,26,41,6,34,39)(3,36,25,9,29,18,22,16,19,32,4,14,37,11)(5,28,33,7,21,30,8,15,17,20,23,10,31,24)
(1,27,41,38,12,6,35,40,34,2,13,39,42,26)(3,18,4,36,22,14,25,16,37,9,19,11,29,32)(5,30,23,28,8,10,33,15,31,7,17,24,21,20)
(1,6,13,27,35,39,41,40,42,38,34,26,12,2)(3,14,19,18,25,11,4,16,29,36,37,32,22,9)(5,10,17,30,33,24,23,15,21,28,31,20,8,7)
(1,33,42,32,2,13,37,40,20,6,25,41,38,18)(3,12,5,31,24,10,27,16,39,15,30,8,21,34)(4,19,28,23,11,14,35,9,36,17,7,22,29,26)
(1,32,14,17,24,22,19,40,25,29,28,8,11,36)(2,20,10,23,31,42,37,41,33,21,7,30,6,18)(3,26,15,27,4,12,38,16,35,5,34,9,39,13)
(1,22,28,32,19,8,14,40,11,17,25,36,24,29)(2,42,7,20,37,30,10,41,6,23,33,18,31,21)(3,12,34,26,38,9,15,16,39,27,35,13,4,5)
(1,29,24,36,25,17,11,40,14,8,19,32,28,22)(2,21,31,18,33,23,6,41,10,30,37,20,7,42)(3,5,4,13,35,27,39,16,15,9,38,26,34,12)
(1,8,25,22,14,36,28,40,24,32,11,29,19,17)(2,30,33,42,10,18,7,41,31,20,6,21,37,23)(3,9,35,12,15,13,34,16,4,26,39,5,38,27)
(1,36,11,8,28,29,25,40,19,22,24,17,14,32)(2,18,6,30,7,21,33,41,37,42,31,23,10,20)(3,13,39,9,34,5,35,16,38,12,4,27,15,26)
(1,25,8,22,34,42,38,40,32,24,11,27,6,13)(2,33,17,14,21,23,26,41,20,28,29,10,7,35)(3,31,9,39,18,5,19,16,30,4,12,37,15,36)
(1,39,34,6,41,26,13,40,12,27,42,2,35,38)(3,11,37,14,4,32,19,16,22,18,29,9,25,36)(5,24,31,10,23,20,17,15,8,30,21,7,33,28)
(1,42,11,25,38,27,8,40,6,22,32,13,34,24)(2,23,29,33,26,10,17,41,7,14,20,35,21,28)(3,5,12,31,19,37,9,16,15,39,30,36,18,4)
(1,24,34,13,32,22,6,40,8,27,38,25,11,42)(2,28,21,35,20,14,7,41,17,10,26,33,29,23)(3,4,18,36,30,39,15,16,9,37,19,31,12,5)
(1,2,6,18,30,36,39,40,41,42,37,31,19,12)(3,8,14,27,32,21,22,16,24,29,34,25,10,11)(4,15,28,35,38,33,23,9,5,17,26,13,20,7)
(1,27,32,42,8,13,11,40,34,25,6,24,38,22)(2,10,20,23,17,35,29,41,21,33,7,28,26,14)(3,37,30,5,9,36,12,16,18,31,15,4,19,39)
(1,13,6,27,11,24,32,40,38,42,34,22,8,25)(2,35,7,10,29,28,20,41,26,23,21,14,17,33)(3,36,15,37,12,4,30,16,19,5,18,39,9,31)
(1,26,36,41,17,12,14,40,35,19,2,28,39,29)(3,25,38,4,37,20,5,16,32,13,9,18,33,15)(6,7,30,21,8,34,22,42,23,31,10,24,27,11)
(1,41,14,19,39,26,17,40,2,29,36,12,35,28)(3,4,5,13,33,25,37,16,9,15,38,20,32,18)(6,21,22,31,27,7,8,42,10,11,30,34,23,24)
(1,26,42,39,13,2,34,40,35,6,12,38,41,27)(3,32,29,11,19,9,37,16,25,14,22,36,4,18)(5,20,21,24,17,7,31,15,33,10,8,28,23,30)
(1,12,2,26,14,28,36,40,39,41,35,29,17,19)(3,20,9,25,5,18,38,16,33,4,32,15,37,13)(6,34,10,7,22,24,30,42,27,21,23,11,8,31)
(1,2,12,26,34,38,42,40,41,39,35,27,13,6)(3,9,22,32,37,36,29,16,4,11,25,18,19,14)(5,7,8,20,31,28,21,15,23,24,33,30,17,10)
(1,32,37,6,38,33,2,40,25,18,42,13,20,41)(3,31,27,15,21,12,24,16,30,34,5,10,39,8)(4,23,35,17,29,19,11,9,7,26,28,14,36,22)
(1,13,25,33,37,41,42,40,38,32,20,18,2,6)(3,10,30,12,27,8,5,16,21,31,39,34,24,15)(4,14,7,19,35,22,28,9,29,23,36,26,11,17)
(1,6,2,18,20,32,38,40,42,41,37,33,25,13)(3,15,24,34,39,31,21,16,5,8,27,12,30,10)(4,17,11,26,36,23,29,9,28,22,35,19,7,14)
(1,25,13,33,5,28,24,40,32,38,20,15,17,8)(2,16,35,21,12,14,27,41,3,26,10,39,29,34)(4,7,31,36,11,42,18,9,23,30,19,22,6,37)
(1,33,24,38,17,25,5,40,20,8,13,28,32,15)(2,21,27,26,29,16,12,41,10,34,35,14,3,39)(4,36,18,30,6,7,11,9,19,37,31,42,23,22)
(1,28,20,25,24,15,13,40,17,33,32,8,5,38)(2,14,10,16,27,39,35,41,29,21,3,34,12,26)(4,42,19,7,18,22,31,9,6,36,23,37,11,30)
(1,38,5,8,32,33,17,40,13,15,24,25,20,28)(2,26,12,34,3,21,29,41,35,39,27,16,10,14)(4,30,11,37,23,36,6,9,31,22,18,7,19,42)
(1,19,17,29,35,41,39,40,36,28,14,26,2,12)(3,13,37,15,32,4,33,16,38,18,5,25,9,20)(6,31,8,11,23,21,27,42,30,24,22,7,10,34)
(1,28,35,12,36,29,2,40,17,26,39,19,14,41)(3,18,32,20,38,15,9,16,37,25,33,13,5,4)(6,24,23,34,30,11,10,42,8,7,27,31,22,21)
(1,29,39,28,2,19,35,40,14,12,17,41,36,26)(3,15,33,18,9,13,32,16,5,20,37,4,38,25)(6,11,27,24,10,31,23,42,22,34,8,21,30,7)
(1,15,32,28,13,8,20,40,5,25,17,38,24,33)(2,39,3,14,35,34,10,41,12,16,29,26,27,21)(4,22,23,42,31,37,19,9,11,7,6,30,18,36)
(1,31,28,39,8,19,5,40,30,17,12,24,36,15)(2,10,14,16,25,37,33,41,21,29,3,32,18,20)(4,38,6,23,26,27,22,9,13,42,7,35,34,11)
(1,18,39,42,19,2,30,40,37,12,6,36,41,31)(3,27,22,29,10,8,32,16,34,11,14,21,24,25)(4,35,23,17,20,15,38,9,26,7,28,33,5,13)
(1,19,12,31,5,24,28,40,36,39,30,15,8,17)(2,37,3,10,33,32,14,41,18,16,21,20,25,29)(4,27,7,38,22,35,6,9,34,23,13,11,26,42)
(1,17,8,15,30,39,36,40,28,24,5,31,12,19)(2,29,25,20,21,16,18,41,14,32,33,10,3,37)(4,42,26,11,13,23,34,9,6,35,22,38,7,27)
(1,12,19,31,37,42,41,40,39,36,30,18,6,2)(3,11,10,25,34,29,24,16,22,21,32,27,14,8)(4,7,20,13,26,17,5,9,23,33,38,35,28,15)
(1,31,41,36,6,12,37,40,30,2,19,42,39,18)(3,25,24,21,14,11,34,16,32,8,10,29,22,27)(4,13,5,33,28,7,26,9,38,15,20,17,23,35)
(1,42,30,12,41,18,19,40,6,31,39,2,37,36)(3,29,32,11,24,27,10,16,14,25,22,8,34,21)(4,17,38,7,5,35,20,9,28,13,23,15,26,33)
(1,24,30,19,28,15,12,40,8,31,36,17,5,39)(2,32,21,37,14,20,3,41,25,10,18,29,33,16)(4,35,13,27,6,11,7,9,26,38,34,42,22,23)
(1,15,36,24,12,17,30,40,5,19,8,39,28,31)(2,20,18,32,3,29,21,41,33,37,25,16,14,10)(4,11,34,35,7,42,13,9,22,27,26,23,6,38)
(1,41,20,13,42,18,25,40,2,33,38,6,37,32)(3,8,39,10,5,34,30,16,24,12,21,15,27,31)(4,22,36,14,28,26,7,9,11,19,29,17,35,23)
(1,18,38,41,25,6,20,40,37,13,2,32,42,33)(3,34,21,8,30,15,39,16,27,10,24,31,5,12)(4,26,29,22,7,17,36,9,35,14,11,23,28,19)
(1,36,37,2,39,31,6,40,19,18,41,12,30,42)(3,21,34,8,22,25,14,16,10,27,24,11,32,29)(4,33,26,15,23,13,28,9,20,35,5,7,38,17)
(1,39,5,17,36,31,8,40,12,15,28,19,30,24)(2,16,33,29,18,10,25,41,3,20,14,37,21,32)(4,23,22,42,34,38,26,9,7,11,6,27,13,35)
(1,8,17,15,20,38,32,40,24,28,5,33,13,25)(2,34,29,39,10,26,3,41,27,14,12,21,35,16)(4,37,6,22,19,30,23,9,18,42,11,36,31,7)
(1,17,19,29,11,32,24,40,28,36,14,22,25,8)(2,23,37,21,6,20,31,41,7,18,10,42,33,30)(3,27,38,5,39,26,4,16,34,13,15,12,35,9)