1 2 6
1 2 12
1 6 13
1 8 17
1 8 25
1 12 19
1 13 25
1 17 19
2 6 18
2 10 14
2 10 20
2 12 26
2 14 26
2 18 20
3 4 5
3 4 18
3 5 12
3 12 34
3 18 32
3 21 29
3 21 34
3 29 32
4 5 13
4 13 35
4 18 36
4 22 23
4 22 36
4 23 35
5 12 31
5 13 33
5 24 28
5 24 31
5 28 33
6 7 11
6 7 30
6 11 27
6 13 27
6 18 30
7 9 11
7 9 26
7 21 30
7 21 33
7 26 28
7 28 33
8 15 17
8 15 30
8 21 30
8 21 34
8 22 25
8 22 34
9 11 19
9 15 16
9 15 38
9 16 37
9 19 37
9 26 38
10 14 16
10 16 27
10 20 23
10 23 31
10 24 27
10 24 31
11 19 29
11 24 27
11 24 32
11 29 32
12 19 31
12 26 34
13 25 33
13 27 35
14 16 25
14 22 25
14 22 36
14 26 28
14 28 36
15 16 39
15 17 20
15 20 38
15 30 39
16 25 37
16 27 39
17 19 29
17 20 23
17 23 35
17 29 35
18 20 32
18 30 36
19 31 37
20 32 38
21 29 41
21 33 41
22 23 42
22 34 42
23 31 42
24 28 40
24 32 40
25 33 37
26 34 38
27 35 39
28 36 40
29 35 41
30 36 39
31 37 42
32 38 40
33 37 41
34 38 42
35 39 41
36 39 40
37 41 42
38 40 42
39 40 41
40 41 42