1 4 19
1 4 82
1 8 23
1 8 86
1 19 146
1 23 148
1 82 148
1 86 146
2 6 20
2 6 121
2 7 24
2 7 98
2 20 171
2 24 182
2 98 171
2 121 182
3 5 21
3 5 112
3 9 22
3 9 125
3 21 186
3 22 161
3 112 161
3 125 186
4 17 42
4 17 99
4 19 204
4 42 208
4 82 208
4 99 204
5 16 41
5 16 87
5 21 237
5 41 225
5 87 237
5 112 225
6 18 40
6 18 126
6 20 230
6 40 218
6 121 218
6 126 230
7 13 46
7 13 84
7 24 319
7 46 307
7 84 319
7 98 307
8 15 48
8 15 114
8 23 415
8 48 399
8 86 399
8 114 415
9 14 47
9 14 123
9 22 352
9 47 393
9 123 352
9 125 393
10 14 60
10 14 97
10 16 64
10 16 83
10 60 312
10 64 300
10 83 312
10 97 300
11 13 59
11 13 85
11 18 66
11 18 113
11 59 392
11 66 376
11 85 376
11 113 392
12 15 58
12 15 124
12 17 65
12 17 122
12 58 346
12 65 370
12 122 346
12 124 370
13 46 253
13 59 278
13 84 278
13 85 253
14 47 371
14 60 431
14 97 371
14 123 431
15 48 385
15 58 356
15 114 356
15 124 385
16 41 272
16 64 283
16 83 272
16 87 283
17 42 408
17 65 420
17 99 420
17 122 408
18 40 350
18 66 434
18 113 350
18 126 434
19 30 39
19 30 163
19 39 219
19 146 219
19 163 204
20 28 38
20 28 150
20 38 226
20 150 230
20 171 226
21 29 37
21 29 184
21 37 209
21 184 237
21 186 209
22 31 55
22 31 147
22 55 297
22 147 352
22 161 297
23 32 57
23 32 172
23 57 369
23 148 369
23 172 415
24 33 56
24 33 187
24 56 375
24 182 375
24 187 319
25 28 61
25 28 145
25 33 69
25 33 162
25 61 310
25 69 338
25 145 338
25 162 310
26 29 63
26 29 170
26 31 68
26 31 149
26 63 394
26 68 368
26 149 394
26 170 368
27 30 62
27 30 185
27 32 67
27 32 183
27 62 400
27 67 302
27 183 400
27 185 302
28 38 257
28 61 280
28 145 257
28 150 280
29 37 303
29 63 435
29 170 303
29 184 435
30 39 389
30 62 427
30 163 427
30 185 389
31 55 274
31 68 287
31 147 287
31 149 274
32 57 412
32 67 325
32 172 325
32 183 412
33 56 404
33 69 438
33 162 404
33 187 438
34 37 70
34 37 202
34 45 75
34 45 220
34 70 277
34 75 340
34 202 340
34 220 277
35 39 71
35 39 228
35 44 73
35 44 227
35 71 419
35 73 254
35 227 419
35 228 254
36 38 72
36 38 235
36 43 74
36 43 210
36 72 433
36 74 383
36 210 433
36 235 383
37 70 268
37 202 303
37 209 268
38 72 403
38 226 403
38 235 257
39 71 411
39 219 411
39 228 389
40 43 79
40 43 203
40 79 259
40 203 350
40 218 259
41 45 80
41 45 229
41 80 372
41 225 372
41 229 272
42 44 81
42 44 236
42 81 386
42 208 386
42 236 408
43 74 315
43 79 286
43 203 315
43 210 286
44 73 275
44 81 428
44 227 428
44 236 275
45 75 414
45 80 436
45 220 436
45 229 414
46 51 72
46 51 336
46 72 348
46 253 336
46 307 348
47 50 70
47 50 367
47 70 266
47 266 393
47 367 371
48 49 71
48 49 299
48 71 407
48 299 385
48 399 407
49 52 76
49 52 317
49 71 323
49 76 256
49 256 299
49 317 323
50 54 78
50 54 423
50 70 281
50 78 379
50 281 423
50 367 379
51 53 77
51 53 417
51 72 437
51 77 387
51 336 387
51 417 437
52 57 81
52 57 344
52 76 271
52 81 358
52 271 344
52 317 358
53 56 79
53 56 391
53 77 396
53 79 284
53 284 417
53 391 396
54 55 80
54 55 309
54 78 410
54 80 432
54 309 410
54 423 432
55 80 305
55 274 309
55 297 305
56 79 263
56 263 375
56 391 404
57 81 390
57 344 412
57 369 390
58 67 73
58 67 320
58 73 265
58 265 346
58 320 356
59 69 74
59 69 418
59 74 395
59 278 418
59 392 395
60 68 75
60 68 424
60 75 409
60 312 409
60 424 431
61 66 77
61 66 322
61 77 313
61 280 322
61 310 313
62 65 76
62 65 416
62 76 269
62 269 400
62 416 427
63 64 78
63 64 354
63 78 413
63 354 435
63 394 413
64 78 342
64 283 354
64 300 342
65 76 260
65 260 370
65 416 420
66 77 384
66 322 434
66 376 384
67 73 262
67 262 302
67 320 325
68 75 380
68 287 424
68 368 380
69 74 388
69 338 388
69 418 438
70 266 268
70 277 281
71 323 419
71 407 411
72 348 403
72 433 437
73 254 262
73 265 275
74 315 395
74 383 388
75 340 380
75 409 414
76 256 260
76 269 271
77 313 396
77 384 387
78 342 379
78 410 413
79 259 263
79 284 286
80 305 372
80 432 436
81 358 428
81 386 390
82 95 108
82 95 255
82 108 301
82 148 301
82 208 255
83 94 107
83 94 152
83 107 308
83 152 312
83 272 308
84 96 106
84 96 285
84 106 207
84 207 278
84 285 319
85 91 115
85 91 151
85 115 215
85 151 376
85 215 253
86 93 117
86 93 273
86 117 345
86 146 345
86 273 399
87 92 116
87 92 279
87 116 351
87 237 279
87 283 351
88 92 129
88 92 254
88 94 130
88 94 145
88 129 338
88 130 228
88 145 338
88 228 254
89 91 128
89 91 149
89 96 132
89 96 271
89 128 344
89 132 394
89 149 394
89 271 344
90 93 127
90 93 284
90 95 131
90 95 277
90 127 220
90 131 417
90 220 277
90 284 417
91 115 176
91 128 189
91 149 176
91 151 189
92 116 439
92 129 459
92 254 439
92 279 459
93 117 445
93 127 246
93 246 273
93 284 445
94 107 168
94 130 191
94 145 168
94 152 191
95 108 364
95 131 456
95 255 456
95 277 364
96 106 224
96 132 462
96 224 271
96 285 462
97 103 133
97 103 205
97 133 158
97 158 300
97 205 371
98 105 135
98 105 311
98 135 349
98 171 311
98 307 349
99 104 134
99 104 318
99 134 355
99 204 355
99 318 420
100 105 140
100 105 302
100 106 142
100 106 202
100 140 340
100 142 185
100 185 302
100 202 340
101 104 139
101 104 309
101 108 144
101 108 310
101 139 162
101 144 410
101 162 310
101 309 410
102 103 141
102 103 210
102 107 143
102 107 317
102 141 358
102 143 433
102 210 433
102 317 358
103 133 188
103 141 232
103 188 210
103 205 232
104 134 455
104 139 177
104 177 318
104 309 455
105 135 461
105 140 443
105 302 461
105 311 443
106 142 179
106 179 207
106 202 224
107 143 440
107 168 317
107 308 440
108 144 446
108 301 446
108 310 364
109 117 134
109 117 368
109 118 136
109 118 235
109 134 383
109 136 170
109 170 368
109 235 383
110 116 133
110 116 391
110 120 138
110 120 400
110 133 183
110 138 396
110 183 400
110 391 396
111 115 135
111 115 227
111 119 137
111 119 423
111 135 432
111 137 419
111 227 419
111 423 432
112 120 143
112 120 337
112 143 373
112 161 337
112 225 373
113 119 142
113 119 343
113 142 174
113 174 392
113 343 350
114 118 144
114 118 217
114 144 422
114 217 356
114 415 422
115 135 222
115 176 227
115 215 222
116 133 165
116 165 351
116 391 439
117 134 363
117 345 363
117 368 445
118 136 167
118 144 248
118 167 217
118 235 248
119 137 360
119 142 192
119 192 423
119 343 360
120 138 366
120 143 460
120 337 366
120 400 460
121 132 137
121 132 382
121 137 339
121 182 382
121 218 339
122 131 136
122 131 405
122 136 159
122 159 346
122 405 408
123 130 138
123 130 244
123 138 357
123 244 431
123 352 357
124 127 139
124 127 242
124 139 173
124 173 370
124 242 385
125 129 141
125 129 406
125 141 398
125 186 406
125 393 398
126 128 140
126 128 429
126 140 421
126 230 421
126 429 434
127 139 164
127 164 220
127 242 246
128 140 359
128 189 429
128 344 359
129 141 365
129 338 365
129 406 459
130 138 234
130 191 244
130 228 234
131 136 180
131 180 417
131 405 456
132 137 444
132 382 462
132 394 444
133 158 165
133 183 188
134 355 363
134 383 455
135 222 349
135 432 461
136 159 167
136 170 180
137 339 360
137 419 444
138 234 396
138 357 366
139 162 164
139 173 177
140 340 359
140 421 443
141 232 398
141 358 365
142 174 179
142 185 192
143 373 440
143 433 460
144 248 410
144 422 446
145 168 335
145 257 335
146 157 169
146 157 276
146 169 345
146 219 276
147 156 167
147 156 282
147 167 217
147 217 287
147 282 352
148 154 178
148 154 258
148 178 301
148 258 369
149 176 206
149 206 274
150 155 177
150 155 288
150 177 318
150 230 288
150 280 318
151 156 193
151 156 256
151 189 299
151 193 376
151 256 299
152 155 190
152 155 275
152 190 312
152 191 236
152 236 275
153 154 188
153 154 281
153 157 192
153 157 286
153 188 210
153 192 423
153 210 286
153 281 423
154 178 451
154 188 249
154 249 258
154 281 451
155 177 449
155 190 469
155 275 449
155 288 469
156 167 213
156 193 468
156 213 256
156 282 468
157 169 334
157 192 466
157 276 466
157 286 334
158 165 336
158 169 196
158 169 300
158 196 387
158 336 387
159 166 195
159 166 346
159 167 203
159 195 315
159 203 315
160 164 194
160 164 220
160 168 197
160 168 317
160 194 323
160 197 436
160 220 436
160 317 323
161 166 198
161 166 337
161 198 304
161 297 304
162 164 216
162 216 404
163 165 199
163 165 351
163 199 326
163 204 326
163 351 427
164 194 238
164 216 238
165 199 465
165 336 465
166 195 453
166 198 467
166 337 453
166 346 467
167 203 213
168 197 450
168 335 450
169 196 452
169 300 334
169 345 452
170 180 298
170 298 303
171 181 197
171 181 311
171 197 402
171 226 402
172 179 196
172 179 207
172 196 425
172 207 325
172 415 425
173 177 367
173 181 200
173 181 370
173 200 379
173 367 379
174 178 199
174 178 392
174 179 229
174 199 414
174 229 414
175 176 198
175 176 227
175 180 201
175 180 417
175 198 437
175 201 428
175 227 428
175 417 437
176 198 211
176 206 211
177 367 449
178 199 333
178 301 333
178 392 451
179 196 251
179 229 251
180 201 330
180 298 330
181 197 470
181 200 332
181 311 332
181 370 470
182 190 194
182 190 382
182 194 377
182 375 377
183 188 243
183 243 412
184 189 195
184 189 429
184 195 426
184 237 426
184 429 435
185 192 381
185 381 389
186 193 201
186 193 406
186 201 316
186 209 316
187 191 200
187 191 244
187 200 324
187 244 438
187 319 324
188 243 249
189 195 329
189 299 329
190 194 331
190 312 331
190 382 469
191 200 240
191 236 240
192 381 466
193 201 454
193 376 454
193 406 468
194 238 377
194 323 331
195 315 329
195 426 453
196 251 387
196 425 452
197 402 450
197 436 470
198 211 304
198 437 467
199 326 333
199 414 465
200 240 379
200 324 332
201 316 330
201 428 454
202 224 341
202 303 341
203 213 314
203 314 350
204 214 223
204 214 326
204 223 355
205 213 233
205 213 256
205 232 260
205 233 371
205 256 260
206 211 313
206 214 234
206 214 274
206 234 396
206 313 396
207 212 231
207 212 325
207 231 278
208 211 245
208 211 304
208 245 255
208 304 386
209 212 246
209 212 316
209 246 273
209 268 273
211 245 471
211 313 471
212 231 481
212 246 477
212 316 481
212 325 477
213 233 480
213 314 480
214 223 292
214 234 486
214 274 292
214 326 486
215 222 342
215 223 240
215 223 253
215 240 379
215 342 379
216 224 241
216 224 271
216 238 269
216 241 404
216 269 271
217 221 239
217 221 356
217 239 287
218 221 249
218 221 339
218 249 258
218 258 259
219 222 250
219 222 349
219 250 276
219 349 411
221 239 473
221 249 479
221 339 473
221 356 479
222 250 485
222 342 485
223 240 472
223 253 292
223 355 472
224 241 478
224 341 478
225 231 238
225 231 373
225 238 377
225 372 377
226 232 239
226 232 398
226 239 402
226 398 403
228 234 374
228 374 389
229 251 270
229 270 272
230 233 252
230 233 421
230 252 288
231 238 289
231 278 289
231 373 481
232 239 295
232 260 295
233 252 474
233 371 474
233 421 480
234 374 486
235 248 261
235 257 261
236 240 401
236 401 408
237 241 247
237 241 426
237 247 279
238 269 289
239 287 295
239 402 473
240 401 472
241 247 482
241 404 482
241 426 478
242 246 384
242 247 251
242 247 385
242 251 387
242 384 387
243 248 252
243 248 410
243 249 413
243 252 412
243 410 413
244 245 250
244 245 431
244 250 438
245 250 291
245 255 291
245 431 471
246 384 477
247 251 290
247 279 290
247 385 482
248 252 296
248 261 296
249 413 479
250 276 291
250 438 485
251 270 290
252 288 296
252 412 474
253 264 292
253 264 336
254 262 298
254 298 439
255 263 291
255 263 375
255 375 456
257 261 293
257 293 447
257 335 447
258 259 294
258 294 464
258 369 464
259 263 337
259 294 366
259 337 366
260 264 295
260 264 370
261 262 296
261 262 302
261 293 461
261 302 461
262 296 330
262 298 330
263 291 453
263 337 453
264 292 470
264 295 465
264 336 465
264 370 470
265 270 290
265 270 346
265 275 343
265 290 360
265 343 360
266 268 311
266 276 291
266 276 393
266 291 443
266 311 443
267 269 289
267 269 400
267 274 292
267 274 309
267 289 455
267 292 460
267 309 455
267 400 460
268 273 294
268 294 332
268 311 332
270 272 293
270 293 467
270 346 467
272 293 441
272 308 441
273 294 458
273 399 458
275 343 449
276 393 466
277 281 353
277 353 364
278 282 289
278 282 418
279 280 290
279 280 322
279 322 459
280 290 328
280 318 328
281 353 451
282 289 463
282 352 463
282 418 468
283 288 296
283 288 354
283 296 362
283 351 362
284 286 321
284 321 445
285 287 295
285 287 424
285 295 457
285 319 457
285 424 462
286 321 334
288 354 469
289 455 463
290 328 360
291 443 453
292 460 470
293 441 447
293 461 467
294 332 366
294 458 464
295 457 465
296 330 362
297 304 328
297 305 339
297 328 360
297 339 360
298 303 327
298 327 439
299 306 329
299 306 385
300 306 334
300 306 342
301 305 333
301 305 372
301 372 446
303 327 475
303 341 475
304 328 484
304 386 484
305 333 473
305 339 473
306 329 485
306 334 482
306 342 485
306 385 482
307 316 330
307 316 348
307 330 362
307 349 362
308 315 329
308 315 395
308 329 441
308 395 440
310 313 347
310 347 364
312 314 331
312 314 409
313 347 471
314 331 483
314 350 483
314 409 480
316 348 481
318 328 442
318 420 442
319 324 327
319 327 457
320 324 332
320 324 356
320 325 357
320 332 366
320 357 366
321 323 331
321 323 419
321 331 445
321 334 444
321 419 444
322 326 333
322 326 434
322 333 459
324 327 479
324 356 479
325 357 477
326 434 486
327 439 479
327 457 475
328 442 484
329 441 485
331 445 483
333 459 473
334 444 482
335 340 359
335 340 380
335 359 447
335 380 450
338 341 365
338 341 388
341 365 475
341 388 478
343 350 361
343 361 449
344 347 359
344 347 412
345 348 363
345 348 403
345 403 452
347 359 471
347 364 474
347 412 474
348 363 481
349 362 476
349 411 476
350 361 483
351 362 448
351 427 448
352 357 361
352 361 463
353 358 365
353 358 428
353 364 454
353 365 451
353 428 454
354 355 363
354 355 435
354 363 469
355 435 472
357 361 477
359 447 471
361 449 477
361 463 483
362 448 476
363 469 481
364 454 474
365 451 475
367 371 378
367 378 449
368 374 380
368 374 445
369 373 390
369 373 440
369 440 464
371 378 474
372 377 476
372 446 476
373 390 481
374 380 486
374 389 483
374 445 483
375 377 448
375 448 456
376 378 384
376 378 454
377 448 476
378 384 477
378 449 477
378 454 474
380 450 486
381 383 388
381 383 455
381 388 466
381 389 463
381 455 463
382 386 390
382 386 462
382 390 469
386 462 484
388 466 478
389 463 483
390 469 481
391 397 404
391 397 439
392 395 401
392 401 451
393 398 442
393 442 466
394 397 413
394 397 444
395 401 472
395 440 472
397 404 482
397 413 479
397 439 479
397 444 482
398 403 484
398 442 484
399 402 407
399 402 450
399 450 458
401 408 475
401 451 475
402 407 473
403 452 484
405 408 457
405 409 414
405 409 456
405 414 465
405 457 465
406 407 411
406 407 459
406 411 468
407 459 473
408 457 475
409 456 480
411 468 476
415 422 441
415 425 447
415 441 447
416 420 426
416 421 427
416 421 443
416 426 453
416 443 453
418 422 438
418 422 446
418 446 468
420 426 478
420 442 478
421 427 480
422 438 485
422 441 485
424 425 431
424 425 452
424 452 462
425 431 471
425 447 471
427 448 480
429 434 458
429 435 464
429 458 464
430 432 436
430 432 461
430 433 437
430 433 460
430 436 470
430 437 467
430 460 470
430 461 467
434 458 486
435 464 472
440 464 472
442 466 478
446 468 476
448 456 480
450 458 486
452 462 484