1 58 135
1 58 155
1 70 112
1 70 139
1 75 119
1 75 153
1 84 119
1 84 139
1 94 135
1 94 153
1 106 112
1 106 155
2 60 131
2 60 141
2 72 114
2 72 149
2 73 120
2 73 156
2 83 114
2 83 141
2 98 120
2 98 149
2 104 131
2 104 156
3 62 133
3 62 151
3 68 116
3 68 154
3 74 118
3 74 143
3 82 133
3 82 143
3 96 116
3 96 151
3 108 118
3 108 154
4 55 124
4 55 160
4 69 134
4 69 136
4 81 109
4 81 152
4 89 124
4 89 152
4 95 134
4 95 160
4 101 109
4 101 136
5 59 113
5 59 159
5 65 123
5 65 140
5 80 129
5 80 147
5 90 123
5 90 159
5 91 129
5 91 140
5 105 113
5 105 147
6 56 126
6 56 137
6 71 130
6 71 148
6 77 110
6 77 162
6 87 110
6 87 148
6 99 126
6 99 162
6 100 130
6 100 137
7 61 115
7 61 142
7 66 125
7 66 145
7 76 127
7 76 161
7 88 115
7 88 161
7 93 125
7 93 142
7 103 127
7 103 145
8 57 122
8 57 150
8 67 132
8 67 158
8 79 111
8 79 138
8 85 132
8 85 150
8 97 111
8 97 158
8 102 122
8 102 138
9 63 117
9 63 146
9 64 121
9 64 157
9 78 128
9 78 144
9 86 128
9 86 157
9 92 117
9 92 144
9 107 121
9 107 146
10 57 128
10 57 162
10 67 117
10 67 137
10 79 121
10 79 148
10 88 121
10 88 137
10 93 128
10 93 148
10 103 117
10 103 162
11 55 129
11 55 138
11 69 113
11 69 150
11 81 123
11 81 158
11 86 113
11 86 138
11 92 123
11 92 150
11 107 129
11 107 158
12 56 127
12 56 152
12 71 115
12 71 160
12 77 125
12 77 136
12 90 127
12 90 136
12 91 115
12 91 152
12 105 125
12 105 160
13 63 118
13 63 161
13 64 133
13 64 142
13 78 116
13 78 145
13 83 118
13 83 145
13 98 133
13 98 161
13 104 116
13 104 142
14 62 111
14 62 156
14 68 122
14 68 141
14 74 132
14 74 149
14 87 122
14 87 156
14 99 132
14 99 141
14 100 111
14 100 149
15 59 119
15 59 144
15 65 135
15 65 146
15 80 112
15 80 157
15 82 112
15 82 146
15 96 119
15 96 157
15 108 135
15 108 144
16 58 109
16 58 143
16 70 124
16 70 151
16 75 134
16 75 154
16 85 109
16 85 154
16 97 124
16 97 143
16 102 134
16 102 151
17 61 120
17 61 147
17 66 131
17 66 159
17 76 114
17 76 140
17 84 131
17 84 147
17 94 114
17 94 159
17 106 120
17 106 140
18 60 110
18 60 153
18 72 126
18 72 155
18 73 130
18 73 139
18 89 130
18 89 155
18 95 110
18 95 139
18 101 126
18 101 153
19 61 130
19 61 157
19 66 110
19 66 144
19 76 126
19 76 146
19 85 126
19 85 144
19 97 130
19 97 146
19 102 110
19 102 157
20 63 132
20 63 140
20 64 111
20 64 147
20 78 122
20 78 159
20 89 111
20 89 140
20 95 122
20 95 147
20 101 132
20 101 159
21 59 134
21 59 145
21 65 109
21 65 161
21 80 124
21 80 142
21 87 134
21 87 142
21 99 109
21 99 145
21 100 124
21 100 161
22 60 125
22 60 154
22 72 127
22 72 143
22 73 115
22 73 151
22 86 125
22 86 151
22 92 127
22 92 154
22 107 115
22 107 143
23 56 114
23 56 158
23 71 120
23 71 138
23 77 131
23 77 150
23 82 120
23 82 158
23 96 131
23 96 138
23 108 114
23 108 150
24 62 121
24 62 139
24 68 128
24 68 153
24 74 117
24 74 155
24 90 117
24 90 153
24 91 121
24 91 155
24 105 128
24 105 139
25 57 116
25 57 136
25 67 118
25 67 152
25 79 133
25 79 160
25 84 116
25 84 160
25 94 118
25 94 136
25 106 133
25 106 152
26 58 123
26 58 149
26 70 129
26 70 156
26 75 113
26 75 141
26 88 129
26 88 149
26 93 113
26 93 156
26 103 123
26 103 141
27 55 112
27 55 148
27 69 119
27 69 162
27 81 135
27 81 137
27 83 135
27 83 162
27 98 112
27 98 137
27 104 119
27 104 148
28 58 123
28 58 155
28 66 131
28 66 144
28 79 111
28 79 148
28 89 111
28 89 155
28 92 123
28 92 144
28 104 131
28 104 148
29 60 110
29 60 154
29 64 121
29 64 142
29 81 135
29 81 152
29 87 110
29 87 142
29 91 121
29 91 152
29 108 135
29 108 154
30 62 133
30 62 156
30 65 109
30 65 140
30 77 125
30 77 150
30 85 109
30 85 150
30 93 125
30 93 156
30 106 133
30 106 140
31 55 124
31 55 138
31 72 127
31 72 149
31 78 116
31 78 159
31 90 127
31 90 159
31 96 116
31 96 138
31 100 124
31 100 149
32 59 119
32 59 145
32 71 130
32 71 160
32 74 117
32 74 143
32 84 119
32 84 160
32 97 130
32 97 143
32 103 117
32 103 145
33 56 114
33 56 137
33 68 122
33 68 153
33 80 129
33 80 157
33 88 129
33 88 137
33 94 114
33 94 153
33 102 122
33 102 157
34 61 115
34 61 147
34 67 118
34 67 158
34 75 134
34 75 141
34 83 118
34 83 141
34 95 134
34 95 147
34 107 115
34 107 158
35 57 128
35 57 136
35 70 112
35 70 151
35 76 126
35 76 161
35 86 128
35 86 151
35 98 112
35 98 161
35 101 126
35 101 136
36 63 132
36 63 146
36 69 113
36 69 162
36 73 120
36 73 139
36 82 120
36 82 146
36 99 132
36 99 162
36 105 113
36 105 139
37 61 120
37 61 157
37 67 132
37 67 137
37 75 113
37 75 153
37 86 113
37 86 157
37 98 120
37 98 137
37 101 132
37 101 153
38 63 117
38 63 161
38 69 119
38 69 136
38 73 130
38 73 151
38 90 117
38 90 136
38 96 119
38 96 151
38 100 130
38 100 161
39 59 134
39 59 159
39 71 115
39 71 138
39 74 118
39 74 149
39 88 115
39 88 149
39 94 118
39 94 159
39 102 134
39 102 138
40 60 125
40 60 141
40 64 133
40 64 147
40 81 109
40 81 158
40 82 133
40 82 158
40 99 109
40 99 141
40 105 125
40 105 147
41 56 126
41 56 152
41 68 128
41 68 154
41 80 112
41 80 142
41 85 126
41 85 154
41 93 128
41 93 142
41 106 112
41 106 152
42 62 111
42 62 139
42 65 123
42 65 146
42 77 131
42 77 162
42 84 131
42 84 139
42 97 111
42 97 146
42 103 123
42 103 162
43 57 116
43 57 150
43 70 124
43 70 156
43 76 127
43 76 140
43 89 124
43 89 140
43 92 127
43 92 150
43 104 116
43 104 156
44 58 135
44 58 143
44 66 110
44 66 145
44 79 121
44 79 160
44 83 135
44 83 145
44 95 110
44 95 160
44 107 121
44 107 143
45 55 129
45 55 148
45 72 114
45 72 155
45 78 122
45 78 144
45 87 122
45 87 148
45 91 129
45 91 155
45 108 114
45 108 144
46 57 122
46 57 162
46 70 129
46 70 139
46 76 114
46 76 146
46 83 114
46 83 162
46 95 122
46 95 139
46 107 129
46 107 146
47 55 112
47 55 160
47 72 126
47 72 143
47 78 128
47 78 145
47 82 112
47 82 143
47 99 126
47 99 145
47 105 128
47 105 160
48 56 127
48 56 158
48 68 116
48 68 141
48 80 124
48 80 147
48 84 116
48 84 147
48 97 124
48 97 158
48 103 127
48 103 141
49 63 118
49 63 140
49 69 134
49 69 150
49 73 115
49 73 156
49 87 134
49 87 156
49 91 115
49 91 140
49 108 118
49 108 150
50 62 121
50 62 151
50 65 135
50 65 161
50 77 110
50 77 136
50 88 121
50 88 161
50 94 135
50 94 136
50 102 110
50 102 151
51 59 113
51 59 144
51 71 120
51 71 148
51 74 132
51 74 155
51 85 132
51 85 144
51 93 113
51 93 148
51 106 120
51 106 155
52 58 109
52 58 149
52 66 125
52 66 159
52 79 133
52 79 138
52 86 125
52 86 138
52 98 133
52 98 149
52 101 109
52 101 159
53 61 130
53 61 142
53 67 117
53 67 152
53 75 119
53 75 154
53 89 130
53 89 152
53 92 117
53 92 154
53 104 119
53 104 142
54 60 131
54 60 153
54 64 111
54 64 157
54 81 123
54 81 137
54 90 123
54 90 153
54 96 131
54 96 157
54 100 111
54 100 137