1 2 3
1 2 4
1 3 5
1 4 7
1 5 8
1 7 12
1 8 14
1 12 14
2 3 6
2 4 10
2 6 11
2 10 21
2 11 19
2 19 21
3 5 9
3 6 13
3 9 17
3 13 22
3 17 22
4 7 16
4 10 18
4 16 31
4 18 29
4 29 31
5 8 15
5 9 20
5 15 27
5 20 32
5 27 32
6 11 25
6 13 23
6 23 40
6 25 47
6 40 47
7 12 26
7 16 28
7 26 48
7 28 44
7 44 48
8 14 24
8 15 30
8 24 41
8 30 49
8 41 49
9 17 37
9 20 33
9 33 58
9 37 71
9 58 71
10 18 38
10 21 34
10 34 59
10 38 72
10 59 72
11 19 39
11 25 42
11 39 73
11 42 65
11 65 73
12 14 36
12 26 43
12 36 70
12 43 66
12 66 70
13 22 35
13 23 45
13 35 60
13 45 74
13 60 74
14 24 46
14 36 61
14 46 75
14 61 75
15 27 55
15 30 50
15 50 88
15 55 104
15 88 104
16 28 56
16 31 51
16 51 89
16 56 105
16 89 105
17 22 54
17 37 62
17 54 103
17 62 96
17 96 103
18 29 57
18 38 63
18 57 106
18 63 97
18 97 106
19 21 53
19 39 64
19 53 102
19 64 98
19 98 102
20 32 52
20 33 67
20 52 90
20 67 107
20 90 107
21 34 68
21 53 91
21 68 108
21 91 108
22 35 69
22 54 92
22 69 109
22 92 109
23 40 83
23 45 76
23 76 131
23 83 152
23 131 152
24 41 84
24 46 77
24 77 132
24 84 153
24 132 153
25 42 85
25 47 78
25 78 133
25 85 154
25 133 154
26 43 86
26 48 79
26 79 134
26 86 155
26 134 155
27 32 82
27 55 93
27 82 136
27 93 143
27 136 143
28 44 87
28 56 94
28 87 135
28 94 144
28 135 144
29 31 81
29 57 95
29 81 151
29 95 145
29 145 151
30 49 80
30 50 99
30 80 135
30 99 156
30 135 156
31 51 100
31 81 136
31 100 157
31 136 157
32 52 101
32 82 137
32 101 158
32 137 158
33 58 122
33 67 110
33 110 187
33 122 194
33 187 194
34 59 123
34 68 111
34 111 188
34 123 219
34 188 219
35 60 124
35 69 112
35 112 189
35 124 220
35 189 220
36 61 125
36 70 113
36 113 190
36 125 221
36 190 221
37 62 126
37 71 114
37 114 191
37 126 222
37 191 222
38 63 127
38 72 115
38 115 192
38 127 223
38 192 223
39 64 128
39 73 116
39 116 193
39 128 224
39 193 224
40 47 119
40 83 138
40 119 137
40 137 205
40 138 205
41 49 121
41 84 139
41 91 121
41 91 206
41 139 206
42 65 129
42 85 140
42 129 192
42 140 207
42 192 207
43 66 130
43 86 141
43 90 130
43 90 208
43 141 208
44 48 120
44 87 142
44 120 218
44 142 158
44 158 218
45 74 117
45 76 146
45 117 194
45 146 225
45 194 225
46 75 118
46 77 147
46 106 118
46 106 226
46 147 226
47 78 148
47 119 151
47 148 227
47 151 227
48 79 149
48 103 120
48 103 228
48 149 228
49 80 150
49 121 195
49 145 150
49 145 195
50 88 176
50 99 159
50 159 234
50 176 269
50 234 269
51 89 177
51 100 160
51 160 233
51 177 292
51 233 292
52 90 178
52 101 161
52 161 263
52 178 293
52 263 293
53 91 179
53 102 162
53 162 264
53 179 294
53 264 294
54 92 180
54 103 163
54 163 265
54 180 295
54 265 295
55 93 181
55 104 164
55 164 266
55 181 259
55 259 266
56 94 182
56 105 165
56 165 267
56 182 254
56 254 267
57 95 183
57 106 166
57 166 268
57 183 296
57 268 296
58 71 171
58 122 196
58 171 195
58 195 227
58 196 227
59 72 172
59 92 172
59 92 247
59 123 197
59 197 247
60 61 174
60 61 175
60 74 174
60 124 198
60 175 198
61 75 175
61 125 199
61 174 199
62 96 184
62 126 200
62 133 184
62 133 281
62 200 281
63 97 185
63 127 201
63 185 267
63 201 282
63 267 282
64 89 186
64 89 246
64 98 186
64 128 202
64 202 246
65 73 173
65 129 203
65 157 203
65 157 270
65 173 270
66 70 170
66 109 204
66 109 291
66 130 204
66 170 291
67 107 167
67 110 209
67 167 269
67 209 297
67 269 297
68 108 168
68 111 210
68 152 168
68 152 298
68 210 298
69 104 169
69 104 245
69 109 169
69 112 211
69 211 245
70 73 170
70 73 173
70 113 212
70 173 212
71 102 171
71 102 244
71 114 213
71 213 244
72 115 214
72 172 218
72 205 214
72 205 218
73 116 215
73 170 215
74 117 216
74 143 216
74 143 270
74 174 270
75 98 217
75 98 271
75 118 217
75 175 271
76 131 248
76 146 229
76 229 235
76 235 344
76 248 344
77 132 249
77 147 230
77 162 230
77 162 347
77 249 347
78 133 250
78 148 231
78 231 304
78 250 362
78 304 362
79 134 251
79 149 232
79 161 232
79 161 363
79 251 363
80 135 252
80 150 233
80 233 339
80 252 364
80 339 364
81 136 253
81 151 234
81 234 340
81 253 365
81 340 365
82 136 235
82 137 254
82 235 341
82 254 366
82 341 366
83 138 255
83 152 236
83 236 342
83 255 328
83 328 342
84 139 256
84 153 237
84 183 256
84 183 343
84 237 343
85 140 257
85 154 238
85 238 344
85 253 257
85 253 344
86 141 258
86 155 239
86 180 258
86 180 345
86 239 345
87 135 240
87 142 259
87 240 346
87 259 367
87 346 367
88 104 245
88 176 272
88 244 271
88 244 272
88 245 271
89 105 246
89 177 273
89 186 273
90 107 208
90 130 274
90 178 274
91 108 206
91 121 275
91 179 275
92 109 247
92 172 276
92 180 276
93 143 260
93 181 277
93 191 260
93 191 355
93 277 355
94 144 261
94 182 277
94 261 345
94 276 277
94 276 345
95 134 262
95 134 319
95 145 262
95 183 278
95 278 319
96 103 228
96 108 279
96 108 348
96 184 279
96 228 348
97 106 226
97 185 280
97 226 348
97 228 280
97 228 348
98 102 244
98 186 217
98 244 271
99 156 241
99 159 283
99 241 347
99 283 285
99 285 347
100 157 242
100 160 283
100 219 242
100 219 368
100 283 368
101 153 243
101 153 318
101 158 243
101 161 284
101 284 318
102 162 285
102 171 285
103 120 286
103 163 286
104 164 287
104 169 287
105 165 288
105 246 291
105 247 288
105 247 291
106 118 289
106 166 289
107 167 290
107 206 290
107 206 348
107 208 348
108 168 279
108 206 348
109 169 204
109 247 291
110 187 320
110 209 299
110 275 299
110 275 404
110 320 404
111 163 300
111 163 371
111 188 321
111 210 300
111 321 371
112 113 301
112 113 302
112 189 322
112 211 301
112 302 322
113 190 323
113 212 302
113 301 323
114 191 324
114 213 303
114 231 303
114 231 437
114 324 437
115 192 325
115 214 304
115 304 373
115 325 438
115 373 438
116 160 305
116 160 370
116 193 326
116 215 305
116 326 370
117 194 327
117 216 263
117 263 413
117 327 439
117 413 439
118 188 217
118 188 414
118 289 440
118 414 440
119 137 282
119 151 297
119 282 415
119 297 441
119 415 441
120 187 218
120 187 416
120 286 442
120 416 442
121 195 223
121 223 434
121 275 417
121 417 434
122 194 306
122 196 328
122 306 418
122 328 401
122 401 418
123 197 329
123 219 307
123 255 329
123 255 419
123 307 419
124 181 330
124 181 405
124 198 330
124 220 308
124 308 405
125 128 331
125 128 334
125 199 331
125 221 309
125 309 334
126 179 332
126 179 404
126 200 332
126 222 310
126 310 404
127 201 333
127 223 311
127 286 333
127 286 371
127 311 371
128 202 334
128 224 312
128 312 331
129 192 313
129 203 296
129 296 443
129 313 420
129 420 443
130 204 222
130 222 433
130 274 421
130 421 433
131 152 298
131 170 291
131 170 349
131 248 349
131 291 298
132 153 318
132 169 204
132 169 350
132 204 318
132 249 350
133 154 281
133 184 351
133 250 351
134 155 319
134 251 352
134 262 352
135 144 156
135 240 252
136 143 157
136 235 253
137 158 205
137 254 282
138 193 335
138 193 392
138 205 335
138 255 299
138 299 392
139 201 256
139 201 353
139 206 336
139 266 336
139 266 353
140 199 278
140 199 331
140 207 337
140 257 278
140 331 337
141 200 202
141 200 258
141 202 334
141 208 338
141 334 338
142 158 243
142 190 243
142 190 391
142 259 353
142 353 391
143 157 270
143 216 260
144 156 270
144 173 270
144 173 354
144 261 354
145 150 262
145 151 227
145 195 227
146 212 284
146 212 302
146 225 314
146 229 284
146 302 314
147 210 211
147 210 230
147 211 301
147 226 315
147 301 315
148 220 316
148 220 390
148 227 316
148 231 333
148 333 390
149 209 232
149 209 356
149 228 317
149 292 317
149 292 356
150 221 262
150 221 391
150 233 356
150 356 391
151 234 297
152 168 357
152 236 357
153 237 358
153 243 358
154 175 271
154 175 359
154 238 359
154 271 281
155 186 217
155 186 360
155 217 319
155 239 360
156 174 270
156 174 361
156 241 361
157 203 242
158 205 218
159 198 330
159 198 369
159 234 393
159 283 369
159 330 393
160 233 394
160 283 370
160 305 394
161 232 395
161 263 395
161 284 363
162 230 396
162 264 396
162 285 347
163 265 397
163 286 371
163 300 397
164 266 398
164 287 372
164 303 372
164 303 452
164 398 452
165 267 399
165 288 373
165 373 446
165 399 451
165 446 451
166 232 374
166 232 384
166 268 400
166 289 374
166 384 400
167 269 383
167 290 339
167 339 469
167 383 481
167 469 481
168 189 279
168 189 422
168 357 482
168 422 482
169 287 455
169 350 455
170 215 389
170 349 389
171 195 207
171 207 427
171 285 454
171 427 454
172 218 225
172 225 436
172 276 468
172 436 468
173 212 387
173 354 387
174 199 409
174 361 409
175 198 408
175 359 408
176 269 375
176 272 401
176 375 463
176 401 464
176 463 464
177 273 402
177 292 376
177 329 402
177 329 458
177 376 458
178 256 403
178 256 411
178 274 403
178 293 377
178 377 411
179 275 404
179 294 378
179 332 378
180 258 379
180 276 345
180 295 379
181 259 380
181 277 405
181 330 380
182 215 305
182 215 406
182 254 381
182 277 406
182 305 381
183 256 382
183 278 343
183 296 382
184 224 279
184 224 435
184 351 470
184 435 470
185 267 383
185 280 367
185 367 483
185 383 471
185 471 483
186 273 467
186 360 467
187 194 225
187 218 225
187 320 416
188 217 368
188 219 368
188 321 414
189 220 390
189 279 390
189 322 422
190 221 391
190 243 423
190 323 423
191 222 355
191 260 424
191 324 424
192 207 223
192 313 325
193 224 392
193 326 425
193 335 425
194 306 327
195 207 223
196 227 316
196 265 316
196 265 457
196 328 369
196 369 457
197 229 329
197 229 426
197 247 407
197 268 407
197 268 426
198 342 369
198 342 408
199 278 343
199 343 409
200 202 332
200 258 410
200 281 410
201 256 411
201 282 411
201 333 353
202 246 412
202 332 412
203 242 264
203 264 456
203 296 426
203 426 456
204 222 355
204 318 355
205 214 335
206 290 336
207 337 427
208 226 348
208 226 428
208 338 428
209 232 384
209 297 384
209 299 356
210 211 300
210 230 385
210 298 385
211 245 386
211 300 386
212 284 363
212 363 387
213 244 388
213 257 303
213 257 429
213 293 388
213 293 429
214 294 335
214 294 456
214 304 406
214 406 456
215 362 389
215 362 406
216 260 295
216 263 429
216 295 457
216 429 457
217 319 368
219 242 430
219 307 430
220 308 431
220 316 431
221 262 432
221 309 432
222 310 433
223 311 434
224 279 392
224 312 435
225 314 436
226 315 428
228 280 317
229 235 458
229 284 426
229 329 458
230 274 385
230 274 403
230 396 403
231 303 459
231 304 459
231 333 437
232 374 395
233 292 356
233 339 394
234 269 297
234 340 393
235 253 344
235 341 458
236 305 381
236 305 444
236 342 460
236 357 444
236 381 460
237 343 461
237 358 445
237 372 378
237 372 445
237 378 461
238 344 375
238 359 413
238 375 488
238 413 486
238 486 488
239 345 462
239 360 446
239 377 462
239 377 485
239 446 485
240 252 447
240 302 314
240 302 447
240 314 463
240 346 463
241 313 347
241 313 471
241 361 414
241 414 483
241 471 483
242 264 472
242 430 497
242 472 497
243 358 489
243 423 489
244 272 388
245 271 281
245 281 476
245 386 476
246 291 298
246 298 477
246 412 477
247 288 407
248 344 399
248 349 443
248 399 490
248 443 491
248 490 491
249 347 448
249 350 464
249 400 448
249 400 492
249 464 492
250 330 393
250 330 465
250 351 465
250 362 449
250 393 449
251 352 466
251 363 450
251 397 402
251 397 450
251 402 466
252 331 337
252 331 447
252 337 451
252 364 451
253 257 452
253 365 452
254 267 282
254 366 381
255 299 419
255 328 453
255 329 453
256 382 403
257 278 429
257 303 452
258 289 374
258 289 410
258 374 379
259 266 353
259 367 380
260 295 480
260 424 494
260 480 494
261 327 345
261 327 481
261 354 433
261 433 469
261 469 481
262 352 493
262 432 493
263 293 429
263 395 413
264 294 456
264 396 472
265 295 457
265 316 473
265 397 473
266 336 474
266 398 474
267 383 399
268 296 426
268 400 475
268 407 475
269 375 383
272 341 388
272 341 477
272 385 401
272 385 477
273 300 386
273 300 402
273 346 386
273 346 467
274 385 418
274 418 421
275 299 419
275 417 419
276 277 405
276 405 468
277 355 406
278 319 429
279 390 392
280 317 340
280 340 476
280 367 386
280 386 476
281 410 476
282 411 415
283 285 370
283 368 369
284 318 426
285 370 454
286 333 437
286 437 442
287 332 372
287 332 412
287 364 412
287 364 455
288 365 407
288 365 476
288 373 410
288 410 476
289 410 438
289 438 440
290 336 366
290 339 412
290 366 477
290 412 477
292 317 474
292 376 474
293 377 478
293 388 478
294 335 479
294 378 479
295 379 480
296 382 443
297 384 441
298 385 477
299 356 392
300 397 402
301 315 351
301 323 465
301 351 465
302 322 447
303 372 459
304 362 406
304 373 459
305 394 444
306 311 371
306 311 490
306 327 462
306 371 462
306 418 490
307 374 379
307 374 461
307 379 484
307 419 484
307 430 461
308 309 444
308 309 445
308 405 445
308 431 484
308 444 484
309 334 444
309 432 485
309 445 485
310 404 448
310 433 469
310 448 449
310 449 499
310 469 499
311 422 434
311 422 491
311 490 491
312 331 447
312 376 447
312 376 498
312 435 486
312 486 498
313 325 448
313 347 448
313 420 471
314 350 436
314 350 464
314 463 464
315 349 428
315 349 443
315 351 420
315 420 443
316 431 501
316 473 501
317 340 480
317 474 494
317 480 494
318 355 456
318 426 456
319 368 457
319 429 457
320 325 404
320 325 488
320 416 435
320 435 486
320 486 488
321 371 462
321 414 483
321 460 462
321 460 502
321 483 502
322 398 447
322 398 500
322 422 491
322 491 500
323 326 465
323 326 466
323 423 492
323 466 492
324 396 403
324 396 487
324 403 450
324 424 450
324 437 487
325 404 448
325 438 488
326 370 466
326 425 487
326 465 487
327 345 462
327 439 481
328 342 369
328 401 453
329 402 453
330 380 465
332 372 378
333 353 390
334 338 357
334 357 444
335 425 503
335 479 503
336 366 472
336 472 497
336 474 497
337 360 427
337 360 446
337 446 451
338 357 439
338 359 413
338 359 428
338 413 439
339 364 412
339 394 469
340 365 476
340 393 480
341 366 477
341 388 479
341 458 479
342 408 478
342 460 478
343 409 430
343 430 461
344 375 399
346 367 386
346 463 495
346 467 495
349 389 415
349 415 428
350 417 436
350 417 455
351 420 470
352 370 454
352 370 466
352 421 454
352 421 493
353 390 391
354 387 416
354 416 427
354 427 454
354 433 454
355 406 456
356 391 392
357 439 482
358 405 445
358 405 468
358 440 468
358 440 489
359 408 441
359 428 441
360 427 442
360 442 467
361 409 434
361 414 468
361 434 436
361 436 468
362 389 475
362 449 475
363 387 424
363 424 450
364 451 496
364 455 496
365 407 473
365 452 473
366 381 472
367 380 483
368 369 457
372 445 459
373 410 438
373 446 459
374 395 461
375 383 399
375 463 488
376 398 447
376 398 474
376 458 498
377 411 485
377 460 462
377 460 478
378 461 498
378 479 498
379 480 499
379 484 499
380 465 487
380 483 502
380 487 502
381 460 502
381 472 502
382 403 450
382 443 491
382 450 500
382 491 500
383 471 481
384 400 492
384 423 441
384 423 492
385 401 418
387 416 435
387 424 470
387 435 470
388 478 503
388 479 503
389 415 432
389 432 493
389 475 493
390 391 392
393 449 499
393 480 499
394 444 484
394 469 499
394 484 499
395 413 486
395 461 498
395 486 498
396 472 502
396 487 502
397 450 500
397 473 500
398 452 500
399 451 490
400 448 449
400 449 475
401 453 464
402 453 466
407 473 501
407 475 501
408 423 441
408 423 489
408 478 489
409 422 434
409 422 482
409 430 482
411 415 432
411 432 485
414 440 468
415 428 441
416 427 442
417 419 431
417 431 455
417 434 436
418 421 496
418 490 496
419 431 484
420 470 504
420 471 504
421 433 454
421 493 496
424 470 494
425 437 442
425 437 487
425 442 467
425 467 503
430 482 497
431 455 501
438 440 495
438 488 495
439 481 504
439 482 504
440 489 495
445 459 485
446 459 485
451 490 496
452 473 500
453 464 492
453 466 492
455 496 501
458 479 498
463 488 495
467 495 503
470 494 504
471 481 504
474 494 497
475 493 501
478 489 503
482 497 504
489 495 503
493 496 501
494 497 504