1 5 9
1 5 20
1 9 16
1 16 21
1 20 40
1 21 36
1 36 53
1 40 53
2 319 326
2 319 390
2 326 459
2 390 455
2 455 490
2 459 494
2 490 497
2 494 497
3 318 327
3 318 391
3 327 458
3 391 454
3 454 491
3 458 495
3 491 500
3 495 500
4 8 12
4 8 17
4 12 13
4 13 24
4 17 37
4 24 33
4 33 56
4 37 56
5 9 28
5 20 29
5 28 60
5 29 52
5 52 77
5 60 77
6 203 322
6 203 450
6 322 471
6 450 487
6 456 471
6 456 501
6 487 498
6 498 501
7 202 323
7 202 451
7 323 470
7 451 486
7 453 470
7 453 504
7 486 499
7 499 504
8 12 25
8 17 32
8 25 57
8 32 49
8 49 80
8 57 80
9 16 41
9 28 45
9 41 73
9 45 72
9 72 73
10 263 266
10 263 482
10 266 395
10 395 488
10 482 493
10 488 489
10 489 502
10 493 502
11 262 267
11 262 483
11 267 394
11 394 485
11 483 496
11 485 492
11 492 503
11 496 503
12 13 44
12 25 48
12 44 76
12 48 69
12 69 76
13 24 61
13 44 65
13 61 101
13 65 100
13 100 101
14 206 255
14 206 427
14 255 366
14 366 457
14 427 484
14 457 504
14 484 499
14 499 504
15 207 254
15 207 426
15 254 367
15 367 460
15 426 481
15 460 501
15 481 498
15 498 501
16 21 64
16 41 68
16 64 104
16 68 97
16 97 104
17 32 81
17 37 92
17 81 145
17 92 140
17 140 145
18 143 270
18 143 418
18 270 415
18 392 415
18 392 503
18 418 469
18 469 492
18 492 503
19 142 271
19 142 419
19 271 414
19 389 414
19 389 502
19 419 472
19 472 489
19 489 502
20 29 84
20 40 89
20 84 148
20 89 137
20 137 148
21 36 85
21 64 93
21 85 149
21 93 144
21 144 149
22 146 311
22 146 463
22 311 362
22 325 362
22 325 502
22 368 463
22 368 493
22 493 502
23 147 310
23 147 462
23 310 363
23 328 363
23 328 503
23 365 462
23 365 496
23 496 503
24 33 88
24 61 96
24 88 152
24 96 141
24 141 152
25 48 105
25 57 124
25 105 209
25 124 196
25 196 209
26 199 258
26 199 306
26 258 375
26 306 393
26 375 452
26 393 500
26 452 491
26 491 500
27 198 259
27 198 307
27 259 374
27 307 396
27 374 449
27 396 497
27 449 490
27 490 497
28 45 108
28 60 121
28 108 212
28 121 193
28 193 212
29 52 109
29 84 125
29 109 213
29 125 200
29 200 213
30 210 339
30 210 379
30 234 321
30 234 379
30 321 490
30 339 420
30 420 455
30 455 490
31 211 338
31 211 378
31 235 324
31 235 378
31 324 491
31 338 417
31 417 454
31 454 491
32 49 112
32 81 128
32 112 216
32 128 197
32 197 216
33 56 113
33 88 129
33 113 217
33 129 204
33 204 217
34 78 383
34 78 479
34 317 356
34 317 504
34 356 383
34 364 457
34 364 479
34 457 504
35 79 382
35 79 478
35 320 353
35 320 501
35 353 382
35 361 460
35 361 478
35 460 501
36 53 116
36 85 132
36 116 220
36 132 201
36 201 220
37 56 117
37 92 133
37 117 221
37 133 208
37 208 221
38 98 387
38 98 423
38 317 350
38 317 504
38 350 387
38 416 423
38 416 453
38 453 504
39 99 386
39 99 422
39 320 351
39 320 501
39 351 386
39 413 422
39 413 456
39 456 501
40 53 120
40 89 136
40 120 224
40 136 205
40 205 224
41 68 153
41 73 164
41 153 257
41 164 252
41 252 257
42 195 314
42 195 370
42 264 295
42 264 497
42 295 314
42 370 425
42 425 494
42 494 497
43 194 315
43 194 371
43 261 294
43 261 500
43 294 315
43 371 428
43 428 495
43 495 500
44 65 156
44 76 161
44 156 260
44 161 249
44 249 260
45 72 157
45 108 173
45 157 273
45 173 256
45 256 273
46 102 407
46 102 431
46 265 302
46 265 498
46 302 431
46 308 407
46 308 487
46 487 498
47 103 406
47 103 430
47 268 303
47 268 499
47 303 430
47 305 406
47 305 486
47 486 499
48 69 160
48 105 176
48 160 276
48 176 253
48 253 276
49 80 165
49 112 177
49 165 246
49 177 264
49 246 264
50 74 435
50 74 475
50 201 360
50 201 492
50 236 469
50 236 475
50 360 435
50 469 492
51 75 434
51 75 474
51 204 357
51 204 489
51 233 472
51 233 474
51 357 434
51 472 489
52 77 168
52 109 180
52 168 247
52 180 261
52 247 261
53 116 181
53 120 185
53 181 268
53 185 268
54 70 439
54 70 443
54 325 354
54 325 502
54 352 389
54 352 439
54 354 443
54 389 502
55 71 438
55 71 442
55 328 355
55 328 503
55 349 392
55 349 438
55 355 442
55 392 503
56 113 184
56 117 188
56 184 265
56 188 265
57 80 169
57 124 189
57 169 277
57 189 272
57 272 277
58 138 447
58 138 467
58 201 230
58 201 492
58 230 447
58 376 467
58 376 485
58 485 492
59 139 446
59 139 466
59 204 231
59 204 489
59 231 446
59 373 466
59 373 488
59 488 489
60 77 172
60 121 192
60 172 280
60 192 269
60 269 280
61 96 225
61 101 236
61 215 236
61 215 313
61 225 313
62 111 256
62 111 377
62 251 342
62 251 377
62 256 495
62 342 461
62 458 461
62 458 495
63 110 253
63 110 380
63 250 343
63 250 380
63 253 494
63 343 464
63 459 464
63 459 494
64 93 228
64 104 233
64 214 233
64 214 316
64 228 316
65 100 229
65 156 241
65 229 278
65 241 312
65 278 312
66 150 399
66 150 448
66 170 205
66 170 448
66 205 496
66 372 399
66 372 483
66 483 496
67 151 398
67 151 445
67 171 208
67 171 445
67 208 493
67 369 398
67 369 482
67 482 493
68 97 232
68 153 244
68 232 279
68 244 309
68 279 309
69 76 237
69 160 182
69 182 320
69 186 237
69 186 320
70 261 300
70 261 500
70 300 439
70 304 393
70 304 443
70 393 500
71 264 297
71 264 497
71 297 438
71 301 396
71 301 442
71 396 497
72 73 240
72 157 183
72 183 317
72 187 240
72 187 317
73 164 245
73 178 240
73 178 324
73 245 324
74 265 298
74 265 498
74 296 435
74 296 481
74 298 475
74 481 498
75 268 299
75 268 499
75 293 434
75 293 484
75 299 474
75 484 499
76 161 248
76 179 237
76 179 321
76 248 321
77 130 168
77 130 328
77 172 218
77 218 328
78 232 383
78 232 449
78 321 358
78 321 490
78 358 479
78 449 490
79 229 382
79 229 452
79 324 359
79 324 491
79 359 478
79 452 491
80 131 165
80 131 325
80 169 219
80 219 325
81 128 281
81 145 304
81 275 304
81 275 385
81 281 385
82 144 159
82 144 453
82 159 429
82 223 410
82 223 429
82 337 410
82 337 470
82 453 470
83 141 158
83 141 456
83 158 432
83 222 411
83 222 432
83 340 411
83 340 471
83 456 471
84 125 284
84 148 301
84 274 301
84 274 388
84 284 388
85 132 285
85 149 308
85 211 308
85 211 378
85 285 378
86 107 197
86 107 312
86 197 216
86 216 290
86 290 477
86 312 459
86 326 459
86 326 477
87 106 200
87 106 309
87 200 213
87 213 291
87 291 480
87 309 458
87 327 458
87 327 480
88 129 288
88 152 305
88 210 305
88 210 379
88 288 379
89 136 289
89 137 296
89 251 296
89 251 377
89 289 377
90 163 272
90 163 313
90 215 286
90 215 313
90 272 455
90 286 421
90 390 421
90 390 455
91 162 269
91 162 316
91 214 287
91 214 316
91 269 454
91 287 424
91 391 424
91 391 454
92 133 292
92 140 293
92 250 293
92 250 380
92 292 380
93 144 297
93 177 297
93 177 384
93 228 283
93 283 384
94 145 239
94 145 460
94 218 412
94 218 476
94 239 476
94 344 367
94 344 412
94 367 460
95 148 238
95 148 457
95 219 409
95 219 473
95 238 473
95 341 366
95 341 409
95 366 457
96 141 300
96 180 300
96 180 381
96 225 282
96 282 381
97 104 166
97 134 166
97 134 392
97 222 232
97 222 392
98 172 387
98 172 425
98 253 360
98 253 494
98 360 423
98 425 494
99 169 386
99 169 428
99 256 357
99 256 495
99 357 422
99 428 495
100 101 167
100 135 167
100 135 389
100 223 229
100 223 389
101 167 174
101 174 396
101 236 274
101 274 396
102 112 365
102 112 431
102 205 358
102 205 496
102 358 407
102 365 496
103 109 368
103 109 430
103 208 359
103 208 493
103 359 406
103 368 493
104 166 175
104 175 393
104 233 275
104 275 393
105 151 364
105 151 445
105 176 329
105 209 364
105 329 445
106 200 485
106 279 309
106 279 402
106 394 405
106 394 485
106 402 405
107 197 488
107 278 312
107 278 403
107 395 408
107 395 488
107 403 408
108 150 361
108 150 448
108 173 332
108 212 361
108 332 448
109 180 333
109 213 368
109 333 430
110 253 276
110 276 346
110 322 471
110 322 473
110 346 473
110 380 471
111 256 273
111 273 347
111 323 470
111 323 476
111 347 476
111 377 470
112 177 336
112 216 365
112 336 431
113 184 337
113 198 259
113 198 337
113 217 372
113 259 372
114 127 212
114 127 441
114 155 193
114 155 384
114 193 212
114 318 327
114 318 441
114 327 384
115 126 209
115 126 444
115 154 196
115 154 381
115 196 209
115 319 326
115 319 444
115 326 381
116 181 340
116 199 258
116 199 340
116 220 369
116 258 369
117 188 341
117 195 314
117 195 376
117 221 376
117 314 341
118 123 257
118 123 388
118 226 252
118 226 437
118 252 257
118 318 391
118 318 437
118 388 391
119 122 260
119 122 385
119 227 249
119 227 440
119 249 260
119 319 390
119 319 440
119 385 390
120 185 344
120 194 315
120 194 373
120 224 373
120 315 344
121 192 345
121 193 352
121 223 352
121 223 429
121 345 429
122 260 487
122 275 334
122 275 385
122 334 465
122 450 465
122 450 487
123 257 486
123 274 335
123 274 388
123 335 468
123 451 468
123 451 486
124 189 348
124 196 349
124 222 349
124 222 432
124 348 432
125 182 353
125 182 436
125 200 353
125 284 331
125 331 436
126 209 472
126 245 404
126 245 444
126 404 412
126 412 419
126 419 472
127 212 469
127 248 401
127 248 441
127 401 409
127 409 418
127 418 469
128 183 356
128 183 433
128 197 356
128 281 330
128 330 433
129 173 357
129 173 440
129 190 288
129 190 440
129 204 357
130 168 408
130 186 408
130 186 468
130 292 363
130 292 468
130 328 363
131 165 405
131 187 405
131 187 465
131 289 362
131 289 465
131 325 362
132 176 360
132 176 437
132 191 285
132 191 437
132 201 360
133 208 359
133 242 292
133 242 444
133 245 359
133 245 444
134 166 436
134 182 400
134 182 436
134 288 400
134 288 415
134 392 415
135 167 433
135 183 397
135 183 433
135 285 397
135 285 414
135 389 414
136 205 358
136 243 289
136 243 441
136 248 358
136 248 441
137 148 238
137 190 238
137 190 452
137 278 296
137 278 452
138 141 300
138 141 456
138 164 413
138 164 447
138 300 467
138 413 456
139 144 297
139 144 453
139 161 416
139 161 446
139 297 466
139 416 453
140 145 239
140 191 239
140 191 449
140 279 293
140 279 449
141 152 158
142 237 271
142 237 461
142 302 309
142 302 419
142 309 458
142 458 461
143 240 270
143 240 464
143 303 312
143 303 418
143 312 459
143 459 464
144 149 159
145 150 304
145 150 460
146 160 311
146 160 417
146 269 298
146 269 454
146 298 463
146 417 454
147 157 310
147 157 420
147 272 299
147 272 455
147 299 462
147 420 455
148 151 301
148 151 457
149 159 242
149 242 428
149 277 308
149 277 428
150 304 399
150 361 460
151 301 398
151 364 457
152 158 243
152 243 425
152 280 305
152 280 425
153 219 354
153 219 473
153 244 346
153 257 354
153 346 473
154 180 333
154 180 381
154 196 481
154 333 397
154 397 426
154 426 481
155 177 336
155 177 384
155 193 484
155 336 400
155 400 427
155 427 484
156 218 355
156 218 476
156 241 347
156 260 355
156 347 476
157 183 397
157 273 420
157 310 397
158 243 441
158 266 395
158 266 441
158 395 432
159 242 444
159 267 394
159 267 444
159 394 429
160 182 400
160 276 417
160 311 400
161 248 401
161 249 416
161 401 446
162 262 433
162 262 483
162 269 280
162 280 330
162 316 483
162 330 433
163 263 436
163 263 482
163 272 277
163 277 331
163 313 482
163 331 436
164 245 404
164 252 413
164 404 447
165 207 254
165 207 424
165 246 424
165 254 405
166 175 477
166 202 323
166 202 477
166 323 436
167 174 480
167 203 322
167 203 480
167 322 433
168 206 255
168 206 421
168 247 421
168 255 408
169 219 409
169 277 428
169 386 409
170 202 381
170 202 451
170 205 224
170 224 282
170 282 381
170 448 451
171 203 384
171 203 450
171 208 221
171 221 283
171 283 384
171 445 450
172 218 412
172 280 425
172 387 412
173 227 332
173 227 440
173 256 357
174 185 344
174 185 480
174 307 396
174 307 404
174 344 404
175 188 341
175 188 477
175 306 393
175 306 401
175 341 401
176 226 329
176 226 437
176 253 360
177 264 297
178 217 372
178 217 464
178 235 324
178 235 348
178 240 464
178 348 372
179 220 369
179 220 461
179 234 321
179 234 345
179 237 461
179 345 369
180 261 300
181 241 303
181 241 424
181 246 340
181 246 424
181 268 303
182 320 353
183 317 356
184 244 302
184 244 421
184 247 337
184 247 421
184 265 302
185 189 299
185 189 480
185 268 299
186 228 351
186 228 408
186 237 468
186 320 351
187 225 350
187 225 405
187 240 465
187 317 350
188 192 298
188 192 477
188 265 298
189 272 299
189 291 348
189 291 480
190 238 440
190 288 336
190 336 375
190 375 452
191 239 437
191 285 333
191 333 374
191 374 449
192 269 298
192 290 345
192 290 477
193 250 352
193 250 484
194 197 356
194 197 488
194 356 371
194 373 488
195 200 353
195 200 485
195 353 370
195 376 485
196 251 349
196 251 481
198 307 362
198 337 470
198 362 377
198 377 470
199 306 363
199 340 471
199 363 380
199 380 471
201 220 230
202 326 381
202 326 477
203 327 384
203 327 480
204 217 231
206 230 385
206 230 427
206 385 390
206 390 421
207 231 388
207 231 426
207 388 391
207 391 424
209 214 364
209 214 472
210 257 354
210 257 486
210 305 486
210 339 354
211 260 355
211 260 487
211 308 487
211 338 355
212 215 361
212 215 469
213 249 368
213 249 416
213 291 416
214 233 472
214 287 364
215 236 469
215 286 361
216 252 365
216 252 413
216 290 413
217 231 284
217 284 464
218 328 355
219 325 354
220 230 281
220 281 461
221 273 376
221 273 420
221 283 420
222 232 411
222 349 392
223 229 410
223 352 389
224 276 373
224 276 417
224 282 417
225 282 402
225 313 350
225 402 405
226 252 365
226 329 410
226 365 462
226 410 462
227 249 368
227 332 411
227 368 463
227 411 463
228 283 403
228 316 351
228 403 408
229 278 452
229 382 410
230 281 385
230 427 447
231 284 388
231 426 446
232 279 449
232 383 411
233 275 334
233 334 474
234 254 367
234 254 429
234 345 429
234 367 379
235 255 366
235 255 432
235 348 432
235 366 378
236 274 335
236 335 475
237 271 468
238 262 267
238 262 473
238 267 440
239 263 266
239 263 476
239 266 437
240 270 465
241 287 347
241 287 424
241 303 312
242 292 335
242 335 371
242 371 428
243 289 334
243 334 370
243 370 425
244 286 346
244 286 421
244 302 309
245 324 359
246 264 295
246 295 332
246 332 340
247 261 294
247 294 329
247 329 337
248 321 358
250 293 484
250 343 352
251 296 481
251 342 349
254 394 405
254 394 429
255 395 408
255 395 432
258 313 350
258 313 482
258 350 375
258 369 482
259 316 351
259 316 483
259 351 374
259 372 483
262 322 433
262 322 473
263 323 436
263 323 476
266 318 437
266 318 441
267 319 440
267 319 444
270 294 415
270 294 445
270 445 450
270 450 465
271 295 414
271 295 448
271 448 451
271 451 468
273 347 376
274 301 396
275 304 393
276 346 373
277 308 331
278 296 403
279 293 402
280 305 330
281 330 342
281 342 461
282 338 402
282 338 417
283 339 403
283 339 420
284 331 343
284 343 464
285 333 397
285 378 414
286 346 466
286 361 478
286 466 478
287 347 467
287 364 479
287 467 479
288 336 400
288 379 415
289 334 465
289 362 377
290 345 398
290 398 422
290 413 422
291 348 399
291 399 423
291 416 423
292 335 468
292 363 380
293 402 434
294 315 415
294 329 445
295 314 414
295 332 448
296 403 435
297 438 466
298 463 475
299 462 474
300 439 467
301 398 442
302 419 431
303 418 430
304 399 443
305 330 406
306 310 363
306 310 446
306 401 446
307 311 362
307 311 447
307 404 447
308 331 407
310 397 426
310 426 446
311 400 427
311 427 447
314 341 366
314 366 378
314 378 414
315 344 367
315 367 379
315 379 415
329 337 410
330 342 406
331 343 407
332 340 411
333 374 430
334 370 474
335 371 475
336 375 431
338 355 442
338 402 434
338 434 442
339 354 443
339 403 435
339 435 443
341 401 409
342 349 438
342 406 438
343 352 439
343 407 439
344 404 412
345 369 398
346 373 466
347 376 467
348 372 399
350 375 387
351 374 386
353 370 382
356 371 383
357 422 434
358 407 479
359 406 478
360 423 435
370 382 474
371 383 475
374 386 430
375 387 431
382 410 462
382 462 474
383 411 463
383 463 475
386 409 418
386 418 430
387 412 419
387 419 431
398 422 442
399 423 443
406 438 478
407 439 479
422 434 442
423 435 443
438 466 478
439 467 479