1 30 109
1 30 141
1 55 84
1 55 100
1 78 116
1 78 119
1 84 116
1 100 109
1 119 173
1 141 177
1 165 173
1 165 177
2 19 81
2 19 128
2 41 99
2 41 151
2 81 99
2 89 124
2 89 156
2 106 136
2 106 149
2 124 128
2 136 156
2 149 151
3 24 31
3 24 113
3 31 135
3 45 52
3 45 135
3 52 121
3 90 96
3 90 126
3 96 121
3 113 180
3 126 178
3 178 180
4 18 37
4 18 150
4 37 146
4 39 57
4 39 176
4 57 150
4 94 168
4 94 176
4 112 123
4 112 168
4 123 171
4 146 171
5 15 137
5 15 162
5 28 48
5 28 157
5 48 118
5 58 82
5 58 144
5 82 157
5 105 127
5 105 144
5 118 162
5 127 137
6 14 85
6 14 167
6 34 77
6 34 107
6 46 159
6 46 164
6 77 85
6 98 107
6 98 111
6 111 153
6 153 164
6 159 167
7 16 61
7 16 169
7 33 120
7 33 154
7 47 108
7 47 130
7 61 115
7 73 130
7 73 132
7 108 169
7 115 120
7 132 154
8 20 75
8 20 102
8 26 91
8 26 114
8 59 163
8 59 174
8 75 97
8 91 174
8 97 139
8 102 114
8 138 139
8 138 163
9 23 83
9 23 143
9 29 131
9 29 145
9 42 79
9 42 172
9 56 104
9 56 179
9 79 131
9 83 172
9 104 143
9 145 179
10 22 95
10 22 166
10 35 133
10 35 181
10 49 133
10 49 140
10 51 101
10 51 117
10 87 117
10 87 166
10 95 140
10 101 181
11 17 152
11 17 182
11 32 88
11 32 93
11 40 80
11 40 148
11 60 125
11 60 152
11 80 182
11 88 160
11 93 125
11 148 160
12 21 54
12 21 170
12 36 74
12 36 170
12 43 110
12 43 129
12 54 129
12 74 86
12 86 175
12 103 110
12 103 155
12 155 175
13 25 92
13 25 122
13 27 44
13 27 122
13 44 142
13 53 142
13 53 147
13 76 147
13 76 161
13 92 134
13 134 158
13 158 161
14 70 79
14 70 108
14 79 131
14 85 180
14 96 112
14 96 131
14 108 167
14 112 156
14 120 156
14 120 180
15 34 97
15 34 123
15 59 76
15 59 149
15 66 151
15 66 159
15 76 123
15 97 137
15 149 151
15 159 162
16 27 68
16 27 169
16 61 127
16 68 110
16 82 103
16 82 136
16 103 110
16 127 158
16 136 179
16 158 179
17 36 139
17 36 152
17 58 107
17 58 155
17 63 114
17 63 130
17 73 130
17 73 155
17 107 139
17 114 182
18 37 115
18 51 89
18 51 175
18 64 99
18 64 148
18 89 115
18 99 150
18 132 160
18 132 175
18 148 160
19 56 93
19 56 134
19 67 91
19 67 172
19 81 172
19 91 174
19 93 101
19 101 147
19 128 134
19 147 174
20 33 98
20 33 178
20 53 142
20 53 181
20 72 135
20 72 142
20 75 87
20 87 178
20 98 181
20 102 135
21 28 62
21 28 157
21 54 140
21 62 140
21 106 157
21 106 163
21 117 124
21 117 126
21 124 170
21 126 163
22 29 90
22 29 153
22 50 80
22 50 164
22 80 95
22 90 144
22 104 125
22 104 166
22 125 144
22 153 164
23 32 138
23 32 168
23 52 71
23 52 121
23 71 129
23 74 138
23 74 146
23 83 129
23 121 168
23 143 146
24 31 118
24 60 105
24 60 113
24 65 118
24 65 176
24 88 94
24 88 154
24 94 176
24 105 161
24 154 161
25 35 111
25 35 133
25 57 69
25 57 122
25 69 133
25 77 92
25 77 171
25 86 145
25 86 171
25 111 145
26 64 82
26 64 104
26 82 91
26 94 126
26 94 143
26 104 143
26 114 171
26 126 173
26 162 171
26 162 173
27 44 125
27 68 125
27 78 164
27 78 169
27 112 148
27 112 164
27 122 177
27 148 177
28 48 132
28 62 147
28 76 108
28 76 147
28 108 119
28 119 172
28 132 175
28 172 175
29 39 72
29 39 176
29 72 142
29 90 176
29 92 113
29 92 153
29 113 131
29 142 145
30 42 86
30 42 95
30 69 167
30 69 179
30 80 95
30 80 110
30 86 141
30 109 179
30 110 159
30 159 167
31 40 158
31 40 165
31 70 100
31 70 117
31 87 117
31 87 127
31 100 135
31 118 165
31 127 158
32 38 101
32 38 163
32 79 88
32 79 140
32 93 101
32 130 140
32 130 168
32 138 163
33 46 103
33 46 116
33 65 84
33 65 174
33 84 116
33 98 154
33 103 178
33 120 174
34 43 129
34 43 182
34 71 129
34 71 150
34 77 150
34 97 182
34 107 160
34 123 160
35 47 75
35 47 161
35 63 85
35 63 144
35 75 111
35 85 181
35 105 144
35 105 161
36 45 67
36 45 170
36 67 152
36 74 102
36 83 134
36 83 139
36 102 180
36 134 180
37 49 73
37 49 146
37 66 115
37 66 121
37 73 155
37 96 121
37 96 166
37 137 155
37 137 166
38 58 90
38 58 98
38 76 112
38 76 154
38 90 163
38 98 154
38 101 175
38 112 136
38 136 145
38 145 175
39 57 139
39 72 127
39 83 100
39 83 139
39 100 156
39 127 137
39 137 174
39 156 174
40 53 128
40 53 138
40 69 96
40 69 124
40 80 158
40 96 148
40 124 128
40 138 165
41 54 109
41 54 178
41 65 77
41 65 155
41 77 85
41 85 121
41 99 178
41 109 179
41 121 179
41 151 155
42 61 115
42 61 157
42 66 115
42 66 181
42 79 181
42 86 157
42 95 105
42 105 172
43 51 141
43 51 153
43 70 88
43 70 134
43 88 110
43 92 134
43 92 153
43 141 182
44 55 81
44 55 123
44 63 106
44 63 180
44 81 125
44 106 142
44 113 160
44 113 180
44 123 160
45 52 111
45 67 111
45 89 135
45 89 167
45 119 144
45 119 167
45 144 149
45 149 170
46 60 62
46 60 152
46 62 147
46 74 122
46 74 159
46 103 152
46 116 122
46 147 164
47 50 97
47 50 168
47 75 97
47 84 150
47 84 161
47 108 117
47 117 150
47 130 168
48 56 118
48 56 169
48 71 87
48 71 132
48 78 107
48 78 169
48 87 166
48 107 131
48 131 166
49 59 68
49 59 133
49 68 146
49 73 93
49 93 177
49 102 120
49 102 177
49 120 140
50 80 158
50 83 119
50 83 158
50 97 137
50 103 126
50 103 137
50 119 126
50 164 168
51 67 94
51 67 177
51 89 153
51 94 117
51 101 175
51 141 177
52 71 132
52 99 145
52 99 173
52 111 145
52 132 154
52 154 159
52 159 173
53 64 86
53 64 166
53 74 86
53 74 138
53 128 181
53 147 166
54 63 78
54 63 171
54 78 129
54 87 146
54 87 178
54 109 140
54 146 171
55 66 102
55 66 161
55 81 172
55 84 161
55 100 123
55 102 114
55 114 176
55 172 176
56 65 118
56 65 182
56 73 93
56 73 179
56 104 182
56 134 169
57 69 139
57 91 136
57 91 165
57 116 122
57 116 130
57 130 136
57 150 165
58 82 148
58 90 144
58 98 107
58 135 148
58 135 151
58 151 155
59 68 110
59 76 133
59 92 170
59 92 174
59 110 163
59 149 170
60 62 113
60 77 124
60 77 162
60 95 105
60 95 124
60 125 162
61 72 127
61 72 160
61 75 106
61 75 143
61 88 143
61 88 160
61 106 157
62 81 120
62 81 173
62 113 131
62 120 140
62 131 138
62 138 173
63 78 144
63 85 180
63 106 130
63 114 171
64 82 148
64 86 141
64 99 178
64 104 166
64 141 169
64 169 178
65 77 92
65 84 182
65 92 174
65 155 176
66 74 102
66 74 159
66 121 161
66 151 181
67 91 111
67 94 152
67 105 122
67 105 172
67 122 177
68 109 156
68 109 162
68 125 162
68 143 146
68 143 153
68 153 156
69 73 170
69 73 179
69 96 133
69 124 170
69 139 167
70 79 88
70 100 123
70 108 117
70 123 157
70 128 134
70 128 157
71 75 87
71 75 149
71 93 149
71 93 165
71 150 165
72 89 95
72 89 135
72 95 116
72 107 116
72 107 160
73 132 170
74 122 146
75 106 149
75 111 143
76 108 133
76 112 123
76 154 161
77 124 150
77 162 171
78 107 116
78 119 144
78 129 164
79 98 118
79 98 181
79 109 118
79 109 140
80 84 142
80 84 182
80 110 163
80 142 163
81 99 173
81 104 115
81 104 125
81 115 120
82 91 136
82 103 152
82 128 152
82 128 157
83 100 129
83 119 172
83 134 158
84 99 142
84 99 150
85 121 168
85 128 152
85 128 181
85 152 168
86 145 175
86 157 171
87 127 146
88 94 143
88 110 154
89 95 124
89 115 167
89 153 156
90 96 133
90 114 133
90 114 176
90 126 163
91 98 111
91 98 118
91 118 165
92 113 170
93 125 149
93 165 177
94 117 126
94 152 168
95 116 140
96 112 148
96 131 166
97 104 115
97 104 182
97 115 167
97 139 167
99 142 145
100 109 156
100 129 151
100 135 151
101 129 151
101 129 164
101 147 164
101 151 181
102 120 180
102 135 177
103 126 178
103 137 155
105 122 127
106 130 136
106 142 163
107 131 139
108 119 167
108 133 141
108 141 169
109 118 162
110 154 159
111 143 153
112 136 156
112 164 168
113 132 160
113 132 170
114 133 141
114 141 182
116 130 140
117 124 150
119 126 173
120 156 174
121 158 161
121 158 179
122 127 146
123 157 171
125 144 149
131 138 139
134 169 180
135 148 177
136 145 179
137 147 166
137 147 174
138 165 173
155 175 176
159 162 173
169 178 180
172 175 176