1 85 119
1 85 295
1 89 117
1 89 341
1 117 275
1 119 327
1 275 351
1 295 351
1 327 341
2 163 199
2 163 321
2 167 217
2 167 323
2 193 199
2 193 323
2 197 243
2 197 321
2 217 243
3 49 153
3 49 329
3 59 145
3 59 341
3 145 291
3 153 303
3 291 345
3 303 341
3 329 345
4 133 175
4 133 289
4 139 191
4 139 287
4 175 213
4 191 259
4 213 287
4 221 259
4 221 289
5 65 89
5 65 317
5 67 181
5 67 299
5 81 175
5 81 299
5 89 201
5 175 317
5 181 201
6 157 227
6 157 359
6 169 277
6 169 355
6 227 335
6 245 277
6 245 333
6 333 359
6 335 355
7 45 199
7 45 325
7 59 95
7 59 173
7 95 283
7 101 203
7 101 325
7 173 203
7 199 283
8 131 253
8 131 375
8 137 315
8 137 355
8 253 307
8 269 297
8 269 315
8 297 375
8 307 355
9 55 125
9 55 371
9 67 121
9 67 321
9 121 337
9 125 349
9 311 337
9 311 371
9 321 349
10 77 203
10 77 363
10 87 165
10 87 213
10 165 261
10 203 237
10 213 225
10 225 363
10 237 261
11 41 181
11 41 339
11 57 129
11 57 193
11 129 235
11 181 265
11 193 225
11 225 339
11 235 265
12 93 151
12 93 373
12 101 155
12 101 289
12 151 365
12 155 305
12 281 305
12 281 373
12 289 365
13 51 329
13 51 379
13 71 197
13 71 255
13 79 363
13 79 379
13 103 197
13 103 329
13 255 363
14 123 159
14 123 205
14 129 157
14 129 207
14 157 283
14 159 343
14 205 283
14 207 271
14 271 343
15 47 339
15 47 379
15 63 221
15 63 295
15 83 295
15 83 379
15 107 221
15 107 229
15 229 339
16 131 165
16 131 317
16 135 149
16 135 361
16 149 183
16 165 177
16 177 309
16 183 317
16 309 361
17 43 95
17 43 377
17 61 85
17 61 169
17 85 133
17 95 263
17 133 377
17 135 169
17 135 263
18 189 237
18 189 305
18 195 239
18 195 293
18 207 237
18 207 293
18 209 305
18 209 313
18 239 313
19 53 351
19 53 369
19 69 279
19 69 371
19 185 351
19 185 371
19 189 279
19 189 347
19 347 369
20 93 145
20 93 223
20 107 201
20 107 233
20 109 233
20 109 253
20 123 145
20 123 201
20 223 253
21 49 99
21 49 163
21 65 75
21 65 241
21 75 357
21 99 137
21 137 159
21 159 241
21 163 357
22 177 265
22 177 293
22 179 285
22 179 337
22 211 265
22 211 337
22 223 257
22 223 293
22 257 285
23 55 117
23 55 195
23 71 173
23 71 251
23 109 227
23 109 251
23 117 149
23 149 173
23 195 227
24 91 345
24 91 353
24 97 319
24 97 373
24 211 319
24 211 367
24 215 345
24 215 373
24 353 367
25 41 171
25 41 327
25 45 125
25 45 143
25 125 359
25 143 367
25 161 171
25 161 359
25 327 367
26 83 267
26 83 291
26 105 231
26 105 263
26 231 271
26 263 285
26 267 369
26 271 369
26 285 291
27 39 119
27 39 319
27 57 75
27 57 219
27 75 287
27 119 335
27 209 287
27 209 319
27 219 335
28 141 261
28 141 343
28 161 185
28 161 269
28 185 301
28 229 269
28 229 343
28 247 261
28 247 301
29 51 247
29 51 275
29 73 241
29 73 249
29 241 313
29 247 353
29 249 309
29 275 313
29 309 353
30 77 171
30 77 303
30 81 111
30 81 151
30 111 347
30 127 171
30 127 375
30 151 375
30 303 347
31 53 299
31 53 377
31 73 243
31 73 281
31 113 243
31 113 299
31 115 205
31 115 377
31 205 281
32 91 325
32 91 357
32 105 259
32 105 311
32 141 259
32 141 325
32 147 183
32 147 357
32 183 311
33 39 153
33 39 279
33 43 87
33 43 323
33 87 187
33 153 307
33 179 279
33 179 323
33 187 307
34 113 235
34 113 361
34 127 215
34 127 245
34 215 331
34 235 267
34 245 255
34 255 361
34 267 331
35 63 219
35 63 251
35 69 217
35 69 297
35 147 297
35 147 331
35 155 217
35 155 251
35 219 331
36 79 139
36 79 239
36 99 111
36 99 231
36 111 349
36 139 277
36 231 277
36 239 273
36 273 349
37 47 167
37 47 257
37 61 143
37 61 249
37 143 365
37 167 315
37 249 315
37 257 273
37 273 365
38 97 191
38 97 333
38 103 187
38 103 233
38 115 301
38 115 333
38 121 191
38 121 233
38 187 301
39 116 148
39 116 279
39 119 226
39 148 319
39 153 226
40 184 206
40 184 366
40 195 293
40 195 362
40 206 350
40 223 293
40 223 344
40 344 366
40 350 362
41 171 274
41 181 284
41 274 332
41 284 327
41 332 339
42 104 148
42 104 306
42 106 165
42 106 308
42 148 240
42 165 261
42 240 308
42 247 261
42 247 306
43 87 348
43 95 336
43 310 348
43 310 377
43 323 336
44 112 230
44 112 354
44 121 191
44 121 240
44 191 259
44 202 240
44 202 354
44 216 230
44 216 259
45 125 304
45 136 230
45 136 325
45 143 230
45 199 304
46 97 254
46 97 373
46 108 314
46 108 362
46 254 288
46 268 281
46 268 314
46 281 373
46 288 362
47 110 354
47 110 379
47 134 167
47 134 339
47 257 354
48 92 190
48 92 228
48 99 184
48 99 231
48 184 304
48 190 334
48 228 304
48 231 271
48 271 334
49 99 210
49 153 264
49 163 202
49 202 329
49 210 264
50 127 178
50 127 375
50 136 186
50 136 306
50 178 360
50 186 290
50 290 297
50 297 375
50 306 360
51 114 275
51 114 379
51 138 204
51 138 247
51 204 329
52 97 191
52 97 319
52 102 180
52 102 356
52 152 191
52 152 312
52 158 180
52 158 319
52 312 356
53 156 351
53 156 377
53 160 299
53 160 338
53 338 369
54 80 212
54 80 254
54 92 171
54 92 226
54 127 171
54 127 245
54 138 212
54 138 226
54 245 254
55 102 195
55 102 266
55 104 117
55 104 371
55 125 266
56 160 216
56 160 290
56 169 214
56 169 277
56 214 316
56 216 231
56 231 277
56 236 290
56 236 316
57 75 368
57 108 129
57 108 190
57 190 219
57 193 368
58 150 302
58 150 348
58 152 264
58 152 277
58 234 264
58 234 348
58 245 255
58 245 277
58 255 302
59 95 366
59 145 188
59 173 358
59 188 366
59 341 358
60 114 270
60 114 274
60 140 207
60 140 266
60 207 271
60 266 302
60 270 369
60 271 369
60 274 302
61 80 206
61 80 249
61 85 180
61 143 180
61 169 206
62 124 332
62 124 364
62 131 317
62 131 375
62 234 317
62 234 358
62 238 332
62 238 375
62 358 364
63 219 316
63 221 364
63 251 312
63 295 316
63 312 364
64 78 116
64 78 338
64 93 145
64 93 373
64 112 145
64 112 284
64 116 178
64 178 373
64 284 338
65 75 308
65 89 350
65 236 308
65 236 317
65 241 350
66 141 259
66 141 334
66 156 188
66 156 286
66 188 268
66 204 268
66 204 334
66 221 259
66 221 286
67 121 162
67 150 299
67 150 321
67 162 288
67 181 288
68 84 210
68 84 356
68 93 223
68 93 238
68 210 270
68 223 257
68 238 346
68 257 356
68 270 346
69 82 228
69 82 371
69 84 217
69 84 279
69 228 297
70 124 325
70 124 368
70 140 261
70 140 310
70 141 261
70 141 325
70 158 176
70 158 310
70 176 368
71 173 360
71 197 314
71 251 314
71 255 292
71 292 360
72 82 286
72 82 344
72 87 165
72 87 212
72 131 165
72 131 344
72 134 162
72 134 212
72 162 286
73 176 281
73 176 346
73 186 243
73 186 249
73 241 346
74 78 129
74 78 336
74 106 110
74 106 293
74 110 214
74 129 207
74 207 293
74 214 292
74 292 336
75 272 357
75 272 368
75 287 308
76 144 256
76 144 370
76 155 217
76 155 258
76 174 258
76 174 370
76 186 243
76 186 256
76 217 243
77 171 274
77 203 318
77 274 302
77 302 363
77 303 318
78 116 258
78 129 235
78 235 267
78 258 336
78 267 338
79 110 370
79 110 379
79 139 164
79 164 363
79 239 370
80 206 328
80 212 298
80 249 309
80 254 328
80 298 309
81 111 256
81 151 328
81 160 256
81 160 299
81 175 328
82 228 324
82 248 286
82 248 311
82 311 371
82 324 344
83 142 291
83 142 379
83 170 182
83 170 267
83 182 295
84 126 217
84 126 282
84 132 210
84 132 279
84 282 356
85 119 242
85 133 174
85 174 295
85 180 242
86 160 216
86 160 338
86 161 208
86 161 359
86 208 376
86 216 322
86 322 333
86 333 359
86 338 376
87 187 212
87 213 348
88 124 332
88 124 368
88 126 242
88 126 315
88 229 269
88 229 332
88 242 252
88 252 368
88 269 315
89 117 220
89 201 378
89 220 350
89 341 378
90 142 246
90 142 274
90 168 177
90 168 238
90 177 309
90 238 332
90 246 353
90 274 332
90 309 353
91 122 345
91 122 357
91 136 306
91 136 325
91 306 353
92 161 171
92 161 269
92 170 190
92 170 226
92 228 269
93 151 238
94 136 186
94 136 322
94 137 194
94 137 315
94 186 249
94 194 278
94 249 315
94 262 278
94 262 322
95 262 283
95 262 336
95 263 366
96 113 243
96 113 298
96 122 220
96 122 314
96 182 248
96 182 298
96 197 243
96 197 314
96 220 248
97 254 333
98 113 235
98 113 299
98 132 200
98 132 272
98 150 299
98 150 348
98 168 235
98 168 272
98 200 348
99 111 210
99 137 184
100 150 302
100 150 340
100 157 283
100 157 359
100 252 283
100 252 378
100 266 302
100 266 359
100 340 378
101 124 289
101 124 325
101 128 155
101 128 324
101 203 324
102 180 246
102 195 239
102 239 356
102 246 352
102 266 352
103 187 278
103 197 340
103 233 282
103 278 329
103 282 340
104 117 144
104 144 318
104 148 208
104 208 371
104 306 318
105 200 311
105 200 352
105 216 231
105 216 259
105 263 352
106 110 194
106 165 177
106 177 293
106 194 276
106 276 308
107 201 376
107 221 286
107 229 276
107 233 286
107 276 376
108 128 164
108 128 314
108 129 157
108 157 362
108 164 190
109 227 342
109 233 282
109 251 312
109 253 342
109 282 312
110 194 354
110 214 370
111 210 270
111 256 349
111 270 347
112 145 291
112 230 320
112 284 320
112 285 291
112 285 354
113 298 361
114 142 274
114 142 379
114 154 196
114 154 275
114 196 270
115 205 322
115 222 301
115 222 310
115 310 377
115 322 333
116 148 342
116 178 342
116 189 258
116 189 279
117 144 275
117 149 220
118 188 232
118 188 366
118 189 237
118 189 347
118 232 374
118 237 324
118 324 344
118 344 366
118 347 374
119 226 372
119 242 335
119 327 372
120 142 224
120 142 291
120 152 198
120 152 312
120 198 215
120 215 345
120 224 364
120 291 345
120 312 364
121 162 233
121 240 337
122 204 268
122 204 345
122 220 250
122 250 357
122 268 314
123 145 188
123 159 196
123 188 268
123 196 201
123 205 268
124 289 364
125 260 304
125 260 349
125 266 359
126 154 222
126 154 282
126 167 217
126 167 315
126 222 242
127 178 215
128 155 251
128 164 294
128 251 314
128 260 294
128 260 324
130 179 285
130 179 330
130 184 304
130 184 366
130 250 304
130 250 372
130 263 285
130 263 366
130 330 372
131 253 344
132 179 279
132 179 337
132 198 210
132 198 272
132 200 337
133 174 320
133 175 232
133 232 377
133 289 320
134 162 294
134 167 330
134 212 298
134 294 339
134 298 330
135 149 224
135 169 214
135 214 361
135 224 352
135 263 352
136 230 322
137 159 194
137 184 355
138 204 296
138 212 301
138 226 374
138 247 301
138 296 374
139 152 191
139 152 277
139 164 296
139 287 296
140 200 310
140 200 352
140 207 237
140 237 261
140 266 352
141 334 343
142 224 246
143 180 246
143 230 365
143 246 367
144 256 280
144 275 313
144 280 318
144 313 370
146 211 265
146 211 367
146 220 250
146 220 350
146 250 372
146 265 288
146 288 362
146 350 362
146 367 372
147 183 290
147 198 272
147 198 331
147 272 357
147 290 297
148 208 342
148 211 240
148 211 319
149 173 224
149 183 248
149 220 248
150 321 340
151 238 375
151 244 328
151 244 365
152 198 264
153 226 374
153 264 307
153 303 374
154 185 222
154 185 351
154 196 340
154 275 351
154 282 340
155 258 305
156 182 248
156 182 351
156 188 232
156 232 377
156 248 286
157 227 362
158 176 305
158 180 222
158 209 305
158 209 319
158 222 310
159 194 343
159 196 346
159 241 346
160 256 290
161 185 208
162 233 286
162 244 288
162 244 294
163 199 250
163 202 280
163 250 357
163 280 321
164 190 334
164 294 363
164 296 334
166 206 328
166 206 350
166 209 296
166 209 313
166 232 328
166 232 374
166 241 313
166 241 350
166 296 374
167 323 330
168 176 272
168 176 346
168 177 265
168 235 265
168 238 346
169 206 355
170 182 330
170 190 331
170 226 372
170 267 331
170 330 372
172 234 264
172 234 358
172 242 252
172 242 335
172 252 378
172 264 307
172 307 355
172 335 355
172 358 378
173 203 360
173 224 358
174 258 300
174 295 316
174 300 320
174 316 370
175 213 234
175 232 328
175 234 317
176 272 368
176 281 305
178 215 373
178 218 342
178 218 360
179 323 330
180 222 242
181 201 376
181 265 288
181 284 376
182 295 351
182 298 330
183 236 290
183 236 317
183 248 311
184 206 355
185 208 371
185 222 301
186 256 290
187 212 301
187 218 278
187 218 307
189 258 305
190 219 331
192 208 342
192 208 376
192 219 316
192 219 335
192 227 335
192 227 342
192 236 276
192 236 316
192 276 376
193 199 252
193 225 300
193 252 368
193 300 323
194 276 343
194 278 354
195 227 362
196 201 378
196 270 346
196 340 378
197 321 340
198 210 264
198 215 331
199 250 304
199 252 283
200 310 348
200 311 337
202 240 326
202 278 329
202 278 354
202 280 326
203 237 324
203 318 360
204 296 334
204 329 345
205 262 283
205 262 322
205 268 281
209 287 296
211 240 337
213 225 326
213 234 348
213 287 326
214 292 361
214 316 370
216 230 322
218 253 307
218 253 342
218 262 278
218 262 292
218 292 360
221 289 364
223 253 344
224 246 352
224 358 364
225 294 339
225 294 363
225 300 326
228 260 304
228 260 324
228 269 297
229 276 343
229 332 339
230 320 365
236 276 308
239 273 356
239 313 370
240 308 326
244 254 288
244 254 328
244 260 273
244 260 294
244 273 365
245 254 333
246 353 367
247 306 353
255 292 361
255 302 363
256 280 349
257 273 356
257 285 354
258 300 336
260 273 349
262 292 336
267 338 369
270 347 369
271 334 343
280 318 380
280 321 349
280 326 380
282 312 356
284 320 380
284 327 380
284 338 376
287 308 326
289 320 365
298 309 361
300 320 380
300 323 336
300 326 380
303 318 380
303 341 380
303 347 374
306 318 360
327 341 380
327 367 372
341 358 378