1 2 3
1 2 4
1 3 5
1 4 7
1 5 8
1 7 12
1 8 14
1 12 20
1 14 20
2 3 6
2 4 10
2 6 11
2 10 22
2 11 19
2 19 32
2 22 32
3 5 9
3 6 13
3 9 17
3 13 23
3 17 30
3 23 30
4 7 16
4 10 18
4 16 34
4 18 31
4 31 50
4 34 50
5 8 15
5 9 21
5 15 28
5 21 35
5 28 48
5 35 48
6 11 26
6 13 24
6 24 44
6 26 53
6 44 74
6 53 74
7 12 27
7 16 29
7 27 54
7 29 49
7 49 78
7 54 78
8 14 25
8 15 33
8 25 45
8 33 55
8 45 75
8 55 75
9 17 40
9 21 36
9 36 66
9 40 83
9 66 113
9 83 113
10 18 41
10 22 37
10 37 67
10 41 84
10 67 114
10 84 114
11 19 42
11 26 46
11 42 85
11 46 76
11 76 121
11 85 121
12 20 43
12 27 47
12 43 86
12 47 77
12 77 122
12 86 122
13 23 38
13 24 51
13 38 68
13 51 87
13 68 115
13 87 115
14 20 39
14 25 52
14 39 69
14 52 88
14 69 116
14 88 116
15 28 61
15 33 56
15 56 103
15 61 127
15 103 173
15 127 173
16 29 62
16 34 57
16 57 104
16 62 128
16 104 174
16 128 174
17 30 63
17 40 70
17 63 129
17 70 117
17 117 182
17 129 182
18 31 64
18 41 71
18 64 130
18 71 118
18 118 183
18 130 183
19 32 65
19 42 72
19 65 131
19 72 119
19 119 184
19 131 184
20 39 82
20 43 73
20 73 120
20 82 135
20 120 135
21 35 58
21 36 79
21 58 105
21 79 132
21 105 172
21 132 172
22 32 59
22 37 80
22 59 106
22 80 133
22 106 175
22 133 175
23 30 60
23 38 81
23 60 107
23 81 134
23 107 176
23 134 176
24 44 96
24 51 89
24 89 162
24 96 188
24 162 187
24 187 188
25 45 97
25 52 90
25 90 163
25 97 189
25 163 250
25 189 250
26 46 98
26 53 91
26 91 164
26 98 190
26 164 170
26 170 190
27 47 99
27 54 92
27 92 165
27 99 191
27 165 251
27 191 251
28 48 100
28 61 108
28 100 192
28 108 177
28 177 256
28 192 256
29 49 101
29 62 109
29 101 193
29 109 178
29 126 178
29 126 193
30 60 126
30 63 110
30 110 179
30 126 199
30 179 199
31 50 102
31 64 111
31 102 194
31 111 180
31 180 257
31 194 257
32 59 125
32 65 112
32 112 181
32 125 198
32 181 198
33 55 93
33 56 109
33 93 166
33 109 195
33 112 166
33 112 195
34 50 94
34 57 123
34 94 167
34 123 196
34 167 235
34 196 235
35 48 95
35 58 124
35 95 168
35 124 197
35 168 234
35 197 234
36 66 149
36 79 136
36 125 203
36 125 262
36 136 203
36 149 262
37 67 150
37 80 137
37 137 234
37 150 263
37 234 261
37 261 263
38 68 151
38 81 138
38 138 235
38 151 264
38 235 315
38 264 315
39 69 152
39 82 139
39 139 236
39 152 265
39 236 316
39 265 316
40 70 153
40 83 140
40 140 237
40 153 257
40 237 247
40 247 257
41 71 154
41 84 141
41 110 224
41 110 238
41 141 238
41 154 224
42 72 155
42 85 142
42 142 239
42 155 256
42 239 309
42 256 309
43 73 156
43 86 143
43 143 240
43 156 266
43 240 317
43 266 317
44 74 157
44 96 169
44 157 267
44 169 252
44 191 252
44 191 267
45 75 158
45 97 123
45 123 253
45 158 268
45 253 322
45 268 322
46 76 159
46 82 139
46 82 269
46 98 154
46 139 154
46 159 269
47 77 160
47 79 99
47 79 208
47 131 208
47 131 270
47 160 270
48 95 183
48 100 170
48 170 205
48 183 275
48 205 275
49 78 161
49 101 171
49 161 271
49 171 254
49 190 254
49 190 271
50 94 187
50 102 172
50 172 255
50 187 218
50 218 255
51 73 156
51 73 241
51 87 144
51 89 136
51 136 156
51 144 241
52 71 90
52 71 222
52 88 145
52 107 222
52 107 242
52 145 242
53 74 146
53 91 185
53 146 243
53 163 243
53 163 272
53 185 272
54 78 147
54 92 108
54 108 273
54 147 244
54 244 296
54 273 296
55 75 148
55 93 186
55 148 245
55 162 245
55 162 274
55 186 274
56 81 138
56 81 221
56 103 218
56 109 200
56 138 200
56 218 221
57 104 219
57 123 201
57 176 201
57 176 327
57 219 328
57 327 328
58 105 220
58 124 202
58 175 202
58 175 363
58 220 329
58 329 363
59 106 221
59 125 203
59 203 296
59 221 330
59 296 365
59 330 365
60 107 222
60 126 178
60 178 297
60 222 331
60 297 366
60 331 366
61 108 201
61 127 204
61 184 201
61 184 310
61 204 298
61 298 310
62 72 155
62 72 206
62 109 223
62 128 205
62 155 223
62 205 206
63 110 224
63 129 206
63 206 299
63 224 322
63 299 362
63 322 362
64 111 225
64 130 207
64 182 225
64 182 363
64 207 300
64 300 363
65 112 195
65 131 208
65 195 332
65 208 301
65 301 367
65 332 367
66 113 214
66 128 318
66 128 333
66 149 246
66 214 333
66 246 318
67 114 226
67 150 185
67 185 319
67 226 293
67 266 293
67 266 319
68 115 227
68 124 151
68 124 320
68 227 292
68 292 332
68 320 332
69 80 152
69 80 302
69 116 228
69 228 334
69 271 302
69 271 334
70 86 143
70 86 335
70 98 143
70 98 153
70 117 229
70 229 335
71 90 223
71 118 230
71 154 223
71 222 230
72 119 231
72 129 206
72 129 336
72 231 336
73 120 232
73 194 241
73 194 337
73 232 337
74 146 173
74 157 174
74 173 230
74 174 209
74 209 230
75 121 148
75 121 291
75 141 247
75 141 291
75 158 247
76 121 148
76 132 321
76 132 338
76 148 338
76 159 248
76 248 321
77 122 233
77 160 249
77 204 224
77 204 249
77 224 322
77 233 322
78 115 161
78 115 277
78 147 261
78 149 261
78 149 277
79 99 200
79 132 209
79 136 200
79 208 209
80 89 137
80 89 152
80 133 210
80 210 302
81 106 221
81 106 303
81 134 211
81 211 303
82 135 212
82 168 269
82 168 304
82 212 304
83 113 213
83 140 169
83 169 339
83 213 286
83 236 286
83 236 339
84 103 305
84 103 340
84 114 214
84 141 258
84 214 305
84 258 340
85 111 142
85 111 341
85 121 215
85 215 284
85 284 297
85 297 341
86 122 216
86 216 306
86 245 306
86 245 335
87 115 161
87 118 307
87 118 342
87 144 259
87 161 307
87 259 342
88 116 217
88 145 260
88 203 219
88 203 296
88 217 296
88 219 260
89 136 276
89 137 276
89 152 275
89 162 275
90 124 151
90 124 202
90 151 198
90 163 198
90 202 223
91 116 225
91 116 310
91 164 289
91 185 225
91 289 347
91 310 347
92 108 153
92 153 181
92 165 274
92 181 326
92 274 353
92 326 353
93 115 277
93 115 309
93 166 290
93 186 277
93 290 346
93 309 346
94 162 187
94 162 245
94 167 262
94 245 360
94 262 357
94 357 360
95 118 183
95 118 307
95 168 269
95 269 370
95 307 359
95 359 370
96 122 202
96 122 327
96 169 202
96 188 278
96 278 356
96 327 356
97 123 137
97 137 199
97 189 254
97 199 314
97 254 345
97 314 345
98 143 255
98 153 276
98 154 276
98 190 255
99 111 142
99 111 225
99 142 179
99 179 191
99 200 225
100 170 190
100 190 271
100 192 238
100 238 357
100 271 373
100 357 373
101 121 291
101 121 315
101 171 291
101 193 279
101 279 355
101 315 355
102 132 172
102 132 338
102 194 241
102 241 358
102 338 372
102 358 372
103 146 173
103 146 305
103 218 308
103 308 340
104 174 292
104 219 258
104 227 265
104 227 292
104 258 368
104 265 368
105 172 293
105 186 220
105 186 369
105 226 293
105 226 331
105 331 369
106 175 285
106 285 354
106 303 338
106 338 354
107 176 216
107 216 371
107 242 333
107 333 371
108 153 201
108 177 294
108 273 294
109 178 280
109 195 280
109 200 223
110 179 283
110 192 238
110 192 372
110 283 372
111 180 295
111 295 341
112 166 267
112 181 212
112 212 373
112 267 373
113 114 214
113 114 280
113 159 250
113 159 280
113 213 250
114 144 251
114 144 280
114 226 251
115 227 309
116 182 217
116 182 225
116 228 310
117 182 217
117 195 278
117 195 332
117 217 332
117 229 311
117 278 311
118 230 312
118 312 342
119 156 207
119 156 266
119 184 287
119 207 313
119 231 313
119 266 287
120 135 288
120 140 155
120 140 314
120 155 256
120 232 314
120 256 288
121 215 315
122 175 202
122 175 233
122 216 327
123 137 201
123 196 281
123 253 281
124 197 282
124 282 320
125 167 262
125 167 359
125 198 283
125 283 359
126 193 243
126 199 232
126 232 360
126 243 360
127 173 284
127 204 246
127 215 240
127 215 284
127 240 374
127 246 374
128 157 174
128 157 333
128 205 323
128 318 323
129 182 285
129 285 348
129 307 336
129 307 348
130 171 207
130 171 369
130 183 286
130 213 286
130 213 301
130 301 369
131 184 228
131 228 361
131 270 305
131 305 361
132 209 312
132 312 321
133 175 233
133 178 289
133 178 297
133 210 324
133 233 297
133 289 324
134 139 220
134 139 236
134 176 287
134 211 325
134 220 325
134 236 287
135 138 150
135 138 235
135 150 326
135 212 326
135 235 288
136 156 291
136 200 276
136 203 291
137 199 234
137 201 276
138 150 185
138 185 225
138 200 225
139 154 277
139 186 220
139 186 277
140 155 169
140 237 342
140 314 377
140 342 377
141 238 351
141 247 282
141 258 291
141 282 351
142 179 364
142 239 340
142 340 378
142 364 378
143 197 240
143 197 290
143 255 260
143 260 290
144 241 352
144 251 281
144 259 280
144 281 352
145 172 255
145 172 362
145 242 353
145 255 260
145 353 355
145 355 362
146 193 243
146 193 358
146 304 305
146 304 358
147 168 234
147 168 361
147 188 244
147 188 299
147 234 261
147 299 361
148 245 335
148 303 338
148 303 379
148 335 379
149 246 277
149 261 295
149 262 343
149 295 343
150 263 321
150 321 376
150 326 376
151 198 364
151 264 318
151 318 375
151 364 375
152 180 265
152 180 279
152 249 275
152 249 279
153 181 257
153 201 276
154 223 276
154 224 277
155 169 202
155 202 223
156 171 207
156 171 291
157 166 267
157 166 370
157 333 337
157 337 370
158 164 268
158 164 330
158 194 257
158 194 371
158 247 257
158 330 371
159 248 280
159 250 294
159 269 344
159 294 344
160 183 275
160 183 365
160 249 275
160 270 345
160 345 346
160 346 365
161 271 302
161 302 379
161 307 336
161 336 379
162 274 323
162 275 323
163 198 350
163 213 243
163 213 250
163 272 350
164 170 268
164 259 289
164 259 374
164 330 374
165 189 285
165 189 380
165 251 354
165 274 323
165 285 354
165 323 380
166 260 290
166 260 341
166 341 370
167 215 235
167 215 348
167 307 348
167 307 359
168 304 305
168 305 361
169 252 355
169 339 355
170 205 211
170 211 367
170 268 367
171 254 356
171 356 369
172 293 362
173 229 230
173 229 316
173 284 316
174 209 210
174 210 317
174 292 317
175 285 363
176 184 201
176 184 287
176 216 327
177 222 331
177 222 343
177 256 288
177 288 331
177 294 344
177 343 344
178 259 280
178 259 289
179 191 349
179 199 349
179 283 364
180 257 350
180 265 350
180 279 343
180 295 343
181 198 350
181 212 326
181 257 350
182 285 363
183 286 365
184 228 310
185 272 346
185 319 346
186 274 347
186 347 369
187 188 244
187 218 231
187 231 366
187 244 366
188 248 278
188 248 368
188 299 368
189 250 348
189 254 308
189 285 348
189 308 380
190 254 308
190 255 308
191 226 251
191 226 267
191 252 349
192 227 256
192 227 354
192 338 354
192 338 372
193 249 279
193 249 320
193 320 358
194 333 337
194 333 371
195 248 278
195 248 280
196 208 301
196 208 351
196 235 288
196 281 352
196 288 301
196 351 352
197 234 349
197 240 349
197 282 351
197 290 351
198 283 364
199 232 314
199 234 349
200 223 276
203 219 258
203 258 291
204 224 246
204 249 376
204 298 321
204 321 376
205 206 325
205 211 325
205 275 323
206 272 299
206 272 352
206 325 352
207 300 318
207 313 375
207 318 375
208 209 324
208 324 351
209 210 324
209 230 312
210 294 317
210 294 378
210 302 378
211 295 367
211 295 377
211 303 377
212 300 328
212 300 373
212 304 328
213 243 306
213 301 306
214 242 333
214 242 379
214 270 305
214 270 379
215 235 315
215 240 348
216 239 263
216 239 371
216 263 306
217 273 296
217 273 358
217 320 332
217 320 358
218 221 313
218 231 313
218 255 308
219 260 377
219 328 342
219 342 377
220 325 378
220 329 340
220 340 378
221 252 330
221 252 344
221 313 344
222 230 311
222 311 343
224 246 277
226 267 334
226 331 334
227 256 309
227 265 354
228 237 264
228 237 334
228 264 361
229 230 311
229 281 316
229 281 375
229 335 375
231 282 366
231 282 376
231 336 376
232 298 329
232 298 337
232 329 360
233 253 322
233 253 370
233 297 341
233 341 370
236 284 286
236 284 316
236 287 339
237 247 334
237 264 380
237 312 342
237 312 380
238 324 339
238 324 351
238 339 357
239 263 380
239 308 340
239 308 380
239 309 371
240 317 348
240 349 374
241 273 325
241 273 358
241 325 352
242 326 336
242 326 353
242 336 379
243 245 306
243 245 360
244 284 286
244 284 297
244 286 296
244 297 366
246 300 318
246 300 374
247 282 366
247 334 366
248 298 321
248 298 368
249 320 376
250 294 317
250 317 348
251 281 316
251 316 354
252 279 344
252 279 355
252 330 349
253 269 313
253 269 370
253 281 375
253 313 375
254 278 345
254 278 356
258 329 340
258 329 368
259 328 342
259 328 374
260 341 377
261 263 306
261 295 367
261 306 367
262 311 319
262 311 343
262 319 357
263 312 321
263 312 380
264 315 361
264 318 323
264 323 380
265 316 354
265 350 368
266 287 319
266 292 293
266 292 317
267 271 334
267 271 373
268 292 293
268 292 332
268 293 322
268 332 367
269 313 344
270 303 314
270 303 379
270 314 345
272 290 346
272 290 352
272 299 350
273 294 378
273 325 378
274 289 347
274 289 353
278 311 345
279 343 344
282 320 376
283 347 356
283 347 359
283 356 372
286 296 365
287 319 357
287 339 357
288 301 369
288 331 369
289 324 353
290 351 352
293 322 362
295 341 377
298 310 337
298 329 368
299 350 368
299 361 362
300 328 374
300 363 373
301 306 367
302 335 364
302 335 379
302 364 378
303 314 377
304 327 328
304 327 372
304 358 372
309 346 365
309 365 371
310 337 359
310 347 359
311 319 345
315 355 362
315 361 362
319 345 346
324 339 353
326 336 376
327 356 372
329 360 363
330 349 374
330 365 371
331 334 366
335 364 375
337 359 370
339 353 355
347 356 369
357 360 373
360 363 373