1 2 3
1 2 4
1 3 5
1 4 7
1 5 8
1 7 12
1 8 14
1 12 20
1 14 20
2 3 6
2 4 10
2 6 11
2 10 22
2 11 19
2 19 32
2 22 32
3 5 9
3 6 13
3 9 17
3 13 23
3 17 30
3 23 30
4 7 16
4 10 18
4 16 34
4 18 31
4 31 48
4 34 48
5 8 15
5 9 21
5 15 28
5 21 35
5 28 46
5 35 46
6 11 26
6 13 24
6 24 43
6 26 50
6 43 67
6 50 67
7 12 27
7 16 29
7 27 51
7 29 47
7 47 71
7 51 71
8 14 25
8 15 33
8 25 44
8 33 52
8 44 68
8 52 68
9 17 40
9 21 36
9 36 61
9 40 73
9 61 97
9 73 97
10 18 36
10 22 37
10 36 74
10 37 62
10 62 98
10 74 98
11 19 41
11 26 33
11 33 69
11 41 75
11 69 105
11 75 105
12 20 42
12 27 45
12 42 76
12 45 70
12 70 106
12 76 106
13 23 38
13 24 29
13 29 77
13 38 63
13 63 99
13 77 99
14 20 39
14 25 49
14 39 64
14 49 78
14 64 100
14 78 100
15 26 33
15 26 89
15 28 57
15 57 108
15 89 141
15 108 141
16 24 29
16 24 109
16 34 53
16 53 90
16 90 142
16 109 142
17 30 58
17 40 49
17 49 101
17 58 110
17 101 150
17 110 150
18 21 36
18 21 102
18 31 59
18 59 111
18 102 151
18 111 151
19 32 60
19 41 65
19 60 112
19 65 103
19 103 152
19 112 152
20 39 72
20 42 66
20 66 104
20 72 115
20 104 115
21 35 54
21 54 91
21 91 143
21 102 143
22 32 55
22 37 45
22 45 113
22 55 92
22 92 144
22 113 144
23 30 56
23 38 65
23 56 93
23 65 114
23 93 145
23 114 145
24 43 84
24 84 154
24 109 165
24 154 165
25 40 49
25 40 132
25 44 85
25 85 155
25 132 203
25 155 203
26 50 79
26 79 133
26 89 176
26 133 176
27 37 45
27 37 156
27 51 80
27 80 134
27 134 204
27 156 204
28 46 86
28 57 72
28 72 146
28 86 157
28 146 211
28 157 211
29 47 87
29 77 119
29 87 158
29 119 158
30 56 107
30 58 94
30 94 147
30 107 163
30 147 163
31 48 88
31 59 95
31 88 159
31 95 148
31 148 212
31 159 212
32 55 95
32 60 96
32 95 162
32 96 149
32 149 162
33 52 81
33 69 129
33 81 135
33 129 135
34 48 82
34 53 66
34 66 160
34 82 136
34 136 205
34 160 205
35 46 83
35 54 94
35 83 137
35 94 161
35 137 206
35 161 206
36 61 124
36 74 117
36 117 191
36 124 191
37 62 125
37 125 214
37 156 209
37 209 214
38 41 65
38 41 188
38 63 126
38 126 215
38 188 210
38 210 215
39 57 72
39 57 189
39 64 80
39 80 216
39 189 274
39 216 274
40 73 116
40 116 190
40 132 224
40 190 224
41 75 118
41 118 192
41 188 225
41 192 225
42 53 66
42 53 217
42 76 85
42 85 193
42 193 275
42 217 275
43 67 127
43 84 107
43 107 207
43 127 218
43 207 282
43 218 282
44 68 128
44 76 85
44 76 208
44 128 219
44 208 283
44 219 283
45 70 130
45 113 167
45 130 220
45 167 220
46 83 153
46 86 138
46 138 209
46 153 225
46 209 225
47 71 131
47 87 139
47 131 221
47 139 164
47 164 284
47 221 284
48 82 139
48 88 140
48 139 224
48 140 210
48 210 224
49 78 120
49 101 183
49 120 194
49 183 194
50 67 121
50 79 96
50 96 222
50 121 195
50 195 276
50 222 276
51 64 80
51 64 223
51 71 122
51 122 196
51 196 277
51 223 277
52 68 123
52 81 138
52 123 197
52 138 177
52 177 278
52 197 278
53 90 177
53 147 217
53 147 286
53 177 286
54 58 94
54 58 252
54 91 178
54 149 252
54 149 287
54 178 287
55 59 95
55 59 253
55 92 118
55 118 288
55 253 281
55 281 288
56 84 107
56 84 254
56 93 116
56 116 289
56 254 336
56 289 336
57 108 164
57 162 189
57 162 255
57 164 255
58 110 126
58 126 256
58 252 300
58 256 300
59 111 166
59 163 253
59 163 257
59 166 257
60 79 96
60 79 290
60 112 125
60 125 258
60 258 337
60 290 337
61 97 179
61 124 153
61 153 226
61 179 291
61 226 341
61 291 341
62 98 180
62 112 125
62 112 279
62 180 292
62 279 342
62 292 342
63 99 181
63 110 126
63 110 280
63 181 293
63 280 343
63 293 343
64 100 182
64 182 294
64 223 304
64 294 304
65 103 184
65 114 168
65 168 259
65 184 259
66 104 185
66 160 228
66 185 295
66 228 295
67 121 200
67 127 198
67 198 203
67 200 204
67 203 204
68 123 213
68 128 199
68 165 199
68 165 300
68 213 300
69 105 186
69 129 200
69 166 200
69 166 344
69 186 296
69 296 344
70 106 187
70 116 201
70 116 289
70 130 201
70 187 297
70 289 297
71 122 201
71 131 202
71 176 201
71 176 281
71 202 281
72 115 169
72 146 247
72 169 260
72 247 260
73 93 116
73 93 298
73 97 170
73 170 261
73 261 338
73 298 338
74 98 171
74 117 140
74 140 240
74 171 262
74 240 339
74 262 339
75 92 118
75 92 299
75 105 172
75 172 263
75 263 340
75 299 340
76 106 173
76 173 264
76 208 319
76 264 319
77 99 174
77 119 198
77 174 265
77 178 198
77 178 325
77 265 325
78 100 175
78 120 199
78 125 199
78 125 258
78 175 266
78 258 266
79 104 272
79 104 290
79 133 240
79 240 272
80 103 216
80 103 271
80 134 161
80 161 271
81 86 138
81 86 322
81 135 241
81 145 257
81 145 322
81 241 257
82 87 139
82 87 323
82 136 166
82 166 344
82 323 324
82 324 344
83 124 153
83 124 324
83 137 164
83 164 284
83 284 364
83 324 364
84 115 254
84 115 269
84 154 226
84 226 269
85 114 193
85 114 268
85 148 155
85 148 268
86 157 178
86 178 325
86 322 347
86 325 347
87 152 287
87 152 323
87 158 227
87 227 287
88 117 140
88 117 347
88 159 177
88 177 278
88 278 362
88 347 362
89 141 242
89 176 213
89 213 301
89 242 311
89 301 372
89 311 372
90 142 243
90 159 177
90 159 229
90 229 338
90 243 348
90 338 348
91 143 244
91 157 178
91 157 303
91 244 331
91 303 340
91 331 340
92 144 245
92 245 349
92 299 353
92 349 353
93 145 246
93 246 350
93 298 352
93 350 352
94 147 248
94 161 229
94 229 326
94 248 326
95 148 249
95 162 230
95 230 327
95 249 327
96 149 250
96 222 303
96 250 351
96 303 351
97 142 270
97 142 274
97 170 270
97 179 251
97 251 274
98 141 267
98 141 275
98 171 237
98 180 267
98 237 275
99 151 268
99 151 337
99 174 233
99 181 268
99 233 337
100 117 269
100 117 347
100 175 285
100 182 269
100 285 347
101 118 270
101 118 288
101 150 238
101 183 270
101 238 333
101 288 333
102 143 237
102 151 251
102 227 237
102 227 366
102 241 251
102 241 366
103 152 175
103 175 266
103 184 271
103 216 266
104 115 239
104 185 272
104 239 346
104 290 346
105 143 271
105 143 336
105 172 271
105 186 242
105 242 336
106 124 272
106 124 324
106 173 272
106 187 273
106 273 324
107 163 231
107 207 318
107 231 328
107 318 328
108 137 164
108 137 249
108 141 232
108 232 329
108 249 342
108 329 342
109 142 233
109 165 202
109 202 313
109 233 302
109 302 371
109 313 371
110 150 234
110 234 330
110 280 360
110 330 360
111 136 166
111 136 318
111 151 235
111 235 331
111 318 343
111 331 343
112 152 236
112 236 332
112 279 359
112 332 359
113 126 256
113 126 267
113 144 238
113 167 267
113 238 333
113 256 333
114 145 187
114 168 268
114 187 297
114 193 297
115 169 269
115 239 334
115 254 334
116 190 222
116 201 222
117 191 313
117 269 313
118 160 192
118 160 270
119 127 198
119 127 362
119 144 255
119 144 362
119 158 311
119 255 311
120 128 199
120 128 363
120 192 206
120 192 296
120 194 296
120 206 363
121 129 200
121 129 364
121 195 226
121 226 341
121 323 341
121 323 364
122 130 201
122 130 365
122 196 227
122 227 366
122 254 365
122 254 366
123 148 197
123 148 212
123 176 213
123 176 281
123 212 370
123 281 370
124 191 301
124 272 301
125 199 207
125 207 214
126 146 215
126 146 267
127 218 240
127 240 339
127 322 339
127 322 362
128 219 241
128 241 366
128 290 363
128 290 366
129 135 302
129 150 286
129 150 364
129 286 302
130 212 215
130 212 365
130 215 265
130 220 265
131 161 206
131 161 221
131 165 202
131 165 300
131 206 373
131 300 373
132 203 314
132 224 285
132 235 314
132 235 378
132 285 315
132 315 378
133 176 315
133 218 228
133 218 240
133 228 277
133 277 329
133 315 329
134 161 221
134 168 221
134 168 276
134 204 316
134 276 310
134 310 316
135 219 241
135 219 352
135 263 302
135 263 360
135 352 360
136 205 317
136 317 374
136 318 328
136 328 374
137 206 312
137 249 327
137 312 368
137 327 368
138 177 279
138 209 320
138 279 359
138 320 359
139 164 298
139 224 305
139 298 352
139 305 352
140 210 321
140 240 280
140 280 360
140 321 360
141 186 242
141 186 275
141 232 267
142 174 233
142 174 274
142 243 270
143 171 237
143 171 336
143 244 271
144 238 309
144 245 255
144 309 362
145 187 345
145 246 257
145 322 345
146 174 211
146 174 265
146 215 265
146 247 267
147 163 239
147 217 334
147 239 334
147 248 286
148 155 197
148 249 268
149 162 239
149 239 369
149 250 287
149 252 369
150 234 286
150 238 314
150 314 364
151 179 251
151 179 337
151 235 268
152 175 335
152 236 287
152 323 335
153 225 306
153 226 299
153 299 353
153 306 353
154 165 307
154 195 226
154 195 247
154 247 283
154 283 348
154 307 348
155 184 197
155 184 282
155 203 308
155 282 317
155 308 317
156 204 309
156 209 273
156 244 309
156 244 378
156 273 307
156 307 378
157 211 310
157 303 351
157 310 367
157 351 367
158 196 227
158 196 359
158 293 311
158 293 353
158 353 359
159 212 312
159 229 326
159 312 368
159 326 368
160 186 205
160 186 296
160 192 296
160 228 270
161 229 271
162 189 346
162 230 255
162 239 346
163 231 257
163 239 369
163 253 369
164 255 298
165 199 307
166 200 223
166 223 257
167 180 267
167 180 373
167 190 205
167 190 291
167 205 373
167 220 291
168 181 268
168 181 356
168 221 259
168 276 356
169 182 269
169 182 376
169 256 278
169 256 333
169 260 333
169 278 376
170 183 270
170 183 370
170 253 370
170 253 372
170 261 301
170 301 372
171 207 262
171 207 282
171 282 365
171 336 365
172 184 271
172 184 357
172 189 357
172 189 371
172 263 302
172 302 371
173 185 272
173 185 375
173 258 325
173 258 375
173 264 265
173 265 325
174 211 357
174 274 357
175 210 224
175 210 335
175 224 285
176 201 315
177 279 286
178 198 208
178 208 287
179 222 276
179 222 291
179 276 363
179 337 363
180 252 371
180 252 373
180 292 313
180 313 371
181 217 356
181 217 372
181 293 311
181 311 372
182 289 344
182 289 376
182 294 296
182 296 344
183 194 262
183 211 214
183 211 370
183 214 262
184 197 259
184 282 357
185 284 288
185 284 375
185 288 333
185 295 333
186 205 356
186 275 356
187 209 225
187 209 273
187 225 345
188 210 335
188 225 345
188 232 335
188 232 378
188 243 345
188 243 378
189 274 357
189 305 346
189 305 371
190 205 317
190 222 291
190 224 305
190 305 317
191 261 301
191 261 319
191 292 304
191 292 313
191 304 319
192 206 312
192 225 306
192 306 312
193 230 297
193 230 339
193 234 339
193 234 358
193 275 358
194 262 330
194 294 296
194 294 327
194 327 351
194 330 351
195 247 260
195 260 367
195 276 310
195 310 367
196 277 329
196 329 379
196 332 359
196 332 379
197 236 278
197 236 332
197 259 332
198 203 308
198 208 319
198 308 319
199 207 318
199 307 318
200 204 316
200 223 304
200 304 316
201 222 303
201 303 315
202 281 361
202 299 313
202 299 340
202 340 361
203 204 238
203 238 314
204 238 309
205 356 373
206 363 373
207 214 262
208 227 237
208 227 287
208 237 283
209 214 320
210 215 321
211 214 310
211 357 370
212 215 312
212 365 370
213 280 301
213 280 343
213 300 354
213 343 354
214 310 320
215 312 321
216 245 341
216 245 355
216 248 266
216 248 341
216 274 355
217 275 356
217 320 334
217 320 372
218 228 295
218 282 317
218 295 374
218 317 374
219 283 348
219 348 377
219 350 352
219 350 377
220 264 265
220 264 326
220 291 349
220 326 328
220 328 349
221 246 284
221 246 350
221 259 350
223 241 251
223 241 257
223 251 277
226 269 299
228 243 270
228 243 345
228 277 345
229 244 271
229 244 309
229 309 338
230 245 255
230 245 355
230 297 327
230 339 355
231 246 257
231 246 361
231 258 266
231 258 325
231 266 328
231 325 361
232 247 267
232 247 335
232 315 329
232 315 378
233 279 302
233 279 342
233 337 375
233 342 375
234 248 286
234 248 358
234 262 330
234 262 339
235 244 331
235 244 378
235 249 268
235 249 314
236 250 287
236 250 354
236 256 278
236 256 354
237 275 358
237 283 358
240 272 280
242 298 311
242 298 338
242 336 376
242 338 376
243 307 348
243 307 378
245 291 341
245 291 349
246 284 288
246 288 361
247 283 335
248 266 326
248 341 358
249 314 342
250 289 297
250 289 344
250 297 351
250 344 354
251 274 355
251 277 355
252 300 373
252 308 369
252 308 371
253 281 370
253 316 369
253 316 372
254 306 334
254 306 366
254 336 365
255 298 311
256 300 354
258 337 375
259 260 295
259 260 350
259 295 332
260 295 333
260 350 367
261 264 319
261 264 377
261 338 348
261 348 377
263 330 360
263 330 380
263 331 340
263 331 380
264 326 368
264 368 377
266 326 328
269 299 313
272 280 301
273 307 318
273 318 343
273 324 354
273 343 354
276 356 363
277 345 355
278 362 376
279 286 302
281 288 361
282 357 365
283 335 358
284 364 375
285 303 315
285 303 340
285 340 361
285 347 361
289 336 376
290 321 346
290 321 366
290 337 363
292 294 304
292 294 379
292 329 342
292 329 379
293 331 343
293 331 380
293 349 353
293 349 380
294 327 368
294 368 379
295 332 374
297 327 351
304 316 369
304 319 369
305 308 317
305 308 371
305 346 352
306 312 321
306 321 366
306 334 353
308 319 369
309 338 376
309 362 376
310 316 320
314 342 375
314 364 375
316 320 372
320 334 359
321 346 360
322 339 355
322 345 355
322 347 362
323 324 364
323 335 358
323 341 358
324 344 354
325 347 361
328 349 374
330 351 367
330 367 380
332 374 379
334 353 359
346 352 360
349 374 380
350 367 377
356 363 373
357 365 370
367 377 380
368 377 379
374 379 380
377 379 380