1 85 97
1 85 188
1 86 99
1 86 187
1 97 127
1 99 125
1 125 136
1 127 135
1 135 154
1 136 153
1 153 188
1 154 187
2 85 98
2 85 186
2 86 100
2 86 185
2 98 127
2 100 125
2 125 134
2 127 133
2 133 154
2 134 153
2 153 186
2 154 185
3 87 97
3 87 188
3 88 99
3 88 187
3 97 128
3 99 126
3 126 136
3 128 135
3 135 156
3 136 155
3 155 188
3 156 187
4 87 98
4 87 186
4 88 100
4 88 185
4 98 128
4 100 126
4 126 134
4 128 133
4 133 156
4 134 155
4 155 186
4 156 185
5 95 107
5 95 189
5 96 105
5 96 190
5 105 129
5 107 131
5 129 138
5 131 137
5 137 152
5 138 151
5 151 189
5 152 190
6 95 108
6 95 191
6 96 106
6 96 192
6 106 129
6 108 131
6 129 140
6 131 139
6 139 152
6 140 151
6 151 191
6 152 192
7 93 107
7 93 189
7 94 105
7 94 190
7 105 130
7 107 132
7 130 138
7 132 137
7 137 150
7 138 149
7 149 189
7 150 190
8 93 108
8 93 191
8 94 106
8 94 192
8 106 130
8 108 132
8 130 140
8 132 139
8 139 150
8 140 149
8 149 191
8 150 192
9 91 101
9 91 182
9 92 103
9 92 181
9 101 121
9 103 123
9 121 144
9 123 143
9 143 145
9 144 146
9 145 182
9 146 181
10 91 102
10 91 184
10 92 104
10 92 183
10 102 121
10 104 123
10 121 142
10 123 141
10 141 145
10 142 146
10 145 184
10 146 183
11 89 101
11 89 182
11 90 103
11 90 181
11 101 122
11 103 124
11 122 144
11 124 143
11 143 147
11 144 148
11 147 182
11 148 181
12 89 102
12 89 184
12 90 104
12 90 183
12 102 122
12 104 124
12 122 142
12 124 141
12 141 147
12 142 148
12 147 184
12 148 183
13 31 116
13 31 183
13 32 115
13 32 181
13 37 58
13 37 127
13 39 57
13 39 128
13 57 183
13 58 181
13 115 128
13 116 127
14 31 114
14 31 184
14 32 113
14 32 182
14 38 58
14 38 127
14 40 57
14 40 128
14 57 184
14 58 182
14 113 128
14 114 127
15 29 116
15 29 183
15 30 115
15 30 181
15 37 60
15 37 125
15 39 59
15 39 126
15 59 183
15 60 181
15 115 126
15 116 125
16 29 114
16 29 184
16 30 113
16 30 182
16 38 60
16 38 125
16 40 59
16 40 126
16 59 184
16 60 182
16 113 126
16 114 125
17 25 118
17 25 191
17 26 117
17 26 189
17 46 55
17 46 122
17 48 56
17 48 121
17 55 189
17 56 191
17 117 121
17 118 122
18 25 120
18 25 192
18 26 119
18 26 190
18 45 55
18 45 122
18 47 56
18 47 121
18 55 190
18 56 192
18 119 121
18 120 122
19 27 118
19 27 191
19 28 117
19 28 189
19 46 53
19 46 124
19 48 54
19 48 123
19 53 189
19 54 191
19 117 123
19 118 124
20 27 120
20 27 192
20 28 119
20 28 190
20 45 53
20 45 124
20 47 54
20 47 123
20 53 190
20 54 192
20 119 123
20 120 124
21 33 110
21 33 187
21 34 109
21 34 185
21 42 49
21 42 131
21 44 50
21 44 132
21 49 187
21 50 185
21 109 131
21 110 132
22 33 112
22 33 188
22 34 111
22 34 186
22 41 49
22 41 131
22 43 50
22 43 132
22 49 188
22 50 186
22 111 131
22 112 132
23 35 110
23 35 187
23 36 109
23 36 185
23 42 51
23 42 129
23 44 52
23 44 130
23 51 187
23 52 185
23 109 129
23 110 130
24 35 112
24 35 188
24 36 111
24 36 186
24 41 51
24 41 129
24 43 52
24 43 130
24 51 188
24 52 186
24 111 129
24 112 130
25 83 149
25 83 159
25 84 150
25 84 157
25 118 157
25 120 159
25 149 191
25 150 192
26 81 149
26 81 159
26 82 150
26 82 157
26 117 157
26 119 159
26 149 189
26 150 190
27 83 151
27 83 160
27 84 152
27 84 158
27 118 158
27 120 160
27 151 191
27 152 192
28 81 151
28 81 160
28 82 152
28 82 158
28 117 158
28 119 160
28 151 189
28 152 190
29 73 147
29 73 161
29 74 148
29 74 163
29 114 163
29 116 161
29 147 184
29 148 183
30 75 147
30 75 161
30 76 148
30 76 163
30 113 163
30 115 161
30 147 182
30 148 181
31 73 145
31 73 162
31 74 146
31 74 164
31 114 164
31 116 162
31 145 184
31 146 183
32 75 145
32 75 162
32 76 146
32 76 164
32 113 164
32 115 162
32 145 182
32 146 181
33 79 155
33 79 166
33 80 156
33 80 168
33 110 166
33 112 168
33 155 188
33 156 187
34 77 155
34 77 166
34 78 156
34 78 168
34 109 166
34 111 168
34 155 186
34 156 185
35 79 153
35 79 165
35 80 154
35 80 167
35 110 165
35 112 167
35 153 188
35 154 187
36 77 153
36 77 165
36 78 154
36 78 167
36 109 165
36 111 167
36 153 186
36 154 185
37 58 169
37 60 171
37 81 98
37 81 171
37 83 100
37 83 169
37 98 127
37 100 125
38 58 170
38 60 172
38 81 97
38 81 172
38 83 99
38 83 170
38 97 127
38 99 125
39 57 169
39 59 171
39 82 98
39 82 171
39 84 100
39 84 169
39 98 128
39 100 126
40 57 170
40 59 172
40 82 97
40 82 172
40 84 99
40 84 170
40 97 128
40 99 126
41 49 179
41 51 177
41 73 105
41 73 179
41 75 107
41 75 177
41 105 129
41 107 131
42 49 180
42 51 178
42 73 106
42 73 180
42 75 108
42 75 178
42 106 129
42 108 131
43 50 179
43 52 177
43 74 105
43 74 179
43 76 107
43 76 177
43 105 130
43 107 132
44 50 180
44 52 178
44 74 106
44 74 180
44 76 108
44 76 178
44 106 130
44 108 132
45 53 174
45 55 176
45 77 104
45 77 176
45 79 102
45 79 174
45 102 122
45 104 124
46 53 173
46 55 175
46 77 103
46 77 175
46 79 101
46 79 173
46 101 122
46 103 124
47 54 174
47 56 176
47 78 104
47 78 176
47 80 102
47 80 174
47 102 121
47 104 123
48 54 173
48 56 175
48 78 103
48 78 175
48 80 101
48 80 173
48 101 121
48 103 123
49 67 85
49 67 180
49 68 86
49 68 179
49 85 188
49 86 187
50 65 85
50 65 180
50 66 86
50 66 179
50 85 186
50 86 185
51 67 87
51 67 178
51 68 88
51 68 177
51 87 188
51 88 187
52 65 87
52 65 178
52 66 88
52 66 177
52 87 186
52 88 185
53 69 93
53 69 174
53 70 94
53 70 173
53 93 189
53 94 190
54 71 93
54 71 174
54 72 94
54 72 173
54 93 191
54 94 192
55 69 95
55 69 176
55 70 96
55 70 175
55 95 189
55 96 190
56 71 95
56 71 176
56 72 96
56 72 175
56 95 191
56 96 192
57 61 89
57 61 169
57 62 90
57 62 170
57 89 184
57 90 183
58 63 89
58 63 169
58 64 90
58 64 170
58 89 182
58 90 181
59 61 91
59 61 171
59 62 92
59 62 172
59 91 184
59 92 183
60 63 91
60 63 171
60 64 92
60 64 172
60 91 182
60 92 181
61 89 168
61 91 166
61 109 138
61 109 166
61 111 140
61 111 168
61 138 169
61 140 171
62 90 168
62 92 166
62 110 138
62 110 166
62 112 140
62 112 168
62 138 170
62 140 172
63 89 167
63 91 165
63 109 137
63 109 165
63 111 139
63 111 167
63 137 169
63 139 171
64 90 167
64 92 165
64 110 137
64 110 165
64 112 139
64 112 167
64 137 170
64 139 172
65 85 157
65 87 159
65 118 141
65 118 157
65 120 143
65 120 159
65 141 178
65 143 180
66 86 157
66 88 159
66 117 141
66 117 157
66 119 143
66 119 159
66 141 177
66 143 179
67 85 158
67 87 160
67 118 142
67 118 158
67 120 144
67 120 160
67 142 178
67 144 180
68 86 158
68 88 160
68 117 142
68 117 158
68 119 144
68 119 160
68 142 177
68 144 179
69 93 161
69 95 163
69 114 133
69 114 163
69 116 135
69 116 161
69 133 174
69 135 176
70 94 161
70 96 163
70 113 133
70 113 163
70 115 135
70 115 161
70 133 173
70 135 175
71 93 162
71 95 164
71 114 134
71 114 164
71 116 136
71 116 162
71 134 174
71 136 176
72 94 162
72 96 164
72 113 134
72 113 164
72 115 136
72 115 162
72 134 173
72 136 175
73 105 162
73 106 161
73 145 180
73 147 179
74 105 164
74 106 163
74 146 180
74 148 179
75 107 162
75 108 161
75 145 178
75 147 177
76 107 164
76 108 163
76 146 178
76 148 177
77 103 166
77 104 165
77 153 175
77 155 176
78 103 168
78 104 167
78 154 175
78 156 176
79 101 166
79 102 165
79 153 173
79 155 174
80 101 168
80 102 167
80 154 173
80 156 174
81 97 159
81 98 160
81 149 171
81 151 172
82 97 157
82 98 158
82 150 171
82 152 172
83 99 159
83 100 160
83 149 169
83 151 170
84 99 157
84 100 158
84 150 169
84 152 170
85 97 157
85 98 158
86 99 157
86 100 158
87 97 159
87 98 160
88 99 159
88 100 160
89 101 168
89 102 167
90 103 168
90 104 167
91 101 166
91 102 165
92 103 166
92 104 165
93 107 162
93 108 161
94 105 162
94 106 161
95 107 164
95 108 163
96 105 164
96 106 163
109 129 138
109 131 137
110 130 138
110 132 137
111 129 140
111 131 139
112 130 140
112 132 139
113 126 134
113 128 133
114 125 134
114 127 133
115 126 136
115 128 135
116 125 136
116 127 135
117 121 142
117 123 141
118 122 142
118 124 141
119 121 144
119 123 143
120 122 144
120 124 143
133 154 173
133 156 174
134 153 173
134 155 174
135 154 175
135 156 176
136 153 175
136 155 176
137 150 169
137 152 170
138 149 169
138 151 170
139 150 171
139 152 172
140 149 171
140 151 172
141 145 178
141 147 177
142 146 178
142 148 177
143 145 180
143 147 179
144 146 180
144 148 179